HEADER
PREMIX_CHI 0.0000
C  0.697616
NUMOFSPECIES  13
GRIDPOINTS 160
PRESSURE 101325.00
BODY
MIXTURE_FRACTION
1.000000000e+00 9.999999990e-01 1.000000000e+00 9.999999990e-01 1.000000000e+00 
9.999999990e-01 1.000000000e+00 9.999999990e-01 1.000000000e+00 9.999999990e-01 
1.000000000e+00 9.999999990e-01 1.000000000e+00 9.999999990e-01 1.000000000e+00 
9.999999990e-01 1.000000000e+00 9.999999990e-01 1.000000000e+00 9.999999990e-01 
1.000000000e+00 9.999999990e-01 1.000000000e+00 9.999999990e-01 1.000000000e+00 
9.999999990e-01 1.000000000e+00 9.999999990e-01 1.000000000e+00 1.000000000e+00 
1.000000000e+00 1.000000000e+00 1.000000000e+00 1.000000000e+00 9.999999999e-01 
9.999999987e-01 9.999999885e-01 9.999999058e-01 9.999992795e-01 9.999948597e-01 
9.999660493e-01 9.997943402e-01 9.988735346e-01 9.945597841e-01 9.778470796e-01 
9.285068531e-01 8.258577146e-01 6.795983683e-01 5.299177473e-01 4.072587262e-01 
3.170006576e-01 2.520640448e-01 2.040607678e-01 1.669675838e-01 1.367716535e-01 
1.110841999e-01 8.877773843e-02 6.948707150e-02 5.311821334e-02 3.956542944e-02 
2.863221850e-02 2.005432045e-02 1.353854942e-02 8.775624639e-03 5.432212680e-03 
3.157270300e-03 1.639436719e-03 6.968993086e-04 2.401735897e-04 7.879320545e-05 
2.718585129e-05 9.751016463e-06 3.499359990e-06 1.223263213e-06 4.112402516e-07 
1.323599589e-07 4.075806889e-08 1.201875276e-08 3.398843126e-09 9.232735920e-10 
2.412982765e-10 6.076734318e-11 1.476760199e-11 3.467913172e-12 7.879614137e-13 
1.734394513e-13 3.702499846e-14 7.673918769e-15 1.545824248e-15 3.029330274e-16 
5.780673423e-17 1.075072612e-17 1.950244287e-18 3.453661635e-19 5.975062445e-20 
1.010636744e-20 1.672409164e-21 2.709426327e-22 4.300119968e-23 6.689945550e-24 
1.020854286e-24 1.528815678e-25 2.248220926e-26 3.248249816e-27 4.613312122e-28 
6.443894340e-29 8.856630468e-30 1.198337569e-30 1.596909620e-31 2.096844927e-32 
2.714101295e-33 3.464523015e-34 4.363124757e-35 5.423294691e-36 6.655957038e-37 
8.068742423e-38 9.665219148e-39 1.144423914e-39 1.339944858e-40 1.551900504e-41 
1.778553123e-42 2.017632077e-43 2.266379512e-44 2.521619498e-45 2.779847376e-46 
3.037334877e-47 3.290245616e-48 3.534755088e-49 3.767169161e-50 3.984035419e-51 
4.182242350e-52 4.359102322e-53 4.512415462e-54 4.640512732e-55 4.742277751e-56 
4.817148036e-57 4.865097292e-58 4.886601189e-59 4.882589574e-60 4.854388401e-61 
4.803654763e-62 4.732308276e-63 4.642461845e-64 4.536354443e-65 4.416288073e-66 
4.284570609e-67 4.143465696e-68 3.995150424e-69 3.841681064e-70 3.684966777e-71 
3.526750935e-72 3.368599418e-73 3.211895033e-74 3.057836130e-75 2.907427812e-76 
2.761357976e-77 2.618688321e-78 2.463669615e-79 2.133781151e-80 0.000000000e+00 
PROGRESS VARIABLE
2.891424503e-21 2.891069304e-21 2.890718290e-21 2.890371063e-21 2.890027239e-21 
2.889686450e-21 2.889348338e-21 2.889012555e-21 2.888678778e-21 2.888346806e-21 
2.888017354e-21 2.887698172e-21 2.887450646e-21 2.887740501e-21 2.892044100e-21 
2.925951622e-21 3.175113598e-21 4.965477422e-21 1.760936727e-20 1.053408950e-19 
7.027741599e-19 4.690659264e-18 3.074915289e-17 1.972127981e-16 1.235308157e-15 
7.545737196e-15 4.488013219e-14 2.595042339e-13 1.456301433e-12 7.918053729e-12 
4.163479002e-11 2.113245027e-10 1.033426272e-09 4.860402390e-09 2.195384517e-08 
9.518237790e-08 3.966254063e-07 1.596257523e-06 6.272273221e-06 2.450981270e-05 
9.743624190e-05 3.997333509e-04 1.672379643e-03 6.810955547e-03 2.500325468e-02 
7.552828623e-02 1.754945421e-01 3.116695119e-01 4.455758172e-01 5.509557316e-01 
6.238937001e-01 6.699046425e-01 6.940156476e-01 6.976157881e-01 0.000000000e+00 
0.000000000e+00 0.000000000e+00 0.000000000e+00 0.000000000e+00 0.000000000e+00 
0.000000000e+00 0.000000000e+00 0.000000000e+00 0.000000000e+00 0.000000000e+00 
0.000000000e+00 0.000000000e+00 0.000000000e+00 0.000000000e+00 0.000000000e+00 
0.000000000e+00 0.000000000e+00 0.000000000e+00 0.000000000e+00 0.000000000e+00 
0.000000000e+00 0.000000000e+00 0.000000000e+00 0.000000000e+00 0.000000000e+00 
0.000000000e+00 0.000000000e+00 0.000000000e+00 0.000000000e+00 0.000000000e+00 
0.000000000e+00 0.000000000e+00 0.000000000e+00 0.000000000e+00 0.000000000e+00 
0.000000000e+00 0.000000000e+00 0.000000000e+00 0.000000000e+00 0.000000000e+00 
0.000000000e+00 0.000000000e+00 0.000000000e+00 0.000000000e+00 0.000000000e+00 
0.000000000e+00 0.000000000e+00 0.000000000e+00 0.000000000e+00 0.000000000e+00 
0.000000000e+00 0.000000000e+00 0.000000000e+00 0.000000000e+00 0.000000000e+00 
0.000000000e+00 0.000000000e+00 0.000000000e+00 0.000000000e+00 0.000000000e+00 
0.000000000e+00 0.000000000e+00 0.000000000e+00 0.000000000e+00 0.000000000e+00 
0.000000000e+00 0.000000000e+00 0.000000000e+00 0.000000000e+00 0.000000000e+00 
0.000000000e+00 0.000000000e+00 0.000000000e+00 0.000000000e+00 0.000000000e+00 
0.000000000e+00 0.000000000e+00 0.000000000e+00 0.000000000e+00 0.000000000e+00 
0.000000000e+00 0.000000000e+00 0.000000000e+00 0.000000000e+00 0.000000000e+00 
0.000000000e+00 0.000000000e+00 0.000000000e+00 0.000000000e+00 0.000000000e+00 
0.000000000e+00 0.000000000e+00 0.000000000e+00 0.000000000e+00 0.000000000e+00 
0.000000000e+00 0.000000000e+00 0.000000000e+00 0.000000000e+00 0.000000000e+00 
0.000000000e+00 0.000000000e+00 0.000000000e+00 0.000000000e+00 0.000000000e+00 
TEMPERATURE
3.000000000e+02 3.000000000e+02 3.000000000e+02 3.000000000e+02 3.000000000e+02 
3.000000000e+02 3.000000000e+02 3.000000000e+02 3.000000000e+02 3.000000000e+02 
3.000000000e+02 3.000000000e+02 3.000000000e+02 3.000000000e+02 3.000000000e+02 
3.000000000e+02 3.000000000e+02 3.000000000e+02 3.000000000e+02 3.000000000e+02 
3.000000000e+02 3.000000000e+02 3.000000000e+02 3.000000000e+02 3.000000000e+02 
3.000000000e+02 3.000000000e+02 3.000000000e+02 3.000000000e+02 3.000000000e+02 
3.000000000e+02 3.000000001e+02 3.000000008e+02 3.000000050e+02 3.000000289e+02 
3.000001581e+02 3.000008205e+02 3.000040300e+02 3.000186599e+02 3.000810842e+02 
3.003289090e+02 3.012369704e+02 3.042699846e+02 3.133067006e+02 3.364479578e+02 
3.849869986e+02 4.662125365e+02 5.779495414e+02 7.128908733e+02 8.636865209e+02 
1.023421615e+03 1.185578552e+03 1.341678638e+03 1.483269785e+03 1.602000046e+03 
1.690562414e+03 1.743894751e+03 1.759671402e+03 1.737710181e+03 1.679052037e+03 
1.585643785e+03 1.460693742e+03 1.309041619e+03 1.136921151e+03 9.515585750e+02 
7.617427684e+02 5.782422728e+02 4.233535486e+02 3.356188751e+02 3.075381834e+02 
3.013488565e+02 3.002166052e+02 3.000318677e+02 3.000043368e+02 3.000005494e+02 
3.000000651e+02 3.000000073e+02 3.000000008e+02 3.000000001e+02 3.000000000e+02 
3.000000000e+02 3.000000000e+02 3.000000000e+02 3.000000000e+02 3.000000000e+02 
3.000000000e+02 3.000000000e+02 3.000000000e+02 3.000000000e+02 3.000000000e+02 
3.000000000e+02 3.000000000e+02 3.000000000e+02 3.000000000e+02 3.000000000e+02 
3.000000000e+02 3.000000000e+02 3.000000000e+02 3.000000000e+02 3.000000000e+02 
3.000000000e+02 3.000000000e+02 3.000000000e+02 3.000000000e+02 3.000000000e+02 
3.000000000e+02 3.000000000e+02 3.000000000e+02 3.000000000e+02 3.000000000e+02 
3.000000000e+02 3.000000000e+02 3.000000000e+02 3.000000000e+02 3.000000000e+02 
3.000000000e+02 3.000000000e+02 3.000000000e+02 3.000000000e+02 3.000000000e+02 
3.000000000e+02 3.000000000e+02 3.000000000e+02 3.000000000e+02 3.000000000e+02 
3.000000000e+02 3.000000000e+02 3.000000000e+02 3.000000000e+02 3.000000000e+02 
3.000000000e+02 3.000000000e+02 3.000000000e+02 3.000000000e+02 3.000000000e+02 
3.000000000e+02 3.000000000e+02 3.000000000e+02 3.000000000e+02 3.000000000e+02 
3.000000000e+02 3.000000000e+02 3.000000000e+02 3.000000000e+02 3.000000000e+02 
3.000000000e+02 3.000000000e+02 3.000000000e+02 3.000000000e+02 3.000000000e+02 
3.000000000e+02 3.000000000e+02 3.000000000e+02 3.000000000e+02 3.000000000e+02 
3.000000000e+02 3.000000000e+02 3.000000000e+02 3.000000000e+02 3.000000000e+02 
Cp
1.432478610e+04 1.432478610e+04 1.432478610e+04 1.432478610e+04 1.432478610e+04 
1.432478610e+04 1.432478610e+04 1.432478610e+04 1.432478610e+04 1.432478610e+04 
1.432478610e+04 1.432478610e+04 1.432478610e+04 1.432478610e+04 1.432478610e+04 
1.432478610e+04 1.432478610e+04 1.432478610e+04 1.432478610e+04 1.432478610e+04 
1.432478610e+04 1.432478610e+04 1.432478610e+04 1.432478610e+04 1.432478610e+04 
1.432478610e+04 1.432478610e+04 1.432478610e+04 1.432478610e+04 1.432478610e+04 
1.432478611e+04 1.432478611e+04 1.432478611e+04 1.432478614e+04 1.432478628e+04 
1.432478691e+04 1.432478957e+04 1.432480015e+04 1.432483829e+04 1.432495481e+04 
1.432519235e+04 1.432494354e+04 1.431872728e+04 1.427677073e+04 1.408534444e+04 
1.346850178e+04 1.211897982e+04 1.014599917e+04 8.121475307e+03 6.504983086e+03 
5.383339833e+03 4.599192374e+03 4.013459107e+03 3.549581826e+03 3.156828072e+03 
2.806649147e+03 2.488598942e+03 2.203002544e+03 1.953086362e+03 1.740470994e+03 
1.564191743e+03 1.421427616e+03 1.308373611e+03 1.220573502e+03 1.152009758e+03 
1.081826372e+03 1.012853876e+03 9.580966495e+02 9.289590964e+02 9.196096527e+02 
9.173451891e+02 9.168241897e+02 9.166935071e+02 9.166560030e+02 9.166441537e+02 
9.166402913e+02 9.166390484e+02 9.166386614e+02 9.166385456e+02 9.166385124e+02 
9.166385033e+02 9.166385009e+02 9.166385002e+02 9.166385001e+02 9.166385001e+02 
9.166385000e+02 9.166385000e+02 9.166385000e+02 9.166385000e+02 9.166385000e+02 
9.166385000e+02 9.166385000e+02 9.166385000e+02 9.166385000e+02 9.166385000e+02 
9.166385000e+02 9.166385000e+02 9.166385000e+02 9.166385000e+02 9.166385000e+02 
9.166385000e+02 9.166385000e+02 9.166385000e+02 9.166385000e+02 9.166385000e+02 
9.166385000e+02 9.166385000e+02 9.166385000e+02 9.166385000e+02 9.166385000e+02 
9.166385000e+02 9.166385000e+02 9.166385000e+02 9.166385000e+02 9.166385000e+02 
9.166385000e+02 9.166385000e+02 9.166385000e+02 9.166385000e+02 9.166385000e+02 
9.166385000e+02 9.166385000e+02 9.166385000e+02 9.166385000e+02 9.166385000e+02 
9.166385000e+02 9.166385000e+02 9.166385000e+02 9.166385000e+02 9.166385000e+02 
9.166385000e+02 9.166385000e+02 9.166385000e+02 9.166385000e+02 9.166385000e+02 
9.166385000e+02 9.166385000e+02 9.166385000e+02 9.166385000e+02 9.166385000e+02 
9.166385000e+02 9.166385000e+02 9.166385000e+02 9.166385000e+02 9.166385000e+02 
9.166385000e+02 9.166385000e+02 9.166385000e+02 9.166385000e+02 9.166385000e+02 
9.166385000e+02 9.166385000e+02 9.166385000e+02 9.166385000e+02 9.166385000e+02 
9.166385000e+02 9.166385000e+02 9.166385000e+02 9.166385000e+02 9.166385000e+02 
MMW
2.015880000e+00 2.015880000e+00 2.015880000e+00 2.015880000e+00 2.015880000e+00 
2.015880000e+00 2.015880000e+00 2.015880000e+00 2.015880000e+00 2.015880000e+00 
2.015880000e+00 2.015880000e+00 2.015880000e+00 2.015880000e+00 2.015880000e+00 
2.015880000e+00 2.015880000e+00 2.015880000e+00 2.015880000e+00 2.015880000e+00 
2.015880000e+00 2.015880000e+00 2.015880000e+00 2.015880000e+00 2.015880000e+00 
2.015880000e+00 2.015880000e+00 2.015880000e+00 2.015880000e+00 2.015880000e+00 
2.015880000e+00 2.015880000e+00 2.015879998e+00 2.015879990e+00 2.015879956e+00 
2.015879814e+00 2.015879247e+00 2.015877164e+00 2.015870273e+00 2.015851362e+00 
2.015820448e+00 2.015901165e+00 2.017026077e+00 2.023918050e+00 2.054256356e+00 
2.154612318e+00 2.405630781e+00 2.893511402e+00 3.661507941e+00 4.688143251e+00 
5.910531314e+00 7.268920394e+00 8.732833624e+00 1.028847639e+01 1.193924712e+01 
1.369657470e+01 1.556372321e+01 1.752753857e+01 1.956098738e+01 2.162502622e+01 
2.366622843e+01 2.561354743e+01 2.737919860e+01 2.887326093e+01 3.003759811e+01 
3.087768994e+01 3.144391633e+01 3.177371258e+01 3.191668925e+01 3.196816993e+01 
3.198709101e+01 3.199435593e+01 3.199716330e+01 3.199822169e+01 3.199860476e+01 
3.199873706e+01 3.199878061e+01 3.199879428e+01 3.199879838e+01 3.199879956e+01 
3.199879989e+01 3.199879997e+01 3.199879999e+01 3.199880000e+01 3.199880000e+01 
3.199880000e+01 3.199880000e+01 3.199880000e+01 3.199880000e+01 3.199880000e+01 
3.199880000e+01 3.199880000e+01 3.199880000e+01 3.199880000e+01 3.199880000e+01 
3.199880000e+01 3.199880000e+01 3.199880000e+01 3.199880000e+01 3.199880000e+01 
3.199880000e+01 3.199880000e+01 3.199880000e+01 3.199880000e+01 3.199880000e+01 
3.199880000e+01 3.199880000e+01 3.199880000e+01 3.199880000e+01 3.199880000e+01 
3.199880000e+01 3.199880000e+01 3.199880000e+01 3.199880000e+01 3.199880000e+01 
3.199880000e+01 3.199880000e+01 3.199880000e+01 3.199880000e+01 3.199880000e+01 
3.199880000e+01 3.199880000e+01 3.199880000e+01 3.199880000e+01 3.199880000e+01 
3.199880000e+01 3.199880000e+01 3.199880000e+01 3.199880000e+01 3.199880000e+01 
3.199880000e+01 3.199880000e+01 3.199880000e+01 3.199880000e+01 3.199880000e+01 
3.199880000e+01 3.199880000e+01 3.199880000e+01 3.199880000e+01 3.199880000e+01 
3.199880000e+01 3.199880000e+01 3.199880000e+01 3.199880000e+01 3.199880000e+01 
3.199880000e+01 3.199880000e+01 3.199880000e+01 3.199880000e+01 3.199880000e+01 
3.199880000e+01 3.199880000e+01 3.199880000e+01 3.199880000e+01 3.199880000e+01 
3.199880000e+01 3.199880000e+01 3.199880000e+01 3.199880000e+01 3.199880000e+01 
rho
8.188905810e-02 8.188905810e-02 8.188905810e-02 8.188905810e-02 8.188905810e-02 
8.188905810e-02 8.188905810e-02 8.188905810e-02 8.188905810e-02 8.188905810e-02 
8.188905810e-02 8.188905810e-02 8.188905810e-02 8.188905810e-02 8.188905810e-02 
8.188905810e-02 8.188905810e-02 8.188905810e-02 8.188905810e-02 8.188905810e-02 
8.188905810e-02 8.188905810e-02 8.188905810e-02 8.188905810e-02 8.188905810e-02 
8.188905810e-02 8.188905810e-02 8.188905810e-02 8.188905810e-02 8.188905810e-02 
8.188905809e-02 8.188905805e-02 8.188905779e-02 8.188905633e-02 8.188904843e-02 
8.188900737e-02 8.188880356e-02 8.188784288e-02 8.188356985e-02 8.186576804e-02 
8.179695979e-02 8.155365303e-02 8.078576740e-02 7.872373575e-02 7.440792563e-02 
6.820332218e-02 6.288216401e-02 6.101234664e-02 6.259207944e-02 6.614959447e-02 
7.038083125e-02 7.471744851e-02 7.932117438e-02 8.453048672e-02 9.082321508e-02 
9.873320059e-02 1.087616237e-01 1.213868970e-01 1.371816056e-01 1.569549227e-01 
1.818887661e-01 2.136943390e-01 2.548882009e-01 3.094909428e-01 3.846910917e-01 
4.939908632e-01 6.626882168e-01 9.146337287e-01 1.158921213e+00 1.266779961e+00 
1.293563202e+00 1.298736711e+00 1.299650406e+00 1.299812666e+00 1.299844637e+00 
1.299852109e+00 1.299854129e+00 1.299854712e+00 1.299854882e+00 1.299854930e+00 
1.299854943e+00 1.299854947e+00 1.299854948e+00 1.299854948e+00 1.299854948e+00 
1.299854948e+00 1.299854948e+00 1.299854948e+00 1.299854948e+00 1.299854948e+00 
1.299854948e+00 1.299854948e+00 1.299854948e+00 1.299854948e+00 1.299854948e+00 
1.299854948e+00 1.299854948e+00 1.299854948e+00 1.299854948e+00 1.299854948e+00 
1.299854948e+00 1.299854948e+00 1.299854948e+00 1.299854948e+00 1.299854948e+00 
1.299854948e+00 1.299854948e+00 1.299854948e+00 1.299854948e+00 1.299854948e+00 
1.299854948e+00 1.299854948e+00 1.299854948e+00 1.299854948e+00 1.299854948e+00 
1.299854948e+00 1.299854948e+00 1.299854948e+00 1.299854948e+00 1.299854948e+00 
1.299854948e+00 1.299854948e+00 1.299854948e+00 1.299854948e+00 1.299854948e+00 
1.299854948e+00 1.299854948e+00 1.299854948e+00 1.299854948e+00 1.299854948e+00 
1.299854948e+00 1.299854948e+00 1.299854948e+00 1.299854948e+00 1.299854948e+00 
1.299854948e+00 1.299854948e+00 1.299854948e+00 1.299854948e+00 1.299854948e+00 
1.299854948e+00 1.299854948e+00 1.299854948e+00 1.299854948e+00 1.299854948e+00 
1.299854948e+00 1.299854948e+00 1.299854948e+00 1.299854948e+00 1.299854948e+00 
1.299854948e+00 1.299854948e+00 1.299854948e+00 1.299854948e+00 1.299854948e+00 
1.299854948e+00 1.299854948e+00 1.299854948e+00 1.299854948e+00 1.299854948e+00 
mu
9.000028555e-06 9.000028555e-06 9.000028555e-06 9.000028555e-06 9.000028555e-06 
9.000028555e-06 9.000028555e-06 9.000028555e-06 9.000028555e-06 9.000028555e-06 
9.000028555e-06 9.000028555e-06 9.000028555e-06 9.000028555e-06 9.000028555e-06 
9.000028555e-06 9.000028555e-06 9.000028555e-06 9.000028555e-06 9.000028555e-06 
9.000028555e-06 9.000028555e-06 9.000028555e-06 9.000028555e-06 9.000028555e-06 
9.000028555e-06 9.000028555e-06 9.000028555e-06 9.000028555e-06 9.000028555e-06 
9.000028555e-06 9.000028558e-06 9.000028573e-06 9.000028660e-06 9.000029153e-06 
9.000031796e-06 9.000045261e-06 9.000110225e-06 9.000405618e-06 9.001665408e-06 
9.006676157e-06 9.025124381e-06 9.087257537e-06 9.274700404e-06 9.764019378e-06 
1.083016837e-05 1.276707792e-05 1.581534492e-05 2.008278153e-05 2.543689364e-05 
3.153942378e-05 3.801428459e-05 4.448778722e-05 5.062599170e-05 5.612250026e-05 
6.068743188e-05 6.406446551e-05 6.607930328e-05 6.667334777e-05 6.589055748e-05 
6.384148197e-05 6.067388142e-05 5.655006618e-05 5.161812954e-05 4.598834440e-05 
3.975681077e-05 3.306727656e-05 2.663393305e-05 2.248819890e-05 2.105112337e-05 
2.072578502e-05 2.066598255e-05 2.065624748e-05 2.065480947e-05 2.065461649e-05 
2.065459351e-05 2.065459133e-05 2.065459127e-05 2.065459131e-05 2.065459133e-05 
2.065459134e-05 2.065459134e-05 2.065459134e-05 2.065459134e-05 2.065459134e-05 
2.065459134e-05 2.065459134e-05 2.065459134e-05 2.065459134e-05 2.065459134e-05 
2.065459134e-05 2.065459134e-05 2.065459134e-05 2.065459134e-05 2.065459134e-05 
2.065459134e-05 2.065459134e-05 2.065459134e-05 2.065459134e-05 2.065459134e-05 
2.065459134e-05 2.065459134e-05 2.065459134e-05 2.065459134e-05 2.065459134e-05 
2.065459134e-05 2.065459134e-05 2.065459134e-05 2.065459134e-05 2.065459134e-05 
2.065459134e-05 2.065459134e-05 2.065459134e-05 2.065459134e-05 2.065459134e-05 
2.065459134e-05 2.065459134e-05 2.065459134e-05 2.065459134e-05 2.065459134e-05 
2.065459134e-05 2.065459134e-05 2.065459134e-05 2.065459134e-05 2.065459134e-05 
2.065459134e-05 2.065459134e-05 2.065459134e-05 2.065459134e-05 2.065459134e-05 
2.065459134e-05 2.065459134e-05 2.065459134e-05 2.065459134e-05 2.065459134e-05 
2.065459134e-05 2.065459134e-05 2.065459134e-05 2.065459134e-05 2.065459134e-05 
2.065459134e-05 2.065459134e-05 2.065459134e-05 2.065459134e-05 2.065459134e-05 
2.065459134e-05 2.065459134e-05 2.065459134e-05 2.065459134e-05 2.065459134e-05 
2.065459134e-05 2.065459134e-05 2.065459134e-05 2.065459134e-05 2.065459134e-05 
2.065459134e-05 2.065459134e-05 2.065459134e-05 2.065459134e-05 2.065459134e-05 
TC
1.868277014e-01 1.868277014e-01 1.868277014e-01 1.868277014e-01 1.868277014e-01 
1.868277014e-01 1.868277014e-01 1.868277014e-01 1.868277014e-01 1.868277014e-01 
1.868277014e-01 1.868277014e-01 1.868277014e-01 1.868277014e-01 1.868277014e-01 
1.868277014e-01 1.868277014e-01 1.868277014e-01 1.868277014e-01 1.868277014e-01 
1.868277014e-01 1.868277014e-01 1.868277014e-01 1.868277014e-01 1.868277014e-01 
1.868277014e-01 1.868277014e-01 1.868277014e-01 1.868277014e-01 1.868277014e-01 
1.868277014e-01 1.868277015e-01 1.868277020e-01 1.868277046e-01 1.868277187e-01 
1.868277916e-01 1.868281510e-01 1.868298382e-01 1.868373264e-01 1.868685288e-01 
1.869895878e-01 1.874219506e-01 1.888174650e-01 1.927532576e-01 2.019014805e-01 
2.182192234e-01 2.400488261e-01 2.636667569e-01 2.868319580e-01 3.086532714e-01 
3.281874894e-01 3.440388190e-01 3.539153960e-01 3.558694110e-01 3.484872782e-01 
3.315020423e-01 3.063305171e-01 2.757285398e-01 2.427084507e-01 2.096984362e-01 
1.783430166e-01 1.496270565e-01 1.239968930e-01 1.014234166e-01 8.154538260e-02 
6.398308684e-02 4.858729188e-02 3.623368061e-02 2.936258600e-02 2.716643256e-02 
2.666359145e-02 2.656034076e-02 2.653857303e-02 2.653337901e-02 2.653194009e-02 
2.653150184e-02 2.653136481e-02 2.653132262e-02 2.653131005e-02 2.653130645e-02 
2.653130546e-02 2.653130519e-02 2.653130513e-02 2.653130511e-02 2.653130511e-02 
2.653130511e-02 2.653130511e-02 2.653130511e-02 2.653130511e-02 2.653130511e-02 
2.653130511e-02 2.653130511e-02 2.653130511e-02 2.653130511e-02 2.653130511e-02 
2.653130511e-02 2.653130511e-02 2.653130511e-02 2.653130511e-02 2.653130511e-02 
2.653130511e-02 2.653130511e-02 2.653130511e-02 2.653130511e-02 2.653130511e-02 
2.653130511e-02 2.653130511e-02 2.653130511e-02 2.653130511e-02 2.653130511e-02 
2.653130511e-02 2.653130511e-02 2.653130511e-02 2.653130511e-02 2.653130511e-02 
2.653130511e-02 2.653130511e-02 2.653130511e-02 2.653130511e-02 2.653130511e-02 
2.653130511e-02 2.653130511e-02 2.653130511e-02 2.653130511e-02 2.653130511e-02 
2.653130511e-02 2.653130511e-02 2.653130511e-02 2.653130511e-02 2.653130511e-02 
2.653130511e-02 2.653130511e-02 2.653130511e-02 2.653130511e-02 2.653130511e-02 
2.653130511e-02 2.653130511e-02 2.653130511e-02 2.653130511e-02 2.653130511e-02 
2.653130511e-02 2.653130511e-02 2.653130511e-02 2.653130511e-02 2.653130511e-02 
2.653130511e-02 2.653130511e-02 2.653130511e-02 2.653130511e-02 2.653130511e-02 
2.653130511e-02 2.653130511e-02 2.653130511e-02 2.653130511e-02 2.653130511e-02 
2.653130511e-02 2.653130511e-02 2.653130511e-02 2.653130511e-02 2.653130511e-02 
net_rxn-H2
3.528709166e-19 3.481877714e-19 3.435562202e-19 3.389710483e-19 3.344272243e-19 
3.299198728e-19 3.254442492e-19 3.209957149e-19 3.165697134e-19 3.121617475e-19 
3.077673558e-19 3.033820900e-19 2.990014908e-19 2.946210643e-19 2.902362558e-19 
2.858424237e-19 2.814348084e-19 2.770084815e-19 2.725580465e-19 2.680741577e-19 
2.634996383e-19 2.581831556e-19 2.442291571e-19 1.275334175e-19 -1.185345273e-18 
-1.605259751e-17 -1.800845846e-16 -1.935326710e-15 -2.011044817e-14 -2.018043776e-13 
-1.950342081e-12 -1.808175927e-11 -1.597339043e-10 -1.326799279e-09 -1.005800397e-08 
-6.427445840e-08 -2.483904761e-07 1.562693967e-06 5.319705170e-05 8.219364237e-04 
9.681673806e-03 9.383868526e-02 7.475894277e-01 4.642243020e+00 2.007519082e+01 
5.261449653e+01 7.685202990e+01 5.524163036e+01 -1.366265316e+01 -1.265021092e+02 
-3.432143602e+02 -7.903680135e+02 -1.569386503e+03 -2.629441858e+03 -3.681735119e+03 
-4.287235059e+03 -4.164597788e+03 -3.440249511e+03 -2.499994392e+03 -1.652520203e+03 
-1.005954956e+03 -5.525565411e+02 -2.619675022e+02 -1.008710717e+02 -2.530255477e+01 
4.634776938e+00 9.112626407e+00 2.716226549e+00 1.517986423e-01 2.309307560e-03 
-6.170964789e-06 -2.670366430e-06 -2.156801123e-07 -1.434025723e-08 -8.420953195e-10 
-4.423025684e-11 -2.091783655e-12 -8.956889957e-14 -3.489861602e-15 -1.242938996e-16 
-4.063500745e-18 -1.224153223e-19 -3.410407499e-21 -8.815565778e-23 -2.120831589e-24 
-4.762375501e-26 -1.000856260e-27 -1.973545964e-29 -3.660004891e-31 -6.398041461e-33 
-1.056480511e-34 -1.651177756e-36 -2.447191046e-38 -3.445610243e-40 -4.616716927e-42 
-5.896290045e-44 -7.189197520e-46 -8.380813655e-48 -9.354571712e-50 -1.001382908e-51 
-1.033364803e-53 -1.088810570e-55 -2.040351929e-57 -1.641505394e-58 -2.213581177e-59 
-3.081695815e-60 -4.234689754e-61 -5.729634840e-62 -7.635329675e-63 -1.002567798e-63 
-1.297697564e-64 -1.656497893e-65 -2.086147772e-66 -2.593048506e-67 -3.182423312e-68 
-3.857920633e-69 -4.621246586e-70 -5.471852242e-71 -6.406699636e-72 -7.420126532e-73 
-8.503824304e-74 -9.646936300e-75 -1.083627636e-75 -1.205665936e-76 -1.329132842e-77 
-1.452245750e-78 -1.573170363e-79 -1.690078065e-80 -1.801202575e-81 -1.904893184e-82 
-1.999662179e-83 -2.084224518e-84 -2.157528374e-85 -2.218775725e-86 -2.267432795e-87 
-2.303230643e-88 -2.326156697e-89 -2.336438390e-90 -2.334520309e-91 -2.321036438e-92 
-2.296779083e-93 -2.262666074e-94 -2.219707657e-95 -2.168974357e-96 -2.111566832e-97 
-2.048588552e-98 -1.981121835e-99 -1.910207619e-100 -1.836829070e-101 -1.761899019e-102 
-1.686251028e-103 -1.610633802e-104 -1.535708582e-105 -1.462049115e-106 -1.390143765e-107 
-1.320399337e-108 -1.253146213e-109 -1.188644333e-110 -1.127088833e-111 -1.068606615e-112 
net_rxn-H
-1.764354583e-19 -1.740938857e-19 -1.717781101e-19 -1.694855242e-19 -1.672136121e-19 
-1.649599364e-19 -1.627221246e-19 -1.604978574e-19 -1.582848567e-19 -1.560808737e-19 
-1.538836779e-19 -1.516910450e-19 -1.495007454e-19 -1.473105321e-19 -1.451181279e-19 
-1.429212118e-19 -1.407174042e-19 -1.385042408e-19 -1.362790232e-19 -1.340370789e-19 
-1.317498191e-19 -1.290915778e-19 -1.221145798e-19 -6.376676109e-20 5.926705836e-19 
8.026222154e-18 9.003958254e-17 9.675727618e-16 1.005237123e-14 1.008178648e-13 
9.728403295e-13 8.980876298e-12 7.843414928e-11 6.318075037e-10 4.388846381e-09 
2.027651226e-08 -7.567082561e-08 -3.827523280e-06 -6.835089591e-05 -9.226283711e-04 
-1.041054526e-02 -1.002528819e-01 -8.136008057e-01 -5.287898027e+00 -2.480115891e+01 
-7.384596908e+01 -1.325870873e+02 -1.539139233e+02 -1.291546078e+02 -7.294320352e+01 
2.808539248e+01 2.175873524e+02 5.253122516e+02 9.140722413e+02 1.249224542e+03 
1.353158252e+03 1.146968424e+03 7.345216362e+02 3.045488352e+02 -1.542684204e+01 
-1.919019515e+02 -2.430921284e+02 -2.120105744e+02 -1.654456701e+02 -1.690042305e+02 
-2.126038974e+02 -1.964475608e+02 -8.691340412e+01 -1.412963907e+01 -1.114951592e+00 
-6.721011224e-02 -3.790795515e-03 -2.101629650e-04 -1.155676519e-05 -6.313343004e-07 
-3.428146181e-08 -1.851017847e-09 -9.941396603e-11 -5.312043444e-12 -2.824324226e-13 
-1.494344355e-14 -7.868762506e-16 -4.123954255e-17 -2.151303744e-18 -1.117110922e-19 
-5.774596500e-21 -2.971669396e-22 -1.522491225e-23 -7.766157519e-25 -3.944357568e-26 
-1.994742170e-27 -1.004522311e-28 -5.037520954e-30 -2.515828278e-31 -1.251337846e-32 
-6.198983192e-34 -3.058734004e-35 -1.503355322e-36 -7.360438943e-38 -3.589977150e-39 
-1.744413541e-40 -8.445028663e-42 -4.073530665e-43 -1.957868702e-44 -9.376990602e-46 
-4.475438643e-47 -2.128751457e-48 -1.009152245e-49 -4.768218644e-51 -2.245685096e-52 
-1.054290824e-53 -4.934198876e-55 -2.302202212e-56 -1.070944455e-57 -4.967218826e-59 
-2.297253064e-60 -1.059448967e-61 -4.872518306e-63 -2.234888444e-64 -1.022383806e-65 
-4.665033203e-67 -2.123269935e-68 -9.640343646e-70 -4.366604983e-71 -1.973271169e-72 
-8.897104178e-74 -4.002741032e-75 -1.796973564e-76 -8.050651232e-78 -3.599632212e-79 
-1.606432201e-80 -7.156468103e-82 -3.183062837e-83 -1.414175463e-84 -6.322173059e-86 
-3.249221246e-87 -9.578632846e-88 -1.001300978e-87 -4.566381646e-88 2.914683953e-88 
4.118262593e-88 4.877754631e-88 9.869709525e-89 1.559337641e-88 -3.176278361e-89 
2.734461484e-88 -1.467485686e-88 -2.203604552e-88 -3.232133407e-88 -1.099133150e-88 
-2.149711463e-89 1.421824917e-88 1.622808455e-88 -5.014115895e-89 -1.394074678e-88 
-7.681245931e-89 -1.416950021e-89 -3.642196933e-91 -7.557693433e-93 -1.070117534e-93 
net_rxn-O
-7.301693916e-20 -7.301540487e-20 -7.301386809e-20 -7.301232720e-20 -7.301078056e-20 
-7.300922649e-20 -7.300766329e-20 -7.300608920e-20 -7.300450239e-20 -7.300290098e-20 
-7.300128299e-20 -7.299964634e-20 -7.299798886e-20 -7.299630824e-20 -7.299460201e-20 
-7.299286754e-20 -7.299110206e-20 -7.298930298e-20 -7.298747308e-20 -7.298568665e-20 
-7.298491666e-20 -7.299714816e-20 -7.316611943e-20 -7.517275554e-20 -9.815858689e-20 
-3.540191378e-19 -3.118871917e-18 -3.207130545e-17 -3.252838688e-16 -3.191075811e-15 
-3.016158998e-14 -2.739873545e-13 -2.386466467e-12 -1.989930677e-11 -1.591868441e-10 
-1.243052632e-09 -1.012921594e-08 -1.007568548e-07 -1.382961537e-06 -2.316212222e-05 
-3.884344809e-04 -5.837653445e-03 -7.369367819e-02 -7.227590917e-01 -4.885128960e+00 
-2.029837123e+01 -5.248359022e+01 -9.977770224e+01 -1.721943907e+02 -3.011840963e+02 
-5.423327613e+02 -9.937164808e+02 -1.734803437e+03 -2.640656564e+03 -3.191474746e+03 
-2.614423057e+03 -5.628903519e+02 2.362415252e+03 5.055555125e+03 6.648791896e+03 
6.695314501e+03 5.139624363e+03 2.536217541e+03 1.074432657e+02 -9.751582447e+02 
-7.445463895e+02 -2.725698061e+02 -6.146183512e+01 -7.340065912e+00 -4.794538031e-01 
-2.223867470e-02 -8.396580258e-04 -2.737921401e-05 -7.931433091e-07 -2.073786009e-08 
-4.939454579e-10 -1.077248342e-11 -2.156790355e-13 -3.970143762e-15 -6.729105868e-17 
-1.052615028e-18 -1.525486916e-20 -2.059474190e-22 -2.598534222e-24 -2.982808317e-26 
-2.376611323e-28 3.912610113e-30 4.095696272e-31 2.383544866e-32 1.255574335e-33 
6.421768678e-35 3.245511567e-36 1.629397734e-37 8.140264396e-39 4.049252648e-40 
2.006007951e-41 9.898219247e-43 4.864943546e-44 2.381881095e-45 1.161737729e-46 
5.645024993e-48 2.732861045e-49 1.318218532e-50 6.335778513e-52 3.034449425e-53 
1.448278322e-54 6.888765179e-56 3.265676143e-57 1.543023656e-58 7.267169326e-60 
3.411747245e-61 1.596735838e-62 7.450062046e-64 3.465639378e-65 1.607421290e-66 
7.434046479e-68 3.428440925e-69 1.576791832e-70 7.233848991e-72 3.324676009e-73 
1.671448721e-74 2.305266256e-75 1.649360172e-75 1.619576496e-75 1.618227291e-75 
1.618166314e-75 1.618163564e-75 1.618163441e-75 1.618163435e-75 1.618163435e-75 
1.618163435e-75 1.618163435e-75 1.618163435e-75 1.618163435e-75 1.618163435e-75 
1.618163435e-75 1.618163435e-75 1.618163435e-75 1.618163435e-75 1.618163435e-75 
1.618163435e-75 1.618163435e-75 1.618163435e-75 1.618163435e-75 1.618163435e-75 
1.618163435e-75 1.618163435e-75 1.618163435e-75 1.618163435e-75 1.618163435e-75 
1.618163435e-75 1.618163435e-75 1.618163435e-75 1.618163435e-75 1.618163435e-75 
1.618163435e-75 1.618163435e-75 1.618163435e-75 1.618163435e-75 1.618163435e-75 
net_rxn-O2
5.727567671e-36 6.063088350e-36 6.394900508e-36 6.723377893e-36 7.048881074e-36 
7.371759378e-36 7.692352729e-36 8.010993453e-36 8.328008287e-36 8.643722523e-36 
8.958480880e-36 9.272797113e-36 9.588482220e-36 9.917124692e-36 1.034309939e-35 
1.148538901e-35 2.027838840e-35 8.369394614e-35 5.295676403e-34 3.621380575e-33 
2.467405134e-32 1.651986175e-31 1.083364403e-30 6.940964868e-30 4.274520353e-29 
1.958199863e-28 -4.333401984e-27 -4.609257386e-25 -3.499207774e-23 -2.440697121e-21 
-1.581987551e-19 -9.496827409e-18 -5.254991619e-16 -2.666298092e-14 -1.233426557e-12 
-5.169876605e-11 -1.949990400e-09 -6.568482528e-08 -1.959058385e-06 -5.121571235e-05 
-1.158511368e-03 -2.222823226e-02 -3.485771025e-01 -4.147354982e+00 -3.296356482e+01 
-1.531811073e+02 -4.092196990e+02 -7.125155157e+02 -9.474726263e+02 -1.132774450e+03 
-1.531345234e+03 -2.667449259e+03 -5.151689461e+03 -9.345831527e+03 -1.497168349e+04 
-2.079144995e+04 -2.498055271e+04 -2.635815127e+04 -2.507623174e+04 -2.192041872e+04 
-1.744044672e+04 -1.198907451e+04 -6.361175780e+03 -2.085605685e+03 -5.705613820e+02 
-1.198751371e+03 -1.540282814e+03 -9.082583324e+02 -2.286820371e+02 -2.285649230e+01 
-1.622895207e+00 -1.036964866e-01 -6.217898895e-03 -3.563488804e-04 -1.983551466e-05 
-1.085050492e-06 -5.873345206e-08 -3.156584165e-09 -1.686837973e-10 -8.968144592e-12 
-4.744685683e-13 -2.498267818e-14 -1.309274677e-15 -6.829825952e-17 -3.546495645e-18 
-1.833253174e-19 -9.434094768e-21 -4.833415064e-22 -2.465501714e-23 -1.252204687e-24 
-6.332654467e-26 -3.189029981e-27 -1.599248228e-28 -7.986932352e-30 -3.972588595e-31 
-1.967974516e-32 -9.710480550e-34 -4.772661694e-35 -2.336698748e-36 -1.139700387e-37 
-5.537942735e-39 -2.681020529e-40 -1.293212821e-41 -6.215593093e-43 -2.976887978e-44 
-1.420805465e-45 -6.758089977e-47 -3.203728482e-48 -1.513753544e-49 -7.129316054e-51 
-3.347028714e-52 -1.566446842e-53 -7.308739424e-55 -3.399898550e-56 -1.576929598e-57 
-7.293027508e-59 -3.363404146e-60 -1.546865295e-61 -7.095040417e-63 -3.245734598e-64 
-1.480995810e-65 -6.740691017e-67 -3.060497563e-68 -1.386259782e-69 -6.264694902e-71 
-2.826203994e-72 -1.286971004e-73 -7.323503608e-75 -1.873802476e-75 -1.629597138e-75 
-1.618674059e-75 -1.618186220e-75 -1.618164452e-75 -1.618163480e-75 -1.618163437e-75 
-1.618163435e-75 -1.618163435e-75 -1.618163435e-75 -1.618163435e-75 -1.618163435e-75 
-1.618163435e-75 -1.618163435e-75 -1.618163435e-75 -1.618163435e-75 -1.618163435e-75 
-1.618163435e-75 -1.618163435e-75 -1.618163435e-75 -1.618163435e-75 -1.618163435e-75 
-1.618163435e-75 -1.618163435e-75 -1.618163435e-75 -1.618163435e-75 -1.618163435e-75 
-1.618163435e-75 -1.618163435e-75 -1.618163435e-75 -1.618163435e-75 -1.618163435e-75 
net_rxn-OH
3.132293781e-18 3.092780309e-18 3.053702114e-18 3.015015197e-18 2.976677107e-18 
2.938646709e-18 2.900883969e-18 2.863349750e-18 2.826005606e-18 2.788813592e-18 
2.751736064e-18 2.714735488e-18 2.677774238e-18 2.640814396e-18 2.603817531e-18 
2.566744476e-18 2.529555071e-18 2.492207730e-18 2.454656931e-18 2.416823987e-18 
2.378228580e-18 2.333401106e-18 2.216034859e-18 1.235775169e-18 -9.791731762e-18 
-1.346793211e-16 -1.512731516e-15 -1.626108255e-14 -1.690220555e-13 -1.697198114e-12 
-1.642962054e-11 -1.529800092e-10 -1.366725808e-09 -1.168449102e-08 -9.531686756e-08 
-7.396471233e-07 -5.442560987e-06 -3.786932624e-05 -2.488240427e-04 -1.546901962e-03 
-9.143777913e-03 -5.106492641e-02 -2.530308516e-01 -9.232076712e-01 -1.607861356e+00 
3.402912089e+00 3.032129999e+01 5.260564765e+01 -3.645674986e+01 -3.230531984e+02 
-9.143314885e+02 -1.884315086e+03 -2.976553671e+03 -3.458242849e+03 -2.425884478e+03 
2.564907538e+02 3.389800604e+03 5.362123576e+03 5.524338733e+03 4.336042496e+03 
2.659161873e+03 1.189820992e+03 2.312861744e+02 -1.324533103e+02 2.092257503e+02 
7.820875832e+02 4.787501886e+02 -1.350342725e+02 -6.230107391e+01 -5.088354457e+00 
-2.335390120e-01 -8.145517071e-03 -2.379130296e-04 -6.078717326e-06 -1.406419303e-07 
-3.078943451e-09 -6.794528038e-11 -1.623473540e-12 -4.344927337e-14 -1.260870104e-15 
-3.730086604e-17 -1.072898085e-18 -2.926613937e-20 -7.492321936e-22 -1.794368114e-23 
-4.020005835e-25 -8.434406272e-27 -1.659188849e-28 -3.059367137e-30 -5.258523172e-32 
-8.220544569e-34 -1.046440594e-35 -3.301324254e-38 5.749639751e-39 3.915330560e-40 
2.082700803e-41 1.046121771e-42 5.164366811e-44 2.531148146e-45 1.234841251e-46 
6.000567084e-48 2.905018942e-49 1.401263657e-50 6.734923023e-52 3.225615463e-53 
1.539517842e-54 7.322747822e-56 3.471409208e-57 1.640232006e-58 7.724990910e-60 
3.626682587e-61 1.697327980e-62 7.919405618e-64 3.683969850e-65 1.708686599e-66 
7.902380920e-68 3.644426226e-69 1.676110329e-70 7.687851335e-72 3.516924929e-73 
1.604737122e-74 7.303893457e-76 3.316208895e-77 1.502081945e-78 6.787929978e-80 
3.060563120e-81 1.376940417e-82 6.181747062e-84 2.769674379e-85 1.238574536e-86 
5.529447501e-88 2.465356974e-89 1.098660982e-90 4.902821294e-92 2.213779857e-93 
1.157322834e-94 3.334988008e-95 3.448420018e-95 1.571203098e-95 -1.002589837e-95 
-1.416647973e-95 -1.677911187e-95 -3.395106818e-96 -5.364006309e-96 1.092616307e-96 
-9.406345597e-96 5.048042403e-96 7.580236946e-96 1.111830026e-95 3.780936876e-96 
7.394848699e-97 -4.890972728e-96 -5.582341261e-96 1.724818844e-96 4.795513955e-96 
2.642291883e-96 4.874203446e-97 1.252888851e-98 2.599790736e-100 3.681125299e-101 
net_rxn-HO2
-4.046216669e-32 -4.046218680e-32 -4.046220670e-32 -4.046222643e-32 -4.046224600e-32 
-4.046226543e-32 -4.046228474e-32 -4.046230395e-32 -4.046232309e-32 -4.046234221e-32 
-4.046236160e-32 -4.046238332e-32 -4.046242301e-32 -4.046259868e-32 -4.046379050e-32 
-4.047247694e-32 -4.053818010e-32 -4.101196138e-32 -4.435725880e-32 -6.756848005e-32 
-2.256313840e-31 -1.280705128e-30 -8.174983273e-30 -5.221542596e-29 -3.267943298e-28 
-1.990249836e-27 -1.135982594e-26 -2.821680474e-26 2.599020049e-24 2.036721110e-22 
1.318882348e-20 7.842138004e-19 4.294945626e-17 2.156625079e-15 9.872509886e-14 
4.094465365e-12 1.527820996e-10 5.089528267e-09 1.500121609e-07 3.869323371e-06 
8.596531417e-05 1.598606876e-03 2.342595709e-02 2.397972051e-01 1.430395504e+00 
4.262063612e+00 6.256432337e+00 5.573081887e+00 4.628254817e+00 4.440735147e+00 
4.142159953e+00 2.763423440e+00 1.122166595e+00 -4.861582430e-01 -1.676836462e+00 
-2.152307854e+00 -2.133151467e+00 -2.492021407e+00 -4.274256853e+00 -8.409707991e+00 
-1.620494922e+01 -3.011569574e+01 -5.362138445e+01 -8.761354862e+01 -1.213900772e+02 
-1.114536169e+02 1.122231344e+02 4.785255411e+02 2.042672248e+02 2.259665667e+01 
1.655713910e+00 1.069481768e-01 6.429466871e-03 3.683896947e-04 2.048902848e-05 
1.120048812e-06 6.060365374e-08 3.256450847e-09 1.740056875e-10 9.250783311e-12 
4.894163630e-13 2.576964961e-14 1.350516379e-15 7.044961285e-17 3.658207855e-18 
1.890999380e-19 9.731262195e-21 4.985664275e-22 2.543163303e-23 1.291648263e-24 
6.532128676e-26 3.289482206e-27 1.649623434e-28 8.238515163e-30 4.097722371e-31 
2.029964344e-32 1.001635393e-33 4.922997216e-35 2.410303133e-36 1.175600156e-37 
5.712384078e-39 2.765470810e-40 1.333948125e-41 6.411379950e-43 3.070657878e-44 
1.465559849e-45 6.970965108e-47 3.304643700e-48 1.561435728e-49 7.353884549e-51 
3.452457790e-52 1.615788827e-53 7.538959630e-55 3.506992989e-56 1.626601783e-57 
7.522752799e-59 3.469349036e-60 1.595590475e-61 7.318529253e-63 3.347972980e-64 
1.527646147e-65 6.953018077e-67 3.156900939e-68 1.429924331e-69 6.461861519e-71 
2.913558319e-72 1.310818350e-73 5.885054418e-75 2.636914929e-76 1.179385664e-77 
5.267088539e-79 2.350334505e-80 1.049414221e-81 4.703619983e-83 2.144556010e-84 
1.139437012e-85 3.212863148e-86 3.286584439e-86 1.496105188e-86 -9.543877040e-87 
-1.348588847e-86 -1.597304441e-86 -3.232006491e-87 -5.106320939e-87 1.040127334e-87 
-8.954467435e-87 4.805535885e-87 7.216084524e-87 1.058418029e-86 3.599301746e-87 
7.039602276e-88 -4.656011792e-87 -5.314167178e-87 1.641959038e-87 4.565138831e-87 
2.515356934e-87 4.640048102e-88 1.192700428e-89 2.474897530e-91 3.504285089e-92 
net_rxn-H2O
-3.235712300e-18 -3.193858790e-18 -3.152466356e-18 -3.111488394e-18 -3.070879939e-18 
-3.030597419e-18 -2.990598431e-18 -2.950841518e-18 -2.911285960e-18 -2.871891564e-18 
-2.832618459e-18 -2.793426886e-18 -2.754276995e-18 -2.715128620e-18 -2.675941057e-18 
-2.636672820e-18 -2.597281373e-18 -2.557722668e-18 -2.517948481e-18 -2.477875379e-18 
-2.436993483e-18 -2.389495536e-18 -2.264983317e-18 -1.224369070e-18 1.048256504e-17 
1.430597156e-16 1.605895390e-15 1.726090781e-14 1.794054164e-13 1.801375705e-12 
1.743728402e-11 1.623548882e-10 1.450412512e-09 1.239940660e-08 1.011463466e-07 
7.849357200e-07 5.778548319e-06 4.029548709e-05 2.671689684e-04 1.718066641e-03 
1.133244956e-02 8.391370020e-02 7.171557870e-01 6.187175761e+00 4.263214935e+01 
1.864667175e+02 4.797112282e+02 8.520078676e+02 1.294409277e+03 1.952549404e+03 
3.299720360e+03 6.116563925e+03 1.090756128e+04 1.716241042e+04 2.302456958e+04 
2.608570430e+04 2.517218220e+04 2.133997087e+04 1.669444161e+04 1.261142764e+04 
9.301900470e+03 6.492020271e+03 4.135424149e+03 2.484751056e+03 1.666184733e+03 
1.468128149e+03 1.368290801e+03 6.741668682e+02 9.556111467e+01 5.943844661e+00 
2.526637604e-01 8.467560586e-03 2.372508246e-04 5.743011288e-06 1.240712424e-07 
2.525088162e-09 5.331571489e-11 1.305915525e-12 3.787699172e-14 1.191720898e-15 
3.721602376e-17 1.103238174e-18 3.056327213e-20 7.884637265e-22 1.895504505e-23 
4.255240197e-25 8.941798899e-27 1.763111889e-28 3.269671478e-30 5.715621800e-32 
9.437861407e-34 1.475034875e-35 2.186114708e-37 3.077994987e-39 4.124123738e-41 
5.267128544e-43 6.422025617e-45 7.486411545e-47 8.356010876e-49 8.942160018e-51 
9.187022022e-53 9.072867665e-55 8.623427172e-57 7.897497489e-59 6.976926666e-61 
5.952204688e-63 4.908952300e-65 3.917783781e-67 3.028742733e-69 2.270236561e-71 
1.651470904e-73 1.166956214e-75 8.016852221e-78 5.359083026e-80 3.488801935e-82 
2.213676531e-84 1.370087130e-86 8.277789813e-89 4.885860552e-91 2.819351238e-93 
1.591669184e-95 8.797503627e-98 4.763985549e-100 2.529188413e-102 1.317290494e-104 
6.735287146e-107 3.382861890e-109 1.670089441e-111 8.109336527e-114 3.874682349e-116 
1.821399052e-118 8.381752949e-121 3.629603350e-123 1.002397964e-125 -1.530805141e-127 
-6.792639037e-129 -2.177486399e-130 -6.690879282e-132 -2.034107502e-133 -6.146430824e-135 
-1.847629807e-136 -5.527224239e-138 -1.645977344e-139 -4.880724355e-141 -1.441471364e-142 
-4.241417130e-144 -1.244021437e-145 -3.639308282e-147 -9.116816642e-149 1.798942050e-149 
1.193320919e-149 8.770744551e-150 5.305685016e-151 4.388557563e-151 3.078365931e-151 
3.357032794e-151 1.395811794e-151 6.263323557e-154 -4.734547545e-155 -1.358732049e-156 
net_rxn-H2O2
4.168473531e-32 4.168473531e-32 4.168473530e-32 4.168473530e-32 4.168473530e-32 
4.168473530e-32 4.168473529e-32 4.168473529e-32 4.168473529e-32 4.168473529e-32 
4.168473528e-32 4.168473528e-32 4.168473528e-32 4.168473528e-32 4.168473527e-32 
4.168473527e-32 4.168477403e-32 4.168508793e-32 4.168730458e-32 4.170268510e-32 
4.180742406e-32 4.250657583e-32 4.707537511e-32 7.626473489e-32 2.583150876e-31 
1.362505668e-30 7.638196453e-30 2.383681140e-29 -1.233207267e-27 -8.752929048e-26 
-4.348975945e-24 -1.392501175e-22 2.043827051e-21 8.152496912e-19 8.494984888e-17 
6.395786430e-15 3.940391546e-13 2.061208333e-11 9.262258758e-10 3.578015667e-08 
1.180338092e-06 3.270165263e-05 7.312662244e-04 1.200378560e-02 1.199783745e-01 
5.792578711e-01 1.149386194e+00 7.789137170e-01 -9.650396838e-02 -5.330816951e-01 
-7.240686435e-01 -1.065862052e+00 -1.562623299e+00 -1.823706332e+00 -1.339455691e+00 
-9.293303111e-02 1.222774324e+00 1.861467324e+00 1.616080589e+00 5.134377771e-01 
-1.868262121e+00 -6.626747097e+00 -1.415262382e+01 -2.020503652e+01 -1.399399423e+01 
1.250476582e+01 4.092343120e+01 3.625920834e+01 1.247267786e+01 9.964415155e-01 
3.751150694e-02 1.059390171e-03 2.685208821e-05 6.591404230e-07 1.597111954e-08 
3.751726939e-10 8.309996593e-12 1.700899441e-13 3.185517856e-15 5.443778725e-17 
8.497200456e-19 1.214751375e-20 1.595866145e-22 1.933415658e-24 2.167508982e-26 
2.255892405e-28 2.186398549e-30 1.978985323e-32 1.677370078e-34 1.334710932e-36 
9.994266659e-39 7.058196823e-41 4.711238397e-43 2.978133437e-45 1.786240242e-47 
1.018249992e-49 5.520455987e-52 2.823467311e-54 1.236109211e-56 -1.363824013e-59 
-3.235004896e-60 -1.507138954e-61 -6.393193624e-63 -2.639618742e-64 -1.068241453e-65 
-4.242704235e-67 -1.654792184e-68 -6.341915576e-70 -2.389526873e-71 -8.856210715e-73 
-3.230362252e-74 -1.160212565e-75 -4.105029189e-77 -1.431497095e-78 -4.922182018e-80 
-1.669590132e-81 -5.588998349e-83 -1.847192191e-84 -6.030060592e-86 -1.945072994e-87 
-6.201885702e-89 -1.955465831e-90 -6.099249975e-92 -1.882606848e-93 -5.752454944e-95 
-1.740630311e-96 -5.217524352e-98 -1.549768573e-99 -4.562965604e-101 -1.332082148e-102 
-3.856850415e-104 -1.107774846e-105 -3.156918085e-107 -8.927100392e-109 -2.504859016e-110 
-6.972567392e-112 -1.924527291e-113 -5.262015923e-115 -1.421188601e-116 -3.619281104e-118 
7.559039293e-120 1.723174039e-119 1.747801175e-119 1.748400706e-119 1.748414202e-119 
1.748414479e-119 1.748414500e-119 1.748414525e-119 1.748414539e-119 1.748414542e-119 
1.748414532e-119 1.748414526e-119 6.977186229e-121 2.260750993e-121 -2.076944100e-122 
1.772013882e-122 -2.334212348e-122 -1.103332944e-122 -1.242437777e-123 -3.221836206e-125 
massfraction-H2
1.000000000e+00 1.000000000e+00 1.000000000e+00 1.000000000e+00 1.000000000e+00 
1.000000000e+00 1.000000000e+00 1.000000000e+00 1.000000000e+00 1.000000000e+00 
1.000000000e+00 1.000000000e+00 1.000000000e+00 1.000000000e+00 1.000000000e+00 
1.000000000e+00 1.000000000e+00 1.000000000e+00 1.000000000e+00 1.000000000e+00 
1.000000000e+00 1.000000000e+00 1.000000000e+00 1.000000000e+00 1.000000000e+00 
1.000000000e+00 1.000000000e+00 1.000000000e+00 1.000000000e+00 1.000000000e+00 
1.000000000e+00 9.999999998e-01 9.999999990e-01 9.999999951e-01 9.999999780e-01 
9.999999047e-01 9.999996024e-01 9.999983957e-01 9.999936625e-01 9.999749994e-01 
9.998991525e-01 9.995785526e-01 9.982025481e-01 9.925500015e-01 9.721993652e-01 
9.145308241e-01 7.974875592e-01 6.335205879e-01 4.678464132e-01 3.335142448e-01 
2.357762527e-01 1.666744968e-01 1.172720574e-01 8.150596179e-02 5.551588937e-02 
3.686354879e-02 2.388633432e-02 1.523060986e-02 9.682641293e-03 6.224680900e-03 
4.098496019e-03 2.787307611e-03 1.956436674e-03 1.398966419e-03 9.957159236e-04 
6.836404961e-04 4.338427339e-04 2.425609529e-04 1.190808249e-04 5.361215590e-05 
2.262765856e-05 9.001805687e-06 3.385629664e-06 1.207154236e-06 4.090934379e-07 
1.320887109e-07 4.072533986e-08 1.201495543e-08 3.398416807e-09 9.232270274e-10 
2.412933075e-10 0.000000000e+00 0.000000000e+00 0.000000000e+00 0.000000000e+00 
0.000000000e+00 0.000000000e+00 0.000000000e+00 0.000000000e+00 0.000000000e+00 
0.000000000e+00 0.000000000e+00 0.000000000e+00 0.000000000e+00 0.000000000e+00 
0.000000000e+00 0.000000000e+00 0.000000000e+00 0.000000000e+00 0.000000000e+00 
0.000000000e+00 0.000000000e+00 0.000000000e+00 0.000000000e+00 0.000000000e+00 
0.000000000e+00 0.000000000e+00 0.000000000e+00 0.000000000e+00 0.000000000e+00 
0.000000000e+00 0.000000000e+00 0.000000000e+00 0.000000000e+00 0.000000000e+00 
0.000000000e+00 0.000000000e+00 0.000000000e+00 0.000000000e+00 0.000000000e+00 
0.000000000e+00 0.000000000e+00 0.000000000e+00 0.000000000e+00 0.000000000e+00 
0.000000000e+00 0.000000000e+00 0.000000000e+00 0.000000000e+00 0.000000000e+00 
0.000000000e+00 0.000000000e+00 0.000000000e+00 0.000000000e+00 0.000000000e+00 
0.000000000e+00 0.000000000e+00 0.000000000e+00 0.000000000e+00 0.000000000e+00 
0.000000000e+00 0.000000000e+00 0.000000000e+00 0.000000000e+00 0.000000000e+00 
0.000000000e+00 0.000000000e+00 0.000000000e+00 0.000000000e+00 0.000000000e+00 
0.000000000e+00 0.000000000e+00 0.000000000e+00 0.000000000e+00 0.000000000e+00 
0.000000000e+00 0.000000000e+00 0.000000000e+00 0.000000000e+00 0.000000000e+00 
massfraction-H
0.000000000e+00 0.000000000e+00 0.000000000e+00 0.000000000e+00 0.000000000e+00 
0.000000000e+00 0.000000000e+00 0.000000000e+00 0.000000000e+00 0.000000000e+00 
0.000000000e+00 0.000000000e+00 0.000000000e+00 0.000000000e+00 0.000000000e+00 
0.000000000e+00 0.000000000e+00 0.000000000e+00 0.000000000e+00 0.000000000e+00 
0.000000000e+00 0.000000000e+00 0.000000000e+00 0.000000000e+00 0.000000000e+00 
0.000000000e+00 0.000000000e+00 0.000000000e+00 0.000000000e+00 0.000000000e+00 
0.000000000e+00 2.111719717e-10 1.031838029e-09 4.844532466e-09 2.180227536e-08 
9.380451808e-08 3.847569023e-07 1.499860116e-06 5.537964085e-06 1.929542315e-05 
6.316561576e-05 1.932147842e-04 5.476724975e-04 1.416993967e-03 3.253505828e-03 
6.353250231e-03 1.013555269e-02 1.313562072e-02 1.447943646e-02 1.454731271e-02 
1.404565267e-02 1.336353281e-02 1.259191280e-02 1.169933690e-02 1.062036129e-02 
9.327297125e-03 7.874863236e-03 6.385122830e-03 4.987589513e-03 3.770517823e-03 
2.769595734e-03 1.979840532e-03 1.371039218e-03 9.012080634e-04 5.332488893e-04 
2.550049586e-04 8.084522412e-05 1.267775434e-05 1.014804958e-06 6.148782003e-08 
3.482929146e-09 1.939855071e-10 0.000000000e+00 0.000000000e+00 0.000000000e+00 
0.000000000e+00 0.000000000e+00 0.000000000e+00 0.000000000e+00 0.000000000e+00 
0.000000000e+00 0.000000000e+00 0.000000000e+00 0.000000000e+00 0.000000000e+00 
0.000000000e+00 0.000000000e+00 0.000000000e+00 0.000000000e+00 0.000000000e+00 
0.000000000e+00 0.000000000e+00 0.000000000e+00 0.000000000e+00 0.000000000e+00 
0.000000000e+00 0.000000000e+00 0.000000000e+00 0.000000000e+00 0.000000000e+00 
0.000000000e+00 0.000000000e+00 0.000000000e+00 0.000000000e+00 0.000000000e+00 
0.000000000e+00 0.000000000e+00 0.000000000e+00 0.000000000e+00 0.000000000e+00 
0.000000000e+00 0.000000000e+00 0.000000000e+00 0.000000000e+00 0.000000000e+00 
0.000000000e+00 0.000000000e+00 0.000000000e+00 0.000000000e+00 0.000000000e+00 
0.000000000e+00 0.000000000e+00 0.000000000e+00 0.000000000e+00 0.000000000e+00 
0.000000000e+00 0.000000000e+00 0.000000000e+00 0.000000000e+00 0.000000000e+00 
0.000000000e+00 0.000000000e+00 0.000000000e+00 0.000000000e+00 0.000000000e+00 
0.000000000e+00 0.000000000e+00 0.000000000e+00 0.000000000e+00 0.000000000e+00 
0.000000000e+00 0.000000000e+00 0.000000000e+00 0.000000000e+00 0.000000000e+00 
0.000000000e+00 0.000000000e+00 0.000000000e+00 0.000000000e+00 0.000000000e+00 
0.000000000e+00 0.000000000e+00 0.000000000e+00 0.000000000e+00 0.000000000e+00 
0.000000000e+00 0.000000000e+00 0.000000000e+00 0.000000000e+00 0.000000000e+00 
massfraction-O
0.000000000e+00 0.000000000e+00 0.000000000e+00 0.000000000e+00 0.000000000e+00 
0.000000000e+00 0.000000000e+00 0.000000000e+00 0.000000000e+00 0.000000000e+00 
0.000000000e+00 0.000000000e+00 0.000000000e+00 0.000000000e+00 0.000000000e+00 
0.000000000e+00 0.000000000e+00 0.000000000e+00 0.000000000e+00 0.000000000e+00 
0.000000000e+00 0.000000000e+00 0.000000000e+00 0.000000000e+00 0.000000000e+00 
0.000000000e+00 0.000000000e+00 0.000000000e+00 0.000000000e+00 0.000000000e+00 
0.000000000e+00 0.000000000e+00 0.000000000e+00 0.000000000e+00 0.000000000e+00 
0.000000000e+00 4.102779670e-10 2.755894148e-09 1.736648141e-08 1.021374651e-07 
5.573187610e-07 2.801470159e-06 1.285449056e-05 5.312772549e-05 1.934589779e-04 
5.965232144e-04 1.469235968e-03 2.797154872e-03 4.291227116e-03 5.800798309e-03 
7.488924747e-03 9.697745770e-03 1.289009294e-02 1.764347208e-02 2.437488811e-02 
3.280149920e-02 4.150891578e-02 4.825215817e-02 5.097710394e-02 4.870808313e-02 
4.177318375e-02 3.162393550e-02 2.051909445e-02 1.092632617e-02 4.537045158e-03 
1.421989993e-03 3.361254299e-04 6.178682080e-05 1.183376646e-05 2.695746623e-06 
6.224298788e-07 1.351500689e-07 2.727848754e-08 5.130334392e-09 9.029348966e-10 
1.493317904e-10 0.000000000e+00 0.000000000e+00 0.000000000e+00 0.000000000e+00 
0.000000000e+00 0.000000000e+00 0.000000000e+00 0.000000000e+00 0.000000000e+00 
0.000000000e+00 0.000000000e+00 0.000000000e+00 0.000000000e+00 0.000000000e+00 
0.000000000e+00 0.000000000e+00 0.000000000e+00 0.000000000e+00 0.000000000e+00 
0.000000000e+00 0.000000000e+00 0.000000000e+00 0.000000000e+00 0.000000000e+00 
0.000000000e+00 0.000000000e+00 0.000000000e+00 0.000000000e+00 0.000000000e+00 
0.000000000e+00 0.000000000e+00 0.000000000e+00 0.000000000e+00 0.000000000e+00 
0.000000000e+00 0.000000000e+00 0.000000000e+00 0.000000000e+00 0.000000000e+00 
0.000000000e+00 0.000000000e+00 0.000000000e+00 0.000000000e+00 0.000000000e+00 
0.000000000e+00 0.000000000e+00 0.000000000e+00 0.000000000e+00 0.000000000e+00 
0.000000000e+00 0.000000000e+00 0.000000000e+00 0.000000000e+00 0.000000000e+00 
0.000000000e+00 0.000000000e+00 0.000000000e+00 0.000000000e+00 0.000000000e+00 
0.000000000e+00 0.000000000e+00 0.000000000e+00 0.000000000e+00 0.000000000e+00 
0.000000000e+00 0.000000000e+00 0.000000000e+00 0.000000000e+00 0.000000000e+00 
0.000000000e+00 0.000000000e+00 0.000000000e+00 0.000000000e+00 0.000000000e+00 
0.000000000e+00 0.000000000e+00 0.000000000e+00 0.000000000e+00 0.000000000e+00 
0.000000000e+00 0.000000000e+00 0.000000000e+00 0.000000000e+00 0.000000000e+00 
massfraction-O2
0.000000000e+00 0.000000000e+00 0.000000000e+00 0.000000000e+00 0.000000000e+00 
0.000000000e+00 0.000000000e+00 0.000000000e+00 0.000000000e+00 0.000000000e+00 
0.000000000e+00 0.000000000e+00 0.000000000e+00 0.000000000e+00 0.000000000e+00 
0.000000000e+00 0.000000000e+00 0.000000000e+00 0.000000000e+00 0.000000000e+00 
0.000000000e+00 0.000000000e+00 0.000000000e+00 0.000000000e+00 0.000000000e+00 
0.000000000e+00 0.000000000e+00 0.000000000e+00 0.000000000e+00 0.000000000e+00 
0.000000000e+00 0.000000000e+00 0.000000000e+00 0.000000000e+00 0.000000000e+00 
1.012754496e-10 9.320383025e-10 8.062638189e-09 6.523304159e-08 4.908203891e-07 
3.411230569e-06 2.171403098e-05 1.250722094e-04 6.390429614e-04 2.797380153e-03 
9.940889618e-03 2.701789871e-02 5.480990026e-02 8.657776954e-02 1.155300236e-01 
1.403300471e-01 1.634208607e-01 1.887122950e-01 2.208782501e-01 2.644899565e-01 
3.226059833e-01 3.953875029e-01 4.796316421e-01 5.697181204e-01 6.594300108e-01 
7.433854451e-01 8.174253031e-01 8.784500436e-01 9.245807583e-01 9.559656674e-01 
9.754697091e-01 9.874500158e-01 9.947795754e-01 9.984374185e-01 9.996369188e-01 
9.999209825e-01 9.999817293e-01 9.999952064e-01 9.999985924e-01 9.999995639e-01 
9.999998644e-01 9.999999588e-01 9.999999879e-01 9.999999966e-01 9.999999991e-01 
9.999999998e-01 9.999999999e-01 1.000000000e+00 1.000000000e+00 1.000000000e+00 
1.000000000e+00 1.000000000e+00 1.000000000e+00 1.000000000e+00 1.000000000e+00 
1.000000000e+00 1.000000000e+00 1.000000000e+00 1.000000000e+00 1.000000000e+00 
1.000000000e+00 1.000000000e+00 1.000000000e+00 1.000000000e+00 1.000000000e+00 
1.000000000e+00 1.000000000e+00 1.000000000e+00 1.000000000e+00 1.000000000e+00 
1.000000000e+00 1.000000000e+00 1.000000000e+00 1.000000000e+00 1.000000000e+00 
1.000000000e+00 1.000000000e+00 1.000000000e+00 1.000000000e+00 1.000000000e+00 
1.000000000e+00 1.000000000e+00 1.000000000e+00 1.000000000e+00 1.000000000e+00 
1.000000000e+00 1.000000000e+00 1.000000000e+00 1.000000000e+00 1.000000000e+00 
1.000000000e+00 1.000000000e+00 1.000000000e+00 1.000000000e+00 1.000000000e+00 
1.000000000e+00 1.000000000e+00 1.000000000e+00 1.000000000e+00 1.000000000e+00 
1.000000000e+00 1.000000000e+00 1.000000000e+00 1.000000000e+00 1.000000000e+00 
1.000000000e+00 1.000000000e+00 1.000000000e+00 1.000000000e+00 1.000000000e+00 
1.000000000e+00 1.000000000e+00 1.000000000e+00 1.000000000e+00 1.000000000e+00 
1.000000000e+00 1.000000000e+00 1.000000000e+00 1.000000000e+00 1.000000000e+00 
1.000000000e+00 1.000000000e+00 1.000000000e+00 1.000000000e+00 1.000000000e+00 
massfraction-OH
0.000000000e+00 0.000000000e+00 0.000000000e+00 0.000000000e+00 0.000000000e+00 
0.000000000e+00 0.000000000e+00 0.000000000e+00 0.000000000e+00 0.000000000e+00 
0.000000000e+00 0.000000000e+00 0.000000000e+00 0.000000000e+00 0.000000000e+00 
0.000000000e+00 0.000000000e+00 0.000000000e+00 0.000000000e+00 0.000000000e+00 
0.000000000e+00 0.000000000e+00 0.000000000e+00 0.000000000e+00 0.000000000e+00 
0.000000000e+00 0.000000000e+00 0.000000000e+00 0.000000000e+00 0.000000000e+00 
0.000000000e+00 0.000000000e+00 0.000000000e+00 0.000000000e+00 0.000000000e+00 
0.000000000e+00 4.344869950e-10 3.016748794e-09 1.969349322e-08 1.203012540e-07 
6.839819242e-07 3.595553241e-06 1.729496389e-05 7.444377968e-05 2.727682564e-04 
7.845937403e-04 1.636636661e-03 2.389915799e-03 2.670349651e-03 2.884445281e-03 
3.827762624e-03 6.350626477e-03 1.125317193e-02 1.897177829e-02 2.890350586e-02 
3.892820964e-02 4.600780259e-02 4.788648359e-02 4.437090354e-02 3.707283413e-02 
2.826977448e-02 1.992219041e-02 1.321064411e-02 8.529173025e-03 5.631311285e-03 
3.680708294e-03 1.849236105e-03 4.877310428e-04 8.646949881e-05 1.807758768e-05 
4.048098878e-06 8.636693458e-07 1.715505950e-07 3.174767113e-08 5.496727749e-09 
8.940805768e-10 1.371410329e-10 0.000000000e+00 0.000000000e+00 0.000000000e+00 
0.000000000e+00 0.000000000e+00 0.000000000e+00 0.000000000e+00 0.000000000e+00 
0.000000000e+00 0.000000000e+00 0.000000000e+00 0.000000000e+00 0.000000000e+00 
0.000000000e+00 0.000000000e+00 0.000000000e+00 0.000000000e+00 0.000000000e+00 
0.000000000e+00 0.000000000e+00 0.000000000e+00 0.000000000e+00 0.000000000e+00 
0.000000000e+00 0.000000000e+00 0.000000000e+00 0.000000000e+00 0.000000000e+00 
0.000000000e+00 0.000000000e+00 0.000000000e+00 0.000000000e+00 0.000000000e+00 
0.000000000e+00 0.000000000e+00 0.000000000e+00 0.000000000e+00 0.000000000e+00 
0.000000000e+00 0.000000000e+00 0.000000000e+00 0.000000000e+00 0.000000000e+00 
0.000000000e+00 0.000000000e+00 0.000000000e+00 0.000000000e+00 0.000000000e+00 
0.000000000e+00 0.000000000e+00 0.000000000e+00 0.000000000e+00 0.000000000e+00 
0.000000000e+00 0.000000000e+00 0.000000000e+00 0.000000000e+00 0.000000000e+00 
0.000000000e+00 0.000000000e+00 0.000000000e+00 0.000000000e+00 0.000000000e+00 
0.000000000e+00 0.000000000e+00 0.000000000e+00 0.000000000e+00 0.000000000e+00 
0.000000000e+00 0.000000000e+00 0.000000000e+00 0.000000000e+00 0.000000000e+00 
0.000000000e+00 0.000000000e+00 0.000000000e+00 0.000000000e+00 0.000000000e+00 
0.000000000e+00 0.000000000e+00 0.000000000e+00 0.000000000e+00 0.000000000e+00 
massfraction-HO2
0.000000000e+00 0.000000000e+00 0.000000000e+00 0.000000000e+00 0.000000000e+00 
0.000000000e+00 0.000000000e+00 0.000000000e+00 0.000000000e+00 0.000000000e+00 
0.000000000e+00 0.000000000e+00 0.000000000e+00 0.000000000e+00 0.000000000e+00 
0.000000000e+00 0.000000000e+00 0.000000000e+00 0.000000000e+00 0.000000000e+00 
0.000000000e+00 0.000000000e+00 0.000000000e+00 0.000000000e+00 0.000000000e+00 
0.000000000e+00 0.000000000e+00 0.000000000e+00 0.000000000e+00 0.000000000e+00 
0.000000000e+00 0.000000000e+00 0.000000000e+00 0.000000000e+00 0.000000000e+00 
0.000000000e+00 0.000000000e+00 1.460034552e-10 1.182085286e-09 8.897324891e-09 
6.178773286e-08 3.914437988e-07 2.216015937e-06 1.074094178e-05 4.114764369e-05 
1.128455131e-04 2.123347984e-04 2.892408203e-04 3.159151694e-04 3.042775504e-04 
2.763816946e-04 2.469925976e-04 2.237894485e-04 2.089975833e-04 2.019755162e-04 
2.003975704e-04 2.014231005e-04 2.031366265e-04 2.055945661e-04 2.110067316e-04 
2.235371471e-04 2.497009764e-04 2.999332112e-04 3.905101446e-04 5.410981066e-04 
7.582370127e-04 9.865295538e-04 9.463510531e-04 4.162231480e-04 9.724344068e-05 
1.739458034e-05 2.692082528e-06 3.758709099e-07 4.821387073e-08 5.738639665e-09 
6.379900844e-10 0.000000000e+00 0.000000000e+00 0.000000000e+00 0.000000000e+00 
0.000000000e+00 0.000000000e+00 0.000000000e+00 0.000000000e+00 0.000000000e+00 
0.000000000e+00 0.000000000e+00 0.000000000e+00 0.000000000e+00 0.000000000e+00 
0.000000000e+00 0.000000000e+00 0.000000000e+00 0.000000000e+00 0.000000000e+00 
0.000000000e+00 0.000000000e+00 0.000000000e+00 0.000000000e+00 0.000000000e+00 
0.000000000e+00 0.000000000e+00 0.000000000e+00 0.000000000e+00 0.000000000e+00 
0.000000000e+00 0.000000000e+00 0.000000000e+00 0.000000000e+00 0.000000000e+00 
0.000000000e+00 0.000000000e+00 0.000000000e+00 0.000000000e+00 0.000000000e+00 
0.000000000e+00 0.000000000e+00 0.000000000e+00 0.000000000e+00 0.000000000e+00 
0.000000000e+00 0.000000000e+00 0.000000000e+00 0.000000000e+00 0.000000000e+00 
0.000000000e+00 0.000000000e+00 0.000000000e+00 0.000000000e+00 0.000000000e+00 
0.000000000e+00 0.000000000e+00 0.000000000e+00 0.000000000e+00 0.000000000e+00 
0.000000000e+00 0.000000000e+00 0.000000000e+00 0.000000000e+00 0.000000000e+00 
0.000000000e+00 0.000000000e+00 0.000000000e+00 0.000000000e+00 0.000000000e+00 
0.000000000e+00 0.000000000e+00 0.000000000e+00 0.000000000e+00 0.000000000e+00 
0.000000000e+00 0.000000000e+00 0.000000000e+00 0.000000000e+00 0.000000000e+00 
0.000000000e+00 0.000000000e+00 0.000000000e+00 0.000000000e+00 0.000000000e+00 
massfraction-H2O
0.000000000e+00 0.000000000e+00 0.000000000e+00 0.000000000e+00 0.000000000e+00 
0.000000000e+00 0.000000000e+00 0.000000000e+00 0.000000000e+00 0.000000000e+00 
0.000000000e+00 0.000000000e+00 0.000000000e+00 0.000000000e+00 0.000000000e+00 
0.000000000e+00 0.000000000e+00 0.000000000e+00 0.000000000e+00 0.000000000e+00 
0.000000000e+00 0.000000000e+00 0.000000000e+00 0.000000000e+00 0.000000000e+00 
0.000000000e+00 0.000000000e+00 0.000000000e+00 0.000000000e+00 0.000000000e+00 
0.000000000e+00 0.000000000e+00 0.000000000e+00 0.000000000e+00 1.361082224e-10 
1.259227080e-09 1.100546124e-08 9.046651990e-08 6.959678881e-07 4.982306157e-06 
3.296233818e-05 1.996970132e-04 1.092152166e-03 5.254704426e-03 2.123857295e-02 
6.767031463e-02 1.620223153e-01 2.930391667e-01 4.238067350e-01 5.274118482e-01 
5.982496296e-01 6.402393641e-01 6.570469905e-01 6.490769606e-01 6.158709016e-01 
5.592431253e-01 4.850978285e-01 4.023735267e-01 3.200218945e-01 2.445495771e-01 
1.794492105e-01 1.259804769e-01 8.415385344e-02 5.321371514e-02 3.170233062e-02 
1.760333802e-02 8.734729633e-03 3.386580347e-03 8.976714931e-04 1.849751063e-04 
3.324066995e-05 5.415828834e-06 8.110691203e-07 1.124899246e-07 1.453153374e-08 
1.756951086e-09 1.996675039e-10 0.000000000e+00 0.000000000e+00 0.000000000e+00 
0.000000000e+00 0.000000000e+00 0.000000000e+00 0.000000000e+00 0.000000000e+00 
0.000000000e+00 0.000000000e+00 0.000000000e+00 0.000000000e+00 0.000000000e+00 
0.000000000e+00 0.000000000e+00 0.000000000e+00 0.000000000e+00 0.000000000e+00 
0.000000000e+00 0.000000000e+00 0.000000000e+00 0.000000000e+00 0.000000000e+00 
0.000000000e+00 0.000000000e+00 0.000000000e+00 0.000000000e+00 0.000000000e+00 
0.000000000e+00 0.000000000e+00 0.000000000e+00 0.000000000e+00 0.000000000e+00 
0.000000000e+00 0.000000000e+00 0.000000000e+00 0.000000000e+00 0.000000000e+00 
0.000000000e+00 0.000000000e+00 0.000000000e+00 0.000000000e+00 0.000000000e+00 
0.000000000e+00 0.000000000e+00 0.000000000e+00 0.000000000e+00 0.000000000e+00 
0.000000000e+00 0.000000000e+00 0.000000000e+00 0.000000000e+00 0.000000000e+00 
0.000000000e+00 0.000000000e+00 0.000000000e+00 0.000000000e+00 0.000000000e+00 
0.000000000e+00 0.000000000e+00 0.000000000e+00 0.000000000e+00 0.000000000e+00 
0.000000000e+00 0.000000000e+00 0.000000000e+00 0.000000000e+00 0.000000000e+00 
0.000000000e+00 0.000000000e+00 0.000000000e+00 0.000000000e+00 0.000000000e+00 
0.000000000e+00 0.000000000e+00 0.000000000e+00 0.000000000e+00 0.000000000e+00 
0.000000000e+00 0.000000000e+00 0.000000000e+00 0.000000000e+00 0.000000000e+00 
massfraction-H2O2
0.000000000e+00 0.000000000e+00 0.000000000e+00 0.000000000e+00 0.000000000e+00 
0.000000000e+00 0.000000000e+00 0.000000000e+00 0.000000000e+00 0.000000000e+00 
0.000000000e+00 0.000000000e+00 0.000000000e+00 0.000000000e+00 0.000000000e+00 
0.000000000e+00 0.000000000e+00 0.000000000e+00 0.000000000e+00 0.000000000e+00 
0.000000000e+00 0.000000000e+00 0.000000000e+00 0.000000000e+00 0.000000000e+00 
0.000000000e+00 0.000000000e+00 0.000000000e+00 0.000000000e+00 0.000000000e+00 
0.000000000e+00 0.000000000e+00 0.000000000e+00 0.000000000e+00 0.000000000e+00 
0.000000000e+00 0.000000000e+00 0.000000000e+00 0.000000000e+00 7.473470072e-10 
5.199537271e-09 3.308631393e-08 1.895085814e-07 9.447069022e-07 3.801020844e-06 
1.075890808e-05 1.846658851e-05 1.841293033e-05 1.215386623e-05 7.049627563e-06 
5.348773430e-06 6.380779156e-06 9.689984791e-06 1.524269591e-05 2.252174692e-05 
2.993909163e-05 3.532964279e-05 3.732012610e-05 3.615226268e-05 3.328937198e-05 
3.075720583e-05 3.124501418e-05 3.895530165e-05 5.934278110e-05 9.358265755e-05 
1.273721258e-04 1.286755213e-04 8.273666288e-05 3.028801175e-05 6.415652276e-06 
1.080537485e-06 1.619834431e-07 2.222645952e-08 2.819544827e-09 3.327483401e-10 
0.000000000e+00 0.000000000e+00 0.000000000e+00 0.000000000e+00 0.000000000e+00 
0.000000000e+00 0.000000000e+00 0.000000000e+00 0.000000000e+00 0.000000000e+00 
0.000000000e+00 0.000000000e+00 0.000000000e+00 0.000000000e+00 0.000000000e+00 
0.000000000e+00 0.000000000e+00 0.000000000e+00 0.000000000e+00 0.000000000e+00 
0.000000000e+00 0.000000000e+00 0.000000000e+00 0.000000000e+00 0.000000000e+00 
0.000000000e+00 0.000000000e+00 0.000000000e+00 0.000000000e+00 0.000000000e+00 
0.000000000e+00 0.000000000e+00 0.000000000e+00 0.000000000e+00 0.000000000e+00 
0.000000000e+00 0.000000000e+00 0.000000000e+00 0.000000000e+00 0.000000000e+00 
0.000000000e+00 0.000000000e+00 0.000000000e+00 0.000000000e+00 0.000000000e+00 
0.000000000e+00 0.000000000e+00 0.000000000e+00 0.000000000e+00 0.000000000e+00 
0.000000000e+00 0.000000000e+00 0.000000000e+00 0.000000000e+00 0.000000000e+00 
0.000000000e+00 0.000000000e+00 0.000000000e+00 0.000000000e+00 0.000000000e+00 
0.000000000e+00 0.000000000e+00 0.000000000e+00 0.000000000e+00 0.000000000e+00 
0.000000000e+00 0.000000000e+00 0.000000000e+00 0.000000000e+00 0.000000000e+00 
0.000000000e+00 0.000000000e+00 0.000000000e+00 0.000000000e+00 0.000000000e+00 
0.000000000e+00 0.000000000e+00 0.000000000e+00 0.000000000e+00 0.000000000e+00 
0.000000000e+00 0.000000000e+00 0.000000000e+00 0.000000000e+00 0.000000000e+00 
PREMIX_CDOT
0.000000000e+00 -3.481877714e-19 -3.435562202e-19 -3.389710483e-19 -3.344272243e-19 
-3.299198728e-19 -3.254442492e-19 -3.209957149e-19 -3.165697134e-19 -3.121617475e-19 
-3.077673558e-19 -3.033820900e-19 -2.990014908e-19 -2.946210643e-19 -2.902362558e-19 
-2.858424237e-19 -2.814348084e-19 -2.770084815e-19 -2.725580465e-19 -2.680741577e-19 
-2.634996383e-19 -2.581831556e-19 -2.442291571e-19 -1.275334175e-19 1.185345273e-18 
1.605259751e-17 1.800845846e-16 1.935326711e-15 2.011044820e-14 2.018043800e-13 
1.950342239e-12 1.808176876e-11 1.597344298e-10 1.326825942e-09 1.005923739e-08 
6.432615717e-08 2.503404665e-07 -1.497009142e-06 -5.123799332e-05 -7.707207114e-04 
-8.523162438e-03 -7.161045300e-02 -3.990123252e-01 -4.948880381e-01 1.288837400e+01 
1.005666108e+02 3.323676691e+02 6.572738853e+02 9.611352795e+02 1.259276559e+03 
1.874559594e+03 3.457817272e+03 6.721075965e+03 1.197527339e+04 1.865341861e+04 
2.507868501e+04 2.914515050e+04 2.979840078e+04 2.757622613e+04 2.357293892e+04 
1.844640168e+04 1.254163105e+04 6.623143282e+03 2.186476756e+03 5.958639368e+02 
1.194116594e+03 1.531170188e+03 9.055421059e+02 2.285302384e+02 2.285418299e+01 
1.622901378e+00 1.036991569e-01 6.218114575e-03 3.563632206e-04 1.983635676e-05 
1.085094722e-06 5.873554384e-08 3.156673734e-09 1.686872871e-10 8.968268886e-12 
4.744726318e-13 2.498280059e-14 1.309278087e-15 6.829834767e-17 3.546497766e-18 
1.833253650e-19 9.434095769e-21 4.833415261e-22 2.465501751e-23 1.252204693e-24 
6.332654478e-26 3.189029982e-27 1.599248228e-28 7.986932352e-30 3.972588595e-31 
1.967974516e-32 9.710480550e-34 4.772661694e-35 2.336698748e-36 1.139700387e-37 
5.537942735e-39 2.681020529e-40 1.293212821e-41 6.215593093e-43 2.976887978e-44 
1.420805465e-45 6.758089977e-47 3.203728482e-48 1.513753544e-49 7.129316054e-51 
3.347028714e-52 1.566446842e-53 7.308739424e-55 3.399898550e-56 1.576929598e-57 
7.293027508e-59 3.363404147e-60 1.546865295e-61 7.095040424e-63 3.245734606e-64 
1.480995819e-65 6.740691113e-67 3.060497671e-68 1.386259902e-69 6.264696232e-71 
2.826205446e-72 1.286972577e-73 7.323520508e-75 1.873804277e-75 1.629597328e-75 
1.618674079e-75 1.618186222e-75 1.618164452e-75 1.618163480e-75 1.618163437e-75 
1.618163435e-75 1.618163435e-75 1.618163435e-75 1.618163435e-75 1.618163435e-75 
1.618163435e-75 1.618163435e-75 1.618163435e-75 1.618163435e-75 1.618163435e-75 
1.618163435e-75 1.618163435e-75 1.618163435e-75 1.618163435e-75 1.618163435e-75 
1.618163435e-75 1.618163435e-75 1.618163435e-75 1.618163435e-75 1.618163435e-75 
1.618163435e-75 1.618163435e-75 1.618163435e-75 1.618163435e-75 0.000000000e+00 

