HEADER
PREMIX_CHI 0.0000
C  0.921563
NUMOFSPECIES  13
GRIDPOINTS 160
PRESSURE 101325.00
BODY
MIXTURE_FRACTION
1.000000000e+00 9.999999990e-01 1.000000000e+00 9.999999990e-01 1.000000000e+00 
9.999999990e-01 1.000000000e+00 9.999999990e-01 1.000000000e+00 9.999999990e-01 
1.000000000e+00 9.999999990e-01 1.000000000e+00 9.999999990e-01 1.000000000e+00 
9.999999990e-01 1.000000000e+00 9.999999990e-01 1.000000000e+00 9.999999990e-01 
1.000000000e+00 9.999999990e-01 1.000000000e+00 9.999999990e-01 1.000000000e+00 
9.999999990e-01 1.000000000e+00 1.000000000e+00 1.000000000e+00 1.000000000e+00 
1.000000000e+00 1.000000000e+00 1.000000000e+00 9.999999999e-01 9.999999989e-01 
9.999999901e-01 9.999999171e-01 9.999993526e-01 9.999952981e-01 9.999684729e-01 
9.998068478e-01 9.989376675e-01 9.949257817e-01 9.800584200e-01 9.389779012e-01 
8.572300002e-01 7.382250669e-01 6.052543879e-01 4.833310098e-01 3.849058281e-01 
3.106460094e-01 2.557958848e-01 2.149505813e-01 1.837519356e-01 1.586503892e-01 
1.367986298e-01 1.164888878e-01 9.735893041e-02 7.975303969e-02 6.403204432e-02 
5.035398914e-02 3.870669940e-02 2.897498532e-02 2.098778088e-02 1.454890047e-02 
9.469149611e-03 5.618127571e-03 2.893985986e-03 1.160749624e-03 3.485345614e-04 
8.791614900e-05 2.138969059e-05 5.544544236e-06 1.605206846e-06 5.083327856e-07 
1.668512989e-07 5.436195954e-08 1.718780862e-08 5.226009671e-09 1.524177394e-09 
4.264590826e-10 1.146016212e-10 2.962148464e-11 7.375289822e-12 1.771507041e-12 
4.110574495e-13 9.226327051e-14 2.005673553e-14 4.227706701e-15 8.650532790e-16 
1.720001513e-16 3.326547908e-17 6.263932749e-18 1.149418498e-18 2.057112931e-19 
3.593693472e-20 6.132891108e-21 1.023186093e-21 1.670011534e-22 2.668440573e-23 
4.176907786e-24 6.408947200e-25 9.645349050e-26 1.424636742e-26 2.066292808e-27 
2.944553031e-28 4.124935275e-29 5.683400392e-30 7.705644119e-31 1.028558421e-31 
1.352296565e-32 1.752006782e-33 2.237757154e-34 2.818972385e-35 3.503901753e-36 
4.299067130e-37 5.208724720e-38 6.234376783e-39 7.374369221e-40 8.623607498e-41 
9.973416976e-42 1.141156501e-42 1.292245172e-43 1.448746512e-44 1.608548549e-45 
1.769351397e-46 1.928739262e-47 2.084257815e-48 2.233492886e-49 2.374146521e-50 
2.504106763e-51 2.621508039e-52 2.724779808e-53 2.812681872e-54 2.884325648e-55 
2.939181476e-56 2.977072767e-57 2.998158399e-58 3.002905195e-59 2.992052620e-60 
2.966571951e-61 2.927622152e-62 2.876504567e-63 2.814618305e-64 2.743417895e-65 
2.664374460e-66 2.578941333e-67 2.488524691e-68 2.394459485e-69 2.297990693e-70 
2.200259690e-71 2.102295362e-72 2.005009417e-73 1.909194663e-74 1.815518977e-75 
1.724447602e-76 1.635425587e-77 1.538643552e-78 1.332623735e-79 0.000000000e+00 
PROGRESS VARIABLE
5.315087832e-22 5.316823491e-22 5.318115914e-22 5.319035668e-22 5.319641187e-22 
5.319980929e-22 5.320095125e-22 5.320017243e-22 5.319775484e-22 5.319396356e-22 
5.318925904e-22 5.318587325e-22 5.319973382e-22 5.334986544e-22 5.452005828e-22 
6.318585016e-22 1.260815941e-21 5.750092337e-21 3.724495014e-20 2.541718741e-19 
1.719197230e-18 1.140768284e-17 7.406084271e-17 4.696804899e-16 2.905267289e-15 
1.750121376e-14 1.025057831e-13 5.827667346e-13 3.210297707e-12 1.710472199e-11 
8.798797553e-11 4.362520189e-10 2.082092953e-09 9.562486876e-09 4.233621100e-08 
1.817408061e-07 7.661828476e-07 3.242056790e-06 1.414774800e-05 6.479123196e-05 
3.080348601e-04 1.455878265e-03 6.397418963e-03 2.408001444e-02 7.210238704e-02 
1.667215368e-01 3.033930611e-01 4.549927291e-01 5.930494177e-01 7.037560765e-01 
7.865229513e-01 8.463817540e-01 8.881984817e-01 9.139012128e-01 9.215628277e-01 
0.000000000e+00 0.000000000e+00 0.000000000e+00 0.000000000e+00 0.000000000e+00 
0.000000000e+00 0.000000000e+00 0.000000000e+00 0.000000000e+00 0.000000000e+00 
0.000000000e+00 0.000000000e+00 0.000000000e+00 0.000000000e+00 0.000000000e+00 
0.000000000e+00 0.000000000e+00 0.000000000e+00 0.000000000e+00 0.000000000e+00 
0.000000000e+00 0.000000000e+00 0.000000000e+00 0.000000000e+00 0.000000000e+00 
0.000000000e+00 0.000000000e+00 0.000000000e+00 0.000000000e+00 0.000000000e+00 
0.000000000e+00 0.000000000e+00 0.000000000e+00 0.000000000e+00 0.000000000e+00 
0.000000000e+00 0.000000000e+00 0.000000000e+00 0.000000000e+00 0.000000000e+00 
0.000000000e+00 0.000000000e+00 0.000000000e+00 0.000000000e+00 0.000000000e+00 
0.000000000e+00 0.000000000e+00 0.000000000e+00 0.000000000e+00 0.000000000e+00 
0.000000000e+00 0.000000000e+00 0.000000000e+00 0.000000000e+00 0.000000000e+00 
0.000000000e+00 0.000000000e+00 0.000000000e+00 0.000000000e+00 0.000000000e+00 
0.000000000e+00 0.000000000e+00 0.000000000e+00 0.000000000e+00 0.000000000e+00 
0.000000000e+00 0.000000000e+00 0.000000000e+00 0.000000000e+00 0.000000000e+00 
0.000000000e+00 0.000000000e+00 0.000000000e+00 0.000000000e+00 0.000000000e+00 
0.000000000e+00 0.000000000e+00 0.000000000e+00 0.000000000e+00 0.000000000e+00 
0.000000000e+00 0.000000000e+00 0.000000000e+00 0.000000000e+00 0.000000000e+00 
0.000000000e+00 0.000000000e+00 0.000000000e+00 0.000000000e+00 0.000000000e+00 
0.000000000e+00 0.000000000e+00 0.000000000e+00 0.000000000e+00 0.000000000e+00 
0.000000000e+00 0.000000000e+00 0.000000000e+00 0.000000000e+00 0.000000000e+00 
0.000000000e+00 0.000000000e+00 0.000000000e+00 0.000000000e+00 0.000000000e+00 
TEMPERATURE
3.000000000e+02 3.000000000e+02 3.000000000e+02 3.000000000e+02 3.000000000e+02 
3.000000000e+02 3.000000000e+02 3.000000000e+02 3.000000000e+02 3.000000000e+02 
3.000000000e+02 3.000000000e+02 3.000000000e+02 3.000000000e+02 3.000000000e+02 
3.000000000e+02 3.000000000e+02 3.000000000e+02 3.000000000e+02 3.000000000e+02 
3.000000000e+02 3.000000000e+02 3.000000000e+02 3.000000000e+02 3.000000000e+02 
3.000000000e+02 3.000000000e+02 3.000000000e+02 3.000000000e+02 3.000000000e+02 
3.000000002e+02 3.000000013e+02 3.000000077e+02 3.000000450e+02 3.000002494e+02 
3.000013113e+02 3.000065237e+02 3.000305822e+02 3.001344616e+02 3.005512951e+02 
3.020910780e+02 3.072434981e+02 3.224000317e+02 3.597371515e+02 4.331965999e+02 
5.484800068e+02 7.003661881e+02 8.792941007e+02 1.077141960e+03 1.288619766e+03 
1.509108976e+03 1.733619170e+03 1.953945816e+03 2.160143295e+03 2.340979218e+03 
2.486246255e+03 2.589431391e+03 2.647991782e+03 2.661247527e+03 2.628580965e+03 
2.549034305e+03 2.421754439e+03 2.246782299e+03 2.025859272e+03 1.763115396e+03 
1.465687839e+03 1.143838016e+03 8.125685060e+02 5.279615627e+02 3.708634478e+02 
3.166234636e+02 3.032665135e+02 3.005700380e+02 3.000903823e+02 3.000131609e+02 
3.000017727e+02 3.000002222e+02 3.000000260e+02 3.000000029e+02 3.000000003e+02 
3.000000000e+02 3.000000000e+02 3.000000000e+02 3.000000000e+02 3.000000000e+02 
3.000000000e+02 3.000000000e+02 3.000000000e+02 3.000000000e+02 3.000000000e+02 
3.000000000e+02 3.000000000e+02 3.000000000e+02 3.000000000e+02 3.000000000e+02 
3.000000000e+02 3.000000000e+02 3.000000000e+02 3.000000000e+02 3.000000000e+02 
3.000000000e+02 3.000000000e+02 3.000000000e+02 3.000000000e+02 3.000000000e+02 
3.000000000e+02 3.000000000e+02 3.000000000e+02 3.000000000e+02 3.000000000e+02 
3.000000000e+02 3.000000000e+02 3.000000000e+02 3.000000000e+02 3.000000000e+02 
3.000000000e+02 3.000000000e+02 3.000000000e+02 3.000000000e+02 3.000000000e+02 
3.000000000e+02 3.000000000e+02 3.000000000e+02 3.000000000e+02 3.000000000e+02 
3.000000000e+02 3.000000000e+02 3.000000000e+02 3.000000000e+02 3.000000000e+02 
3.000000000e+02 3.000000000e+02 3.000000000e+02 3.000000000e+02 3.000000000e+02 
3.000000000e+02 3.000000000e+02 3.000000000e+02 3.000000000e+02 3.000000000e+02 
3.000000000e+02 3.000000000e+02 3.000000000e+02 3.000000000e+02 3.000000000e+02 
3.000000000e+02 3.000000000e+02 3.000000000e+02 3.000000000e+02 3.000000000e+02 
3.000000000e+02 3.000000000e+02 3.000000000e+02 3.000000000e+02 3.000000000e+02 
3.000000000e+02 3.000000000e+02 3.000000000e+02 3.000000000e+02 3.000000000e+02 
Cp
1.432478610e+04 1.432478610e+04 1.432478610e+04 1.432478610e+04 1.432478610e+04 
1.432478610e+04 1.432478610e+04 1.432478610e+04 1.432478610e+04 1.432478610e+04 
1.432478610e+04 1.432478610e+04 1.432478610e+04 1.432478610e+04 1.432478610e+04 
1.432478610e+04 1.432478610e+04 1.432478610e+04 1.432478610e+04 1.432478610e+04 
1.432478610e+04 1.432478610e+04 1.432478610e+04 1.432478610e+04 1.432478610e+04 
1.432478610e+04 1.432478610e+04 1.432478610e+04 1.432478610e+04 1.432478610e+04 
1.432478611e+04 1.432478611e+04 1.432478613e+04 1.432478623e+04 1.432478671e+04 
1.432478896e+04 1.432479874e+04 1.432483767e+04 1.432497293e+04 1.432533534e+04 
1.432569775e+04 1.432197294e+04 1.428919827e+04 1.413198094e+04 1.363390077e+04 
1.256592182e+04 1.097135508e+04 9.237019329e+03 7.764555782e+03 6.585299234e+03 
5.683782501e+03 5.009911888e+03 4.497901432e+03 4.093521885e+03 3.751429039e+03 
3.434872387e+03 3.123873121e+03 2.818933142e+03 2.530364830e+03 2.267008686e+03 
2.033035070e+03 1.828936260e+03 1.653006799e+03 1.502415925e+03 1.373974421e+03 
1.264910205e+03 1.173734864e+03 1.087136178e+03 9.910446342e+02 9.391850203e+02 
9.219755728e+02 9.177401207e+02 9.168548046e+02 9.166825002e+02 9.166485845e+02 
9.166411769e+02 9.166392840e+02 9.166387369e+02 9.166385708e+02 9.166385206e+02 
9.166385058e+02 9.166385016e+02 9.166385004e+02 9.166385001e+02 9.166385001e+02 
9.166385000e+02 9.166385000e+02 9.166385000e+02 9.166385000e+02 9.166385000e+02 
9.166385000e+02 9.166385000e+02 9.166385000e+02 9.166385000e+02 9.166385000e+02 
9.166385000e+02 9.166385000e+02 9.166385000e+02 9.166385000e+02 9.166385000e+02 
9.166385000e+02 9.166385000e+02 9.166385000e+02 9.166385000e+02 9.166385000e+02 
9.166385000e+02 9.166385000e+02 9.166385000e+02 9.166385000e+02 9.166385000e+02 
9.166385000e+02 9.166385000e+02 9.166385000e+02 9.166385000e+02 9.166385000e+02 
9.166385000e+02 9.166385000e+02 9.166385000e+02 9.166385000e+02 9.166385000e+02 
9.166385000e+02 9.166385000e+02 9.166385000e+02 9.166385000e+02 9.166385000e+02 
9.166385000e+02 9.166385000e+02 9.166385000e+02 9.166385000e+02 9.166385000e+02 
9.166385000e+02 9.166385000e+02 9.166385000e+02 9.166385000e+02 9.166385000e+02 
9.166385000e+02 9.166385000e+02 9.166385000e+02 9.166385000e+02 9.166385000e+02 
9.166385000e+02 9.166385000e+02 9.166385000e+02 9.166385000e+02 9.166385000e+02 
9.166385000e+02 9.166385000e+02 9.166385000e+02 9.166385000e+02 9.166385000e+02 
9.166385000e+02 9.166385000e+02 9.166385000e+02 9.166385000e+02 9.166385000e+02 
9.166385000e+02 9.166385000e+02 9.166385000e+02 9.166385000e+02 9.166385000e+02 
MMW
2.015880000e+00 2.015880000e+00 2.015880000e+00 2.015880000e+00 2.015880000e+00 
2.015880000e+00 2.015880000e+00 2.015880000e+00 2.015880000e+00 2.015880000e+00 
2.015880000e+00 2.015880000e+00 2.015880000e+00 2.015880000e+00 2.015880000e+00 
2.015880000e+00 2.015880000e+00 2.015880000e+00 2.015880000e+00 2.015880000e+00 
2.015880000e+00 2.015880000e+00 2.015880000e+00 2.015880000e+00 2.015880000e+00 
2.015880000e+00 2.015880000e+00 2.015880000e+00 2.015880000e+00 2.015880000e+00 
2.015880000e+00 2.015879999e+00 2.015879996e+00 2.015879981e+00 2.015879919e+00 
2.015879676e+00 2.015878811e+00 2.015876239e+00 2.015871630e+00 2.015884496e+00 
2.016086797e+00 2.017498932e+00 2.024767346e+00 2.053480555e+00 2.139111222e+00 
2.335173251e+00 2.698444487e+00 3.271790928e+00 4.070647984e+00 5.077272765e+00 
6.246655975e+00 7.525501130e+00 8.863215081e+00 1.021015171e+01 1.153724133e+01 
1.286092676e+01 1.423491003e+01 1.570718342e+01 1.729646788e+01 1.899695826e+01 
2.078618200e+01 2.262767683e+01 2.447171391e+01 2.625707910e+01 2.791469324e+01 
2.936927398e+01 3.052669806e+01 3.129660775e+01 3.172386881e+01 3.191276533e+01 
3.197510478e+01 3.199219091e+01 3.199679185e+01 3.199813743e+01 3.199857303e+01 
3.199872263e+01 3.199877439e+01 3.199879185e+01 3.199879752e+01 3.199879927e+01 
3.199879980e+01 3.199879995e+01 3.199879999e+01 3.199880000e+01 3.199880000e+01 
3.199880000e+01 3.199880000e+01 3.199880000e+01 3.199880000e+01 3.199880000e+01 
3.199880000e+01 3.199880000e+01 3.199880000e+01 3.199880000e+01 3.199880000e+01 
3.199880000e+01 3.199880000e+01 3.199880000e+01 3.199880000e+01 3.199880000e+01 
3.199880000e+01 3.199880000e+01 3.199880000e+01 3.199880000e+01 3.199880000e+01 
3.199880000e+01 3.199880000e+01 3.199880000e+01 3.199880000e+01 3.199880000e+01 
3.199880000e+01 3.199880000e+01 3.199880000e+01 3.199880000e+01 3.199880000e+01 
3.199880000e+01 3.199880000e+01 3.199880000e+01 3.199880000e+01 3.199880000e+01 
3.199880000e+01 3.199880000e+01 3.199880000e+01 3.199880000e+01 3.199880000e+01 
3.199880000e+01 3.199880000e+01 3.199880000e+01 3.199880000e+01 3.199880000e+01 
3.199880000e+01 3.199880000e+01 3.199880000e+01 3.199880000e+01 3.199880000e+01 
3.199880000e+01 3.199880000e+01 3.199880000e+01 3.199880000e+01 3.199880000e+01 
3.199880000e+01 3.199880000e+01 3.199880000e+01 3.199880000e+01 3.199880000e+01 
3.199880000e+01 3.199880000e+01 3.199880000e+01 3.199880000e+01 3.199880000e+01 
3.199880000e+01 3.199880000e+01 3.199880000e+01 3.199880000e+01 3.199880000e+01 
3.199880000e+01 3.199880000e+01 3.199880000e+01 3.199880000e+01 3.199880000e+01 
rho
8.188905810e-02 8.188905810e-02 8.188905810e-02 8.188905810e-02 8.188905810e-02 
8.188905810e-02 8.188905810e-02 8.188905810e-02 8.188905810e-02 8.188905810e-02 
8.188905810e-02 8.188905810e-02 8.188905810e-02 8.188905810e-02 8.188905810e-02 
8.188905810e-02 8.188905810e-02 8.188905810e-02 8.188905810e-02 8.188905810e-02 
8.188905810e-02 8.188905810e-02 8.188905810e-02 8.188905810e-02 8.188905810e-02 
8.188905810e-02 8.188905810e-02 8.188905810e-02 8.188905810e-02 8.188905809e-02 
8.188905804e-02 8.188905772e-02 8.188905582e-02 8.188904505e-02 8.188898676e-02 
8.188868701e-02 8.188722910e-02 8.188055835e-02 8.185203157e-02 8.173903296e-02 
8.133056345e-02 8.002267534e-02 7.653542652e-02 6.956451437e-02 6.017703438e-02 
5.188487327e-02 4.695380276e-02 4.534546282e-02 4.605460459e-02 4.801624138e-02 
5.044399115e-02 5.290103623e-02 5.527913344e-02 5.760127389e-02 6.006021374e-02 
6.303918319e-02 6.699351615e-02 7.228765503e-02 7.920536658e-02 8.807348155e-02 
9.937599719e-02 1.138655419e-01 1.327351202e-01 1.579499866e-01 1.929454653e-01 
2.441935457e-01 3.252353620e-01 4.693747635e-01 7.322616571e-01 1.048655555e+00 
1.230697548e+00 1.285588500e+00 1.297308323e+00 1.299436546e+00 1.299788707e+00 
1.299844124e+00 1.299852945e+00 1.299854504e+00 1.299854835e+00 1.299854917e+00 
1.299854940e+00 1.299854946e+00 1.299854947e+00 1.299854948e+00 1.299854948e+00 
1.299854948e+00 1.299854948e+00 1.299854948e+00 1.299854948e+00 1.299854948e+00 
1.299854948e+00 1.299854948e+00 1.299854948e+00 1.299854948e+00 1.299854948e+00 
1.299854948e+00 1.299854948e+00 1.299854948e+00 1.299854948e+00 1.299854948e+00 
1.299854948e+00 1.299854948e+00 1.299854948e+00 1.299854948e+00 1.299854948e+00 
1.299854948e+00 1.299854948e+00 1.299854948e+00 1.299854948e+00 1.299854948e+00 
1.299854948e+00 1.299854948e+00 1.299854948e+00 1.299854948e+00 1.299854948e+00 
1.299854948e+00 1.299854948e+00 1.299854948e+00 1.299854948e+00 1.299854948e+00 
1.299854948e+00 1.299854948e+00 1.299854948e+00 1.299854948e+00 1.299854948e+00 
1.299854948e+00 1.299854948e+00 1.299854948e+00 1.299854948e+00 1.299854948e+00 
1.299854948e+00 1.299854948e+00 1.299854948e+00 1.299854948e+00 1.299854948e+00 
1.299854948e+00 1.299854948e+00 1.299854948e+00 1.299854948e+00 1.299854948e+00 
1.299854948e+00 1.299854948e+00 1.299854948e+00 1.299854948e+00 1.299854948e+00 
1.299854948e+00 1.299854948e+00 1.299854948e+00 1.299854948e+00 1.299854948e+00 
1.299854948e+00 1.299854948e+00 1.299854948e+00 1.299854948e+00 1.299854948e+00 
1.299854948e+00 1.299854948e+00 1.299854948e+00 1.299854948e+00 1.299854948e+00 
mu
9.000028555e-06 9.000028555e-06 9.000028555e-06 9.000028555e-06 9.000028555e-06 
9.000028555e-06 9.000028555e-06 9.000028555e-06 9.000028555e-06 9.000028555e-06 
9.000028555e-06 9.000028555e-06 9.000028555e-06 9.000028555e-06 9.000028555e-06 
9.000028555e-06 9.000028555e-06 9.000028555e-06 9.000028555e-06 9.000028555e-06 
9.000028555e-06 9.000028555e-06 9.000028555e-06 9.000028555e-06 9.000028555e-06 
9.000028555e-06 9.000028555e-06 9.000028555e-06 9.000028555e-06 9.000028555e-06 
9.000028559e-06 9.000028581e-06 9.000028711e-06 9.000029457e-06 9.000033537e-06 
9.000054704e-06 9.000158495e-06 9.000637367e-06 9.002705726e-06 9.011014936e-06 
9.041765419e-06 9.144822207e-06 9.447606807e-06 1.018923229e-05 1.164831971e-05 
1.402329449e-05 1.747428773e-05 2.215960720e-05 2.812365656e-05 3.520807282e-05 
4.307452662e-05 5.133435643e-05 5.957641482e-05 6.741599142e-05 7.451356182e-05 
8.058268110e-05 8.537393260e-05 8.868722905e-05 9.041327735e-05 9.053129648e-05 
8.907593074e-05 8.611273249e-05 8.172667477e-05 7.601358293e-05 6.906973000e-05 
6.097902717e-05 5.177028914e-05 4.137635834e-05 3.101093364e-05 2.419095877e-05 
2.151879141e-05 2.082622364e-05 2.068458730e-05 2.065934116e-05 2.065528020e-05 
2.065468315e-05 2.065460252e-05 2.065459255e-05 2.065459144e-05 2.065459134e-05 
2.065459134e-05 2.065459134e-05 2.065459134e-05 2.065459134e-05 2.065459134e-05 
2.065459134e-05 2.065459134e-05 2.065459134e-05 2.065459134e-05 2.065459134e-05 
2.065459134e-05 2.065459134e-05 2.065459134e-05 2.065459134e-05 2.065459134e-05 
2.065459134e-05 2.065459134e-05 2.065459134e-05 2.065459134e-05 2.065459134e-05 
2.065459134e-05 2.065459134e-05 2.065459134e-05 2.065459134e-05 2.065459134e-05 
2.065459134e-05 2.065459134e-05 2.065459134e-05 2.065459134e-05 2.065459134e-05 
2.065459134e-05 2.065459134e-05 2.065459134e-05 2.065459134e-05 2.065459134e-05 
2.065459134e-05 2.065459134e-05 2.065459134e-05 2.065459134e-05 2.065459134e-05 
2.065459134e-05 2.065459134e-05 2.065459134e-05 2.065459134e-05 2.065459134e-05 
2.065459134e-05 2.065459134e-05 2.065459134e-05 2.065459134e-05 2.065459134e-05 
2.065459134e-05 2.065459134e-05 2.065459134e-05 2.065459134e-05 2.065459134e-05 
2.065459134e-05 2.065459134e-05 2.065459134e-05 2.065459134e-05 2.065459134e-05 
2.065459134e-05 2.065459134e-05 2.065459134e-05 2.065459134e-05 2.065459134e-05 
2.065459134e-05 2.065459134e-05 2.065459134e-05 2.065459134e-05 2.065459134e-05 
2.065459134e-05 2.065459134e-05 2.065459134e-05 2.065459134e-05 2.065459134e-05 
2.065459134e-05 2.065459134e-05 2.065459134e-05 2.065459134e-05 2.065459134e-05 
TC
1.868277014e-01 1.868277014e-01 1.868277014e-01 1.868277014e-01 1.868277014e-01 
1.868277014e-01 1.868277014e-01 1.868277014e-01 1.868277014e-01 1.868277014e-01 
1.868277014e-01 1.868277014e-01 1.868277014e-01 1.868277014e-01 1.868277014e-01 
1.868277014e-01 1.868277014e-01 1.868277014e-01 1.868277014e-01 1.868277014e-01 
1.868277014e-01 1.868277014e-01 1.868277014e-01 1.868277014e-01 1.868277014e-01 
1.868277014e-01 1.868277014e-01 1.868277014e-01 1.868277014e-01 1.868277014e-01 
1.868277015e-01 1.868277021e-01 1.868277054e-01 1.868277241e-01 1.868278249e-01 
1.868283426e-01 1.868308577e-01 1.868423631e-01 1.868916137e-01 1.870873265e-01 
1.878005119e-01 1.901304810e-01 1.966602952e-01 2.112981037e-01 2.361624029e-01 
2.692720519e-01 3.071927921e-01 3.467581548e-01 3.851881619e-01 4.205090653e-01 
4.512776159e-01 4.762096122e-01 4.934488752e-01 5.012736028e-01 4.978981809e-01 
4.819419960e-01 4.539937687e-01 4.172626672e-01 3.757794933e-01 3.326763337e-01 
2.899557646e-01 2.488680691e-01 2.102349360e-01 1.746092957e-01 1.423169582e-01 
1.134150721e-01 8.750783741e-02 6.369075232e-02 4.348167991e-02 3.184569469e-02 
2.778061576e-02 2.678182401e-02 2.657756064e-02 2.653968189e-02 2.653292211e-02 
2.653166561e-02 2.653139886e-02 2.653133180e-02 2.653131289e-02 2.653130734e-02 
2.653130573e-02 2.653130527e-02 2.653130515e-02 2.653130512e-02 2.653130511e-02 
2.653130511e-02 2.653130511e-02 2.653130511e-02 2.653130511e-02 2.653130511e-02 
2.653130511e-02 2.653130511e-02 2.653130511e-02 2.653130511e-02 2.653130511e-02 
2.653130511e-02 2.653130511e-02 2.653130511e-02 2.653130511e-02 2.653130511e-02 
2.653130511e-02 2.653130511e-02 2.653130511e-02 2.653130511e-02 2.653130511e-02 
2.653130511e-02 2.653130511e-02 2.653130511e-02 2.653130511e-02 2.653130511e-02 
2.653130511e-02 2.653130511e-02 2.653130511e-02 2.653130511e-02 2.653130511e-02 
2.653130511e-02 2.653130511e-02 2.653130511e-02 2.653130511e-02 2.653130511e-02 
2.653130511e-02 2.653130511e-02 2.653130511e-02 2.653130511e-02 2.653130511e-02 
2.653130511e-02 2.653130511e-02 2.653130511e-02 2.653130511e-02 2.653130511e-02 
2.653130511e-02 2.653130511e-02 2.653130511e-02 2.653130511e-02 2.653130511e-02 
2.653130511e-02 2.653130511e-02 2.653130511e-02 2.653130511e-02 2.653130511e-02 
2.653130511e-02 2.653130511e-02 2.653130511e-02 2.653130511e-02 2.653130511e-02 
2.653130511e-02 2.653130511e-02 2.653130511e-02 2.653130511e-02 2.653130511e-02 
2.653130511e-02 2.653130511e-02 2.653130511e-02 2.653130511e-02 2.653130511e-02 
2.653130511e-02 2.653130511e-02 2.653130511e-02 2.653130511e-02 2.653130511e-02 
net_rxn-H2
-1.459399466e-20 -1.117269631e-20 -8.296886137e-21 -5.878114250e-21 -3.842858351e-21 
-2.129864485e-21 -6.879904170e-22 5.255491292e-22 1.546614761e-21 2.405315029e-21 
3.126969227e-21 3.732900117e-21 4.241088361e-21 4.666714168e-21 5.022606685e-21 
5.319617721e-21 5.566933247e-21 5.772333584e-21 5.942411169e-21 6.082753086e-21 
6.198093071e-21 6.292420850e-21 6.368827695e-21 6.426368374e-21 6.429733855e-21 
6.361838804e-21 2.198068594e-20 7.554505538e-19 2.565174784e-17 7.608371226e-16 
2.047015274e-14 5.054918741e-13 1.147346857e-11 2.387579907e-10 4.535451858e-09 
7.822719672e-08 1.217610713e-06 1.698474505e-05 2.105995714e-04 2.295895045e-03 
2.160479403e-02 1.689546058e-01 1.015094597e+00 4.140081436e+00 1.038926289e+01 
1.648813126e+01 1.888256542e+01 1.771622525e+01 1.378548135e+01 5.470378462e+00 
-1.231087282e+01 -4.852677934e+01 -1.136394872e+02 -2.100990543e+02 -3.114236885e+02 
-3.616858384e+02 -3.304150701e+02 -2.531047424e+02 -1.790561741e+02 -1.255955490e+02 
-8.948066613e+01 -6.442699237e+01 -4.645325042e+01 -3.364778147e+01 -2.389279637e+01 
-1.311581940e+01 -3.256366556e+00 -3.006546841e-02 6.846937656e-03 -5.929319540e-04 
-3.752720728e-05 -3.262230399e-06 -2.999684950e-07 -2.503517930e-08 -1.841527654e-09 
-1.195178212e-10 -6.887790760e-12 -3.548226535e-13 -1.643989893e-14 -6.889284660e-16 
-2.624520405e-17 -9.131667713e-19 -2.914281318e-20 -8.564548201e-22 -2.326215764e-23 
-5.859143764e-25 -1.372842341e-26 -3.001108619e-28 -6.137723363e-30 -1.177371279e-31 
-2.123484924e-33 -3.609133855e-35 -5.793062009e-37 -8.799293662e-39 -1.267240474e-40 
-1.733552185e-42 -2.256513374e-44 -2.799516099e-46 -3.315591739e-48 -3.754411211e-50 
-4.072180161e-52 -4.261462023e-54 -4.683369226e-56 -1.086217590e-57 -1.025360935e-58 
-1.411211711e-59 -1.972547527e-60 -2.717436942e-61 -3.684313762e-62 -4.917862866e-63 
-6.465757058e-64 -8.376897860e-65 -1.069942383e-65 -1.347839745e-66 -1.675326111e-67 
-2.055519796e-68 -2.490455825e-69 -2.980852475e-70 -3.525918871e-71 -4.123219153e-72 
-4.768605703e-73 -5.456229708e-74 -6.178632369e-75 -6.926914712e-76 -7.690978732e-77 
-8.459827942e-78 -9.221911676e-79 -9.965495004e-80 -1.067903502e-80 -1.135154448e-81 
-1.197292544e-82 -1.253425803e-83 -1.302803298e-84 -1.344832052e-85 -1.379087204e-86 
-1.405315508e-87 -1.423432532e-88 -1.433514238e-89 -1.435783831e-90 -1.430594873e-91 
-1.418411760e-92 -1.399788630e-93 -1.375347698e-94 -1.345757922e-95 -1.311714757e-96 
-1.273921593e-97 -1.233073316e-98 -1.189842264e-99 -1.144866717e-100 -1.098741941e-101 
-1.052013662e-102 -1.005173828e-103 -9.586584046e-105 -9.128469448e-106 -8.680636462e-107 
-8.245796098e-108 -7.826160176e-109 -7.423479218e-110 -7.039078631e-111 -6.673835966e-112 
net_rxn-H
7.296997332e-21 5.586348156e-21 4.148443068e-21 2.939057125e-21 1.921429175e-21 
1.064932242e-21 3.439952085e-22 -2.627745646e-22 -7.733073806e-22 -1.202657515e-21 
-1.563484613e-21 -1.866450058e-21 -2.120544180e-21 -2.333357084e-21 -2.511303343e-21 
-2.659808861e-21 -2.783466624e-21 -2.886166792e-21 -2.971205585e-21 -3.041376543e-21 
-3.099046539e-21 -3.146210600e-21 -3.184421227e-21 -3.213480969e-21 -3.226222146e-21 
-3.592966902e-21 -2.512487363e-20 -8.345140704e-19 -2.668339216e-17 -7.735480918e-16 
-2.062248436e-14 -5.072678226e-13 -1.149356778e-11 -2.389783148e-10 -4.537786459e-09 
-7.825108395e-08 -1.217847153e-06 -1.698703161e-05 -2.106217879e-04 -2.296123636e-03 
-2.160740034e-02 -1.689860593e-01 -1.015434091e+00 -4.142720487e+00 -1.040199444e+01 
-1.652690643e+01 -1.897901960e+01 -1.803564399e+01 -1.511183895e+01 -1.020944560e+01 
-1.434137649e+00 1.480234174e+01 4.195875529e+01 7.847705811e+01 1.096392020e+02 
1.123500257e+02 8.129264458e+01 3.829471753e+01 4.211931736e+00 -1.631966684e+01 
-2.632231363e+01 -2.923961967e+01 -2.763709391e+01 -2.354676285e+01 -1.868146181e+01 
-1.354997698e+01 -9.437467053e+00 -9.180450508e+00 -2.317157237e+00 -9.123973395e-02 
-1.110620240e-03 -1.859840048e-05 -8.429106552e-07 -4.517879895e-08 -2.153079164e-09 
-8.905191849e-11 -3.238723008e-12 -1.059186065e-13 -3.210160438e-15 -9.357109514e-17 
-2.718989939e-18 -8.029714676e-20 -2.395294964e-21 -7.055145111e-23 -2.003851863e-24 
-5.399493738e-26 -1.363585245e-27 -3.222468107e-29 -7.172796182e-31 -1.590225198e-32 
-2.444516918e-34 -1.054815755e-35 -2.124452301e-37 2.835239571e-40 1.905345660e-39 
5.001807777e-42 8.781755144e-43 -9.608939795e-44 -3.382060732e-45 2.473886521e-46 
-6.330137236e-48 -7.848705293e-49 -1.037091956e-50 -2.549481367e-52 -1.390822839e-52 
4.632967250e-54 -1.201635722e-55 4.254914566e-57 -3.883323387e-58 1.830065335e-59 
1.014716430e-60 3.053791265e-62 4.925283204e-64 1.246911152e-65 -6.275393586e-67 
-2.669169577e-68 -3.537565110e-70 -1.008668775e-70 -9.206712618e-73 -9.420908804e-74 
2.608398921e-75 -3.907656636e-76 -3.766179537e-77 -3.801282684e-78 -4.484364536e-79 
-4.855225718e-80 -5.359934155e-81 -5.854311238e-82 -6.342980842e-83 -6.811511459e-84 
-7.249647262e-85 -7.601044074e-86 -7.672957186e-87 -1.192807566e-87 -3.957976153e-88 
7.457312251e-89 1.192808172e-88 4.705428945e-88 -5.570213624e-88 -2.225258347e-88 
9.610060761e-89 -3.170160346e-88 -6.124832952e-88 -5.506131912e-88 -3.668947691e-88 
-1.402076657e-88 1.948916760e-88 5.100585621e-88 3.112151031e-88 -7.542498141e-89 
9.088079676e-89 -4.884446733e-89 6.290847948e-89 -1.594469643e-89 7.499143705e-89 
-6.974706333e-89 -2.889775620e-89 -7.311007235e-91 -2.002276435e-93 -2.835086148e-94 
net_rxn-O
2.670402517e-20 2.669554352e-20 2.668704992e-20 2.667853503e-20 2.666998940e-20 
2.666140340e-20 2.665276718e-20 2.664407061e-20 2.663530319e-20 2.662645403e-20 
2.661751172e-20 2.660846430e-20 2.659929913e-20 2.659000280e-20 2.658056104e-20 
2.657095854e-20 2.656117884e-20 2.655120413e-20 2.654101504e-20 2.653059024e-20 
2.651990375e-20 2.650889620e-20 2.649713833e-20 2.647996858e-20 2.640535796e-20 
2.570656904e-20 1.840039134e-20 -5.657644912e-20 -8.002923461e-19 -7.905432942e-18 
-7.311337692e-17 -6.465317537e-16 -5.466743558e-15 -4.417445662e-14 -3.431906126e-13 
-2.644617315e-12 -2.231528805e-11 -2.431448843e-10 -3.513756169e-09 -5.609881725e-08 
-8.376375451e-07 -1.065237903e-05 -1.066615455e-04 -7.658076424e-04 -3.719113000e-03 
-1.414460141e-02 -5.775763229e-02 -2.617099047e-01 -1.239776008e+00 -5.295185639e+00 
-1.866560916e+01 -5.484404909e+01 -1.334930167e+02 -2.597986276e+02 -3.745023667e+02 
-3.582652419e+02 -1.760636916e+02 6.164284007e+01 2.515209583e+02 3.700266973e+02 
4.258333794e+02 4.294805554e+02 3.924644940e+02 3.293473316e+02 2.407409494e+02 
6.265920675e+01 -1.698988564e+02 -1.170249654e+02 -1.620157629e+01 -1.161630581e+00 
-7.782517648e-02 -4.588494720e-03 -2.280922883e-04 -9.729649015e-06 -3.614629677e-07 
-1.180467160e-08 -3.412101117e-10 -8.779524577e-12 -2.021708337e-13 -4.188192074e-15 
-7.847081486e-17 -1.337480549e-18 -2.088430157e-20 -3.016755108e-22 -4.093293441e-24 
-5.349121475e-26 -6.993826682e-28 -9.573078710e-30 -1.413844480e-31 -2.238501544e-33 
-3.669510385e-35 -6.001517465e-37 -9.550215955e-39 -1.459187609e-40 -2.128446227e-42 
-2.958243391e-44 -3.918347630e-46 -4.946279563e-48 -5.959485958e-50 -6.966917563e-52 
-7.401856371e-54 -5.516126425e-56 -4.835442036e-58 2.429979261e-61 4.425448140e-60 
-1.506083998e-61 3.882620822e-63 -1.377376260e-64 1.256684722e-65 -5.921436096e-67 
-3.282638301e-68 -9.868679957e-70 -1.576376915e-71 -3.800811488e-73 2.463643661e-74 
2.814511746e-75 1.669907521e-75 1.626250654e-75 1.618763732e-75 1.618233198e-75 
1.618171066e-75 1.618164330e-75 1.618163536e-75 1.618163446e-75 1.618163436e-75 
1.618163435e-75 1.618163435e-75 1.618163435e-75 1.618163435e-75 1.618163435e-75 
1.618163435e-75 1.618163435e-75 1.618163435e-75 1.618163435e-75 1.618163435e-75 
1.618163435e-75 1.618163435e-75 1.618163435e-75 1.618163435e-75 1.618163435e-75 
1.618163435e-75 1.618163435e-75 1.618163435e-75 1.618163435e-75 1.618163435e-75 
1.618163435e-75 1.618163435e-75 1.618163435e-75 1.618163435e-75 1.618163435e-75 
1.618163435e-75 1.618163435e-75 1.618163435e-75 1.618163435e-75 1.618163435e-75 
1.618163435e-75 1.618163435e-75 1.618163435e-75 1.618163435e-75 1.618163435e-75 
net_rxn-O2
-1.478071070e-35 -1.476633296e-35 -1.475364427e-35 -1.474236264e-35 -1.473225337e-35 
-1.472312046e-35 -1.471479975e-35 -1.470715313e-35 -1.470006288e-35 -1.469341929e-35 
-1.468705098e-35 -1.468838929e-35 -1.468681492e-35 -1.463897366e-35 -1.425712745e-35 
-1.143133165e-35 9.067401089e-36 1.553621351e-34 1.181679964e-33 8.250614122e-33 
5.599093196e-32 3.717063812e-31 2.413359112e-30 1.530495382e-29 9.464574835e-29 
5.680076790e-28 3.153431617e-27 4.678129696e-27 -9.203682523e-25 -6.775825116e-23 
-4.215033057e-21 -2.400356270e-19 -1.252634089e-17 -5.958899222e-16 -2.567945451e-14 
-9.955917396e-13 -3.446068611e-11 -1.055753474e-09 -2.833922453e-08 -6.577276338e-07 
-1.292535236e-05 -2.066457900e-04 -2.487385994e-03 -2.003666305e-02 -9.770873547e-02 
-2.884649650e-01 -5.743529218e-01 -9.642606397e-01 -2.072484450e+00 -6.333586759e+00 
-2.073736846e+01 -6.526964362e+01 -1.890700085e+02 -4.771208075e+02 -9.836711997e+02 
-1.581199824e+03 -1.992858714e+03 -2.107725626e+03 -2.034406612e+03 -1.879078434e+03 
-1.671898782e+03 -1.415350569e+03 -1.122053657e+03 -8.202739711e+02 -5.254211078e+02 
-1.823390761e+02 1.269303789e+02 5.140910955e+01 -1.345163950e+00 1.765184890e+00 
2.093925619e-01 1.067392706e-02 4.017069832e-04 1.200504037e-05 2.770698132e-07 
3.995614021e-09 -3.571517024e-11 -5.861174791e-12 -3.136006925e-13 -1.321525098e-14 
-4.942153521e-16 -1.694508946e-17 -5.376105939e-19 -1.582486353e-20 -4.327794572e-22 
-1.101390713e-23 -2.612004425e-25 -5.786760451e-27 -1.201973560e-28 -2.373727318e-30 
-4.146738379e-32 -9.077604608e-34 -1.593998020e-35 -1.306734429e-37 5.847695893e-38 
1.312737384e-40 2.752101717e-41 -3.054968039e-42 -1.074220019e-43 7.853185009e-45 
-2.009676308e-46 -2.491714166e-47 -3.292436097e-49 -8.093797959e-51 -4.415411042e-51 
1.470811173e-52 -3.814863215e-54 1.350710010e-55 -1.232945193e-56 5.808297923e-58 
3.219340284e-59 9.668195056e-61 1.529649235e-62 3.530640228e-64 -2.524093592e-65 
-1.499934425e-66 -9.029444544e-68 -1.266542740e-68 -1.148593899e-69 -1.338911778e-70 
-1.505757425e-71 -1.746198262e-72 -1.989651818e-73 -2.372953150e-74 -4.074034152e-75 
-1.888276692e-75 -1.647610150e-75 -1.621345739e-75 -1.618504473e-75 -1.618199688e-75 
-1.618167259e-75 -1.618163835e-75 -1.618163476e-75 -1.618163439e-75 -1.618163435e-75 
-1.618163435e-75 -1.618163435e-75 -1.618163435e-75 -1.618163435e-75 -1.618163435e-75 
-1.618163435e-75 -1.618163435e-75 -1.618163435e-75 -1.618163435e-75 -1.618163435e-75 
-1.618163435e-75 -1.618163435e-75 -1.618163435e-75 -1.618163435e-75 -1.618163435e-75 
-1.618163435e-75 -1.618163435e-75 -1.618163435e-75 -1.618163435e-75 -1.618163435e-75 
-1.618163435e-75 -1.618163435e-75 -1.618163435e-75 -1.618163435e-75 -1.618163435e-75 
net_rxn-OH
-1.798975863e-19 -1.510151456e-19 -1.267347901e-19 -1.063102765e-19 -8.912130016e-20 
-7.465106057e-20 -6.246806594e-20 -5.221132891e-20 -4.357828261e-20 -3.631488759e-20 
-3.020750875e-20 -2.507622728e-20 -2.076931916e-20 -1.715868530e-20 -1.413605988e-20 
-1.160985712e-20 -9.502542864e-21 -7.748439177e-21 -6.291886588e-21 -5.085703254e-21 
-4.089897019e-21 -3.270684334e-21 -2.601188360e-21 -2.084116064e-21 -2.083692414e-21 
-7.931898169e-21 -9.217215758e-20 -1.213785916e-18 -1.570588857e-17 -1.976697487e-16 
-2.414899364e-15 -2.859119746e-14 -3.274926240e-13 -3.622439434e-12 -3.860885258e-11 
-3.953363882e-10 -3.869404949e-09 -3.583637774e-08 -3.075391397e-07 -2.347863473e-06 
-1.486564682e-05 -7.074708067e-05 -2.316276655e-04 -4.096938231e-04 4.432940665e-04 
-1.160117570e-02 -2.843125024e-01 -2.783408409e+00 -1.533613762e+01 -5.523039340e+01 
-1.481196163e+02 -3.136074249e+02 -5.235869396e+02 -6.539565257e+02 -5.168646385e+02 
-8.326395494e+01 4.080311523e+02 7.254085947e+02 8.396973870e+02 8.129069116e+02 
6.946336330e+02 5.155380177e+02 3.015330258e+02 7.966960609e+01 -1.109206403e+02 
-1.890900572e+02 -1.143522144e+02 -3.022060007e+01 -1.471627446e+01 -1.744174399e+00 
-1.192543912e-01 -6.845236829e-03 -3.311661095e-04 -1.385885088e-05 -5.117487000e-07 
-1.694638789e-08 -5.129818891e-10 -1.458175167e-11 -4.032960732e-13 -1.124747767e-14 
-3.221812334e-16 -9.393107337e-18 -2.714494719e-19 -7.573175552e-21 -2.003921121e-22 
-4.983161021e-24 -1.160382340e-25 -2.529098398e-27 -5.164911419e-29 -9.900510153e-31 
-1.784970725e-32 -3.033139012e-34 -4.867848387e-36 -7.393171366e-38 -1.064639239e-39 
-1.456274737e-41 -1.895431615e-43 -2.351343775e-45 -2.784551795e-47 -3.152815531e-49 
-3.417495639e-51 -3.549581068e-53 -3.541149120e-55 -3.391516623e-57 -2.660959965e-59 
-4.386818898e-61 1.736155929e-63 -1.662355006e-64 1.319968697e-65 -6.306800383e-67 
-3.490366060e-68 -1.049108489e-69 -1.675906185e-71 -4.057491431e-73 2.446836772e-74 
1.271716248e-75 5.500387805e-77 8.596702009e-78 6.381154226e-79 7.415856929e-80 
8.112098709e-81 9.518934135e-82 1.075657335e-82 1.204479888e-83 1.338245830e-84 
1.471760791e-85 1.604572539e-86 1.734166747e-87 1.858573982e-88 1.975854837e-89 
2.084237224e-90 2.181993136e-91 2.267167981e-92 2.354093178e-93 2.508130534e-94 
2.160564756e-95 -1.654920634e-96 -1.593976897e-95 1.918581852e-95 7.657184973e-96 
-3.305545981e-96 1.090514159e-95 2.106897547e-95 1.894068744e-95 1.262090917e-95 
4.823040174e-96 -6.704129748e-96 -1.754563792e-95 -1.070556975e-95 2.594563668e-96 
-3.126232303e-96 1.680213610e-96 -2.164005243e-96 5.484857839e-97 -2.579650062e-96 
2.399247478e-96 9.940614756e-97 2.514932505e-98 6.887683089e-101 9.752487011e-102 
net_rxn-HO2
-5.899616130e-32 -5.899613616e-32 -5.899611427e-32 -5.899609508e-32 -5.899607817e-32 
-5.899606315e-32 -5.899604971e-32 -5.899603761e-32 -5.899602663e-32 -5.899601672e-32 
-5.899600871e-32 -5.899601005e-32 -5.899607854e-32 -5.899664981e-32 -5.900096192e-32 
-5.903274272e-32 -5.926323970e-32 -6.090826805e-32 -7.244890212e-32 -1.519370607e-31 
-6.887635428e-31 -4.238895589e-30 -2.719674060e-29 -1.721622911e-28 -1.064619815e-27 
-6.412803497e-27 -3.755540113e-26 -2.132473715e-25 -1.157700865e-24 -5.106209868e-24 
3.535536007e-23 3.462823414e-21 1.767009620e-19 7.891424263e-18 3.167962289e-16 
1.138453344e-14 3.635962099e-13 1.024581849e-11 2.529727893e-10 5.405338908e-09 
9.603872989e-08 1.290812099e-06 1.174116597e-05 6.854456929e-05 2.380136619e-04 
4.416106419e-04 4.462063624e-04 1.985863914e-04 -6.360189261e-04 -3.319949283e-03 
-1.039107007e-02 -2.715787776e-02 -6.453559423e-02 -1.433189536e-01 -2.703458115e-01 
-3.693720573e-01 -2.997313483e-01 -2.509345186e-02 3.099168000e-01 4.749071128e-01 
3.321751371e-01 -2.639647459e-02 -3.720471623e-01 -6.765066530e-01 -1.431684060e+00 
-3.921707052e+00 -5.134043895e+00 8.791816477e+00 7.922564091e+00 -7.883354683e-01 
-1.229890317e-01 -4.576017552e-03 -5.680208216e-05 4.208838514e-06 3.707299085e-07 
1.833187210e-08 7.076238276e-10 2.370841049e-11 7.366241080e-13 2.227610775e-14 
6.725934394e-16 2.025445932e-17 5.975963780e-19 1.693370403e-20 4.543554754e-22 
1.145611676e-23 2.704850976e-25 5.979922353e-27 1.240878043e-28 2.449431660e-30 
4.278140012e-32 9.364158088e-34 1.644253379e-35 1.347927430e-37 -6.031892149e-38 
-1.354086389e-40 -2.838790928e-41 3.151197411e-42 1.108057202e-43 -8.100554872e-45 
2.072979714e-46 2.570201428e-47 3.396145543e-49 8.348746962e-51 4.554493418e-51 
-1.517140702e-52 3.935028752e-54 -1.393256436e-55 1.271782108e-56 -5.991255265e-58 
-3.320747263e-59 -9.972736472e-61 -1.577832121e-62 -3.641852938e-64 2.603600784e-65 
1.547181315e-66 9.313865605e-68 1.306437789e-68 1.184772139e-69 1.381069878e-70 
1.553020824e-71 1.799533159e-72 2.035633123e-73 2.280786080e-74 2.533228939e-75 
2.786216370e-76 3.037426635e-77 3.282544789e-78 3.517806050e-79 3.739565199e-80 
3.944481904e-81 4.129450686e-82 4.291381332e-83 4.442945882e-84 4.645670540e-85 
4.357746284e-86 7.552193888e-88 -1.493931249e-86 1.828764588e-86 7.291678354e-87 
-3.146516252e-87 1.038128461e-86 2.005683014e-86 1.803078244e-86 1.201460431e-86 
4.591342701e-87 -6.382065266e-87 -1.670275047e-86 -1.019127723e-86 2.469921569e-87 
-2.976048995e-87 1.599496627e-87 -2.060047048e-87 5.221366832e-88 -2.455724408e-87 
2.283988313e-87 9.463070456e-88 2.394115865e-89 6.556800757e-92 9.283980315e-93 
net_rxn-H2O
1.604905584e-19 1.299059502e-19 1.041961833e-19 8.257079856e-20 6.437273994e-20 
4.905458942e-20 3.615929397e-20 2.530448373e-20 1.616967204e-20 8.485776044e-21 
2.026512417e-21 -3.398687079e-21 -7.950524149e-21 -1.176467459e-20 -1.495580450e-20 
-1.762091029e-20 -1.984210260e-20 -2.168893174e-20 -2.322033404e-20 -2.448626353e-20 
-2.552905326e-20 -2.638442211e-20 -2.708035641e-20 -2.760873976e-20 -2.752517628e-20 
-2.054353693e-20 7.691598833e-20 1.349426091e-18 1.753782731e-17 2.182862237e-16 
2.640348541e-15 3.101391423e-14 3.530709241e-13 3.887525978e-12 4.131200708e-11 
4.228524375e-10 4.162257933e-09 3.941159266e-08 3.613556790e-07 3.284875873e-06 
3.113890968e-05 3.182077589e-04 3.153422068e-03 2.378260650e-02 1.134780122e-01 
3.525462460e-01 1.012449623e+00 4.328756890e+00 1.997653085e+01 7.160730144e+01 
2.012962807e+02 4.675066911e+02 9.179356235e+02 1.522680580e+03 2.077120652e+03 
2.272436221e+03 2.010291955e+03 1.535480849e+03 1.117699901e+03 8.375736600e+02 
6.669040980e+02 5.640362833e+02 5.025253642e+02 4.691077189e+02 4.396147862e+02 
3.397078322e+02 1.756969486e+02 9.553827369e+01 2.585962334e+01 1.890680970e+00 
1.015376062e-01 4.745284683e-03 1.849138385e-04 6.114254172e-06 1.787172550e-07 
4.940513620e-09 1.428034610e-10 4.689805114e-12 1.725093163e-13 6.548107529e-15 
2.399501916e-16 8.225428028e-18 2.610001788e-19 7.652802619e-21 2.076611067e-22 
5.228291608e-24 1.224789262e-25 2.677177244e-27 5.474876625e-29 1.050169300e-30 
1.893986802e-32 3.218946903e-34 5.166570933e-36 7.847392727e-38 1.130107497e-39 
1.545896778e-41 2.012166890e-43 2.496267666e-45 2.956310597e-47 3.347330228e-49 
3.628828646e-51 3.771877647e-53 3.764017793e-55 3.610820799e-57 3.333932142e-59 
2.966340402e-61 2.546227905e-63 2.110897909e-65 1.691985058e-67 1.312610507e-69 
9.865565518e-72 7.190819299e-74 5.087637845e-76 3.497316345e-78 2.337884652e-80 
1.521103814e-82 9.640746702e-85 5.957139343e-87 3.591622247e-89 2.114519459e-91 
1.216565318e-93 6.845247040e-96 3.769580901e-98 2.033110526e-100 1.074732528e-102 
5.572022132e-105 2.835266023e-107 1.416871295e-109 6.957983778e-112 3.358652557e-114 
1.590376355e-116 7.256265119e-119 2.755647694e-121 -6.055401947e-124 -6.082907823e-125 
-2.074358980e-126 -6.477092783e-128 -1.987947963e-129 -6.055976542e-131 -1.834101909e-132 
-5.524996292e-134 -1.655951567e-135 -4.939661257e-137 -1.466914702e-138 -4.338041687e-140 
-1.277869722e-141 -3.751242655e-143 -1.107045378e-144 -4.382983320e-146 -1.098732435e-146 
-7.560353646e-147 -3.058377631e-148 -8.458896941e-149 -7.895527922e-149 -7.875737751e-149 
-7.875109894e-149 -7.875091106e-149 5.417734288e-153 -6.721776965e-151 -1.929032699e-152 
net_rxn-H2O2
6.078879497e-32 6.078880374e-32 6.078881253e-32 6.078882136e-32 6.078883023e-32 
6.078883913e-32 6.078884809e-32 6.078885711e-32 6.078886621e-32 6.078887538e-32 
6.078888465e-32 6.078889402e-32 6.078890351e-32 6.078891308e-32 6.078892243e-32 
6.078892916e-32 6.078891602e-32 6.078876022e-32 6.078760530e-32 6.077958868e-32 
6.072538631e-32 6.036687474e-32 5.804841143e-32 4.340866527e-32 -4.671775002e-32 
-5.868054452e-31 -3.731985224e-30 -2.150412494e-29 -1.191331510e-28 -6.643902331e-28 
-5.259834611e-27 -1.309808308e-25 -6.084625079e-24 -2.865258326e-22 -1.233784594e-20 
-4.772798812e-19 -1.637341459e-17 -4.871017692e-16 -1.187580047e-14 -1.912520532e-13 
1.026445286e-12 2.044645810e-10 6.175577206e-09 6.420646103e-08 7.476455374e-08 
-1.946848589e-06 -1.859285671e-05 -1.577804165e-04 -1.139156483e-03 -5.748553582e-03 
-1.828517088e-02 -3.397799570e-02 -4.039117486e-02 -3.930398256e-02 -2.761459631e-02 
-2.015668103e-03 2.145515915e-02 2.846082131e-02 2.269206790e-02 1.147366878e-02 
-1.523475333e-03 -1.127875831e-02 -6.835597131e-03 2.036545667e-02 -8.045297711e-03 
-3.504021928e-01 -5.483792412e-01 7.168817727e-01 7.911375698e-01 1.301072541e-01 
1.028657862e-02 6.123979894e-04 3.058253744e-05 1.330580824e-06 5.068929768e-08 
1.691629490e-09 4.960639626e-11 1.284976698e-12 2.958423439e-14 6.092050137e-16 
1.128796339e-17 1.892539188e-19 2.885918697e-21 4.021421497e-23 5.142901395e-25 
6.060319116e-27 6.604397280e-29 6.678740188e-31 6.287063015e-33 5.525451548e-35 
4.546170648e-37 3.510735257e-39 2.550784228e-41 1.747674015e-43 1.131590846e-45 
6.937952000e-48 4.034791369e-50 2.225116727e-52 1.143586615e-54 4.447606014e-57 
-3.732278944e-59 -2.768503672e-60 -1.246589176e-61 -5.294639233e-63 -2.194900218e-64 
-8.916552213e-66 -3.553094883e-67 -1.389719376e-68 -5.338485606e-70 -2.015253042e-71 
-7.480023116e-73 -2.731313154e-74 -9.816601736e-76 -3.474488660e-77 -1.211638414e-78 
-4.164987792e-80 -1.411930365e-81 -4.722439103e-83 -1.559058238e-84 -5.082593147e-86 
-1.636870913e-87 -5.209829068e-89 -1.639385058e-90 -5.102106803e-92 -1.571032062e-93 
-4.787789754e-95 -1.444563095e-96 -4.316301144e-98 -1.277504598e-99 -3.745935572e-101 
-1.088257560e-102 -3.132090814e-104 -8.927288005e-106 -2.518089566e-107 -7.019474477e-109 
-1.929276324e-110 -5.207354331e-112 -1.375356146e-113 -3.854327024e-115 -2.083518290e-116 
-3.747372024e-117 -2.795921007e-117 -1.843684002e-118 -9.564120364e-119 -9.063409979e-119 
-9.064406286e-119 -9.064459404e-119 -9.064462516e-119 -9.064462914e-119 -9.064461087e-119 
-9.064458624e-119 -9.064452419e-119 -9.064451741e-119 -9.064451577e-119 -9.064451276e-119 
-9.064451260e-119 -9.064451252e-119 4.617190536e-119 1.280078314e-120 3.319444077e-122 
massfraction-H2
1.000000000e+00 1.000000000e+00 1.000000000e+00 1.000000000e+00 1.000000000e+00 
1.000000000e+00 1.000000000e+00 1.000000000e+00 1.000000000e+00 1.000000000e+00 
1.000000000e+00 1.000000000e+00 1.000000000e+00 1.000000000e+00 1.000000000e+00 
1.000000000e+00 1.000000000e+00 1.000000000e+00 1.000000000e+00 1.000000000e+00 
1.000000000e+00 1.000000000e+00 1.000000000e+00 1.000000000e+00 1.000000000e+00 
1.000000000e+00 1.000000000e+00 1.000000000e+00 1.000000000e+00 1.000000000e+00 
9.999999999e-01 9.999999996e-01 9.999999979e-01 9.999999904e-01 9.999999577e-01 
9.999998183e-01 9.999992338e-01 9.999967579e-01 9.999858517e-01 9.999352046e-01 
9.996919381e-01 9.985439620e-01 9.936017200e-01 9.759157613e-01 9.278794407e-01 
8.332159128e-01 6.964463880e-01 5.446964780e-01 4.064605316e-01 2.955307567e-01 
2.123575145e-01 1.515130961e-01 1.071335806e-01 7.485800392e-02 5.157123355e-02 
3.498409467e-02 2.337857629e-02 1.541740224e-02 1.002888734e-02 6.408788495e-03 
3.997284784e-03 2.413631961e-03 1.396742854e-03 7.668207405e-04 4.026803349e-04 
2.210518171e-04 1.440936635e-04 1.000160088e-04 6.202113213e-05 3.333782497e-05 
1.608443354e-05 7.206270920e-06 3.028316618e-06 1.198221691e-06 4.477830684e-07 
1.585071765e-07 5.329043327e-08 1.705888774e-08 5.211404934e-09 1.522612305e-09 
4.262997093e-10 1.145861306e-10 0.000000000e+00 0.000000000e+00 0.000000000e+00 
0.000000000e+00 0.000000000e+00 0.000000000e+00 0.000000000e+00 0.000000000e+00 
0.000000000e+00 0.000000000e+00 0.000000000e+00 0.000000000e+00 0.000000000e+00 
0.000000000e+00 0.000000000e+00 0.000000000e+00 0.000000000e+00 0.000000000e+00 
0.000000000e+00 0.000000000e+00 0.000000000e+00 0.000000000e+00 0.000000000e+00 
0.000000000e+00 0.000000000e+00 0.000000000e+00 0.000000000e+00 0.000000000e+00 
0.000000000e+00 0.000000000e+00 0.000000000e+00 0.000000000e+00 0.000000000e+00 
0.000000000e+00 0.000000000e+00 0.000000000e+00 0.000000000e+00 0.000000000e+00 
0.000000000e+00 0.000000000e+00 0.000000000e+00 0.000000000e+00 0.000000000e+00 
0.000000000e+00 0.000000000e+00 0.000000000e+00 0.000000000e+00 0.000000000e+00 
0.000000000e+00 0.000000000e+00 0.000000000e+00 0.000000000e+00 0.000000000e+00 
0.000000000e+00 0.000000000e+00 0.000000000e+00 0.000000000e+00 0.000000000e+00 
0.000000000e+00 0.000000000e+00 0.000000000e+00 0.000000000e+00 0.000000000e+00 
0.000000000e+00 0.000000000e+00 0.000000000e+00 0.000000000e+00 0.000000000e+00 
0.000000000e+00 0.000000000e+00 0.000000000e+00 0.000000000e+00 0.000000000e+00 
0.000000000e+00 0.000000000e+00 0.000000000e+00 0.000000000e+00 0.000000000e+00 
massfraction-H
0.000000000e+00 0.000000000e+00 0.000000000e+00 0.000000000e+00 0.000000000e+00 
0.000000000e+00 0.000000000e+00 0.000000000e+00 0.000000000e+00 0.000000000e+00 
0.000000000e+00 0.000000000e+00 0.000000000e+00 0.000000000e+00 0.000000000e+00 
0.000000000e+00 0.000000000e+00 0.000000000e+00 0.000000000e+00 0.000000000e+00 
0.000000000e+00 0.000000000e+00 0.000000000e+00 0.000000000e+00 0.000000000e+00 
0.000000000e+00 0.000000000e+00 0.000000000e+00 0.000000000e+00 0.000000000e+00 
0.000000000e+00 4.349574357e-10 2.068597600e-09 9.428629404e-09 4.107743159e-08 
1.705623638e-07 6.728552993e-07 2.513186408e-06 8.854083763e-06 2.929656677e-05 
9.057669700e-05 2.598761364e-04 6.848403101e-04 1.630639425e-03 3.412245017e-03 
6.033639250e-03 8.816727435e-03 1.086295230e-02 1.184744700e-02 1.202699537e-02 
1.178493490e-02 1.136260981e-02 1.084509346e-02 1.022227062e-02 9.421349771e-03 
8.364788689e-03 7.069938925e-03 5.680296817e-03 4.364180242e-03 3.226115838e-03 
2.302124257e-03 1.586272975e-03 1.052438742e-03 6.672278722e-04 3.974290076e-04 
2.145727250e-04 9.453769963e-05 2.038410226e-05 9.570964556e-07 1.325634574e-08 
2.474059468e-10 0.000000000e+00 0.000000000e+00 0.000000000e+00 0.000000000e+00 
0.000000000e+00 0.000000000e+00 0.000000000e+00 0.000000000e+00 0.000000000e+00 
0.000000000e+00 0.000000000e+00 0.000000000e+00 0.000000000e+00 0.000000000e+00 
0.000000000e+00 0.000000000e+00 0.000000000e+00 0.000000000e+00 0.000000000e+00 
0.000000000e+00 0.000000000e+00 0.000000000e+00 0.000000000e+00 0.000000000e+00 
0.000000000e+00 0.000000000e+00 0.000000000e+00 0.000000000e+00 0.000000000e+00 
0.000000000e+00 0.000000000e+00 0.000000000e+00 0.000000000e+00 0.000000000e+00 
0.000000000e+00 0.000000000e+00 0.000000000e+00 0.000000000e+00 0.000000000e+00 
0.000000000e+00 0.000000000e+00 0.000000000e+00 0.000000000e+00 0.000000000e+00 
0.000000000e+00 0.000000000e+00 0.000000000e+00 0.000000000e+00 0.000000000e+00 
0.000000000e+00 0.000000000e+00 0.000000000e+00 0.000000000e+00 0.000000000e+00 
0.000000000e+00 0.000000000e+00 0.000000000e+00 0.000000000e+00 0.000000000e+00 
0.000000000e+00 0.000000000e+00 0.000000000e+00 0.000000000e+00 0.000000000e+00 
0.000000000e+00 0.000000000e+00 0.000000000e+00 0.000000000e+00 0.000000000e+00 
0.000000000e+00 0.000000000e+00 0.000000000e+00 0.000000000e+00 0.000000000e+00 
0.000000000e+00 0.000000000e+00 0.000000000e+00 0.000000000e+00 0.000000000e+00 
0.000000000e+00 0.000000000e+00 0.000000000e+00 0.000000000e+00 0.000000000e+00 
0.000000000e+00 0.000000000e+00 0.000000000e+00 0.000000000e+00 0.000000000e+00 
massfraction-O
0.000000000e+00 0.000000000e+00 0.000000000e+00 0.000000000e+00 0.000000000e+00 
0.000000000e+00 0.000000000e+00 0.000000000e+00 0.000000000e+00 0.000000000e+00 
0.000000000e+00 0.000000000e+00 0.000000000e+00 0.000000000e+00 0.000000000e+00 
0.000000000e+00 0.000000000e+00 0.000000000e+00 0.000000000e+00 0.000000000e+00 
0.000000000e+00 0.000000000e+00 0.000000000e+00 0.000000000e+00 0.000000000e+00 
0.000000000e+00 0.000000000e+00 0.000000000e+00 0.000000000e+00 0.000000000e+00 
0.000000000e+00 0.000000000e+00 0.000000000e+00 0.000000000e+00 0.000000000e+00 
0.000000000e+00 0.000000000e+00 0.000000000e+00 0.000000000e+00 1.701123448e-10 
8.746277458e-10 4.195055849e-09 1.920772571e-08 8.618347878e-08 3.633930917e-07 
1.281749197e-06 3.660029129e-06 9.597766240e-06 2.677766274e-05 8.478345157e-05 
2.803009252e-04 8.604182600e-04 2.359287443e-03 5.758038482e-03 1.237075452e-02 
2.289398169e-02 3.595793625e-02 4.833724511e-02 5.709649797e-02 6.089025394e-02 
5.973201147e-02 5.439104842e-02 4.596240757e-02 3.560564239e-02 2.438939321e-02 
1.338859407e-02 4.620063168e-03 7.701900576e-04 9.792649378e-05 1.673388389e-05 
3.793436333e-06 9.246639953e-07 2.152733486e-07 4.651002960e-08 9.313382478e-09 
1.735682227e-09 3.024483224e-10 0.000000000e+00 0.000000000e+00 0.000000000e+00 
0.000000000e+00 0.000000000e+00 0.000000000e+00 0.000000000e+00 0.000000000e+00 
0.000000000e+00 0.000000000e+00 0.000000000e+00 0.000000000e+00 0.000000000e+00 
0.000000000e+00 0.000000000e+00 0.000000000e+00 0.000000000e+00 0.000000000e+00 
0.000000000e+00 0.000000000e+00 0.000000000e+00 0.000000000e+00 0.000000000e+00 
0.000000000e+00 0.000000000e+00 0.000000000e+00 0.000000000e+00 0.000000000e+00 
0.000000000e+00 0.000000000e+00 0.000000000e+00 0.000000000e+00 0.000000000e+00 
0.000000000e+00 0.000000000e+00 0.000000000e+00 0.000000000e+00 0.000000000e+00 
0.000000000e+00 0.000000000e+00 0.000000000e+00 0.000000000e+00 0.000000000e+00 
0.000000000e+00 0.000000000e+00 0.000000000e+00 0.000000000e+00 0.000000000e+00 
0.000000000e+00 0.000000000e+00 0.000000000e+00 0.000000000e+00 0.000000000e+00 
0.000000000e+00 0.000000000e+00 0.000000000e+00 0.000000000e+00 0.000000000e+00 
0.000000000e+00 0.000000000e+00 0.000000000e+00 0.000000000e+00 0.000000000e+00 
0.000000000e+00 0.000000000e+00 0.000000000e+00 0.000000000e+00 0.000000000e+00 
0.000000000e+00 0.000000000e+00 0.000000000e+00 0.000000000e+00 0.000000000e+00 
0.000000000e+00 0.000000000e+00 0.000000000e+00 0.000000000e+00 0.000000000e+00 
0.000000000e+00 0.000000000e+00 0.000000000e+00 0.000000000e+00 0.000000000e+00 
massfraction-O2
0.000000000e+00 0.000000000e+00 0.000000000e+00 0.000000000e+00 0.000000000e+00 
0.000000000e+00 0.000000000e+00 0.000000000e+00 0.000000000e+00 0.000000000e+00 
0.000000000e+00 0.000000000e+00 0.000000000e+00 0.000000000e+00 0.000000000e+00 
0.000000000e+00 0.000000000e+00 0.000000000e+00 0.000000000e+00 0.000000000e+00 
0.000000000e+00 0.000000000e+00 0.000000000e+00 0.000000000e+00 0.000000000e+00 
0.000000000e+00 0.000000000e+00 0.000000000e+00 0.000000000e+00 0.000000000e+00 
0.000000000e+00 0.000000000e+00 0.000000000e+00 0.000000000e+00 0.000000000e+00 
0.000000000e+00 0.000000000e+00 0.000000000e+00 5.920758256e-10 4.173914161e-09 
2.701551048e-08 1.597046985e-07 8.610475905e-07 4.224297921e-06 1.817224080e-05 
6.255042606e-05 1.605509088e-04 3.107929335e-04 4.900507266e-04 7.131668518e-04 
1.119534198e-03 2.105149908e-03 4.667937695e-03 1.124078328e-02 2.686593871e-02 
5.918097763e-02 1.146116755e-01 1.930697418e-01 2.881416351e-01 3.915893038e-01 
4.963283503e-01 5.970497943e-01 6.899910545e-01 7.726456727e-01 8.435339420e-01 
9.017499124e-01 9.456438539e-01 9.736790286e-01 9.897907031e-01 9.970887720e-01 
9.993301871e-01 9.998635774e-01 9.999739833e-01 9.999950677e-01 9.999989933e-01 
9.999997638e-01 9.999999366e-01 9.999999817e-01 9.999999946e-01 9.999999985e-01 
9.999999996e-01 9.999999999e-01 1.000000000e+00 1.000000000e+00 1.000000000e+00 
1.000000000e+00 1.000000000e+00 1.000000000e+00 1.000000000e+00 1.000000000e+00 
1.000000000e+00 1.000000000e+00 1.000000000e+00 1.000000000e+00 1.000000000e+00 
1.000000000e+00 1.000000000e+00 1.000000000e+00 1.000000000e+00 1.000000000e+00 
1.000000000e+00 1.000000000e+00 1.000000000e+00 1.000000000e+00 1.000000000e+00 
1.000000000e+00 1.000000000e+00 1.000000000e+00 1.000000000e+00 1.000000000e+00 
1.000000000e+00 1.000000000e+00 1.000000000e+00 1.000000000e+00 1.000000000e+00 
1.000000000e+00 1.000000000e+00 1.000000000e+00 1.000000000e+00 1.000000000e+00 
1.000000000e+00 1.000000000e+00 1.000000000e+00 1.000000000e+00 1.000000000e+00 
1.000000000e+00 1.000000000e+00 1.000000000e+00 1.000000000e+00 1.000000000e+00 
1.000000000e+00 1.000000000e+00 1.000000000e+00 1.000000000e+00 1.000000000e+00 
1.000000000e+00 1.000000000e+00 1.000000000e+00 1.000000000e+00 1.000000000e+00 
1.000000000e+00 1.000000000e+00 1.000000000e+00 1.000000000e+00 1.000000000e+00 
1.000000000e+00 1.000000000e+00 1.000000000e+00 1.000000000e+00 1.000000000e+00 
1.000000000e+00 1.000000000e+00 1.000000000e+00 1.000000000e+00 1.000000000e+00 
1.000000000e+00 1.000000000e+00 1.000000000e+00 1.000000000e+00 1.000000000e+00 
massfraction-OH
0.000000000e+00 0.000000000e+00 0.000000000e+00 0.000000000e+00 0.000000000e+00 
0.000000000e+00 0.000000000e+00 0.000000000e+00 0.000000000e+00 0.000000000e+00 
0.000000000e+00 0.000000000e+00 0.000000000e+00 0.000000000e+00 0.000000000e+00 
0.000000000e+00 0.000000000e+00 0.000000000e+00 0.000000000e+00 0.000000000e+00 
0.000000000e+00 0.000000000e+00 0.000000000e+00 0.000000000e+00 0.000000000e+00 
0.000000000e+00 0.000000000e+00 0.000000000e+00 0.000000000e+00 0.000000000e+00 
0.000000000e+00 0.000000000e+00 0.000000000e+00 0.000000000e+00 0.000000000e+00 
0.000000000e+00 0.000000000e+00 0.000000000e+00 0.000000000e+00 2.205220078e-10 
1.699279462e-09 1.150280250e-08 6.404210064e-08 2.727067448e-07 8.308901942e-07 
1.715548723e-06 3.793739005e-06 2.471694876e-05 1.795587653e-04 8.684271633e-04 
2.980629796e-03 7.991595179e-03 1.782396600e-02 3.426614180e-02 5.745104851e-02 
8.382057567e-02 1.063763162e-01 1.189073644e-01 1.195142250e-01 1.099160067e-01 
9.330429448e-02 7.302969077e-02 5.209542599e-02 3.301113250e-02 1.776939825e-02 
7.706048807e-03 2.738980196e-03 8.567427960e-04 1.418669387e-04 2.253269739e-05 
4.816440525e-06 1.143382270e-06 2.616288884e-07 5.563627757e-08 1.096518926e-08 
2.010764442e-09 3.446733631e-10 0.000000000e+00 0.000000000e+00 0.000000000e+00 
0.000000000e+00 0.000000000e+00 0.000000000e+00 0.000000000e+00 0.000000000e+00 
0.000000000e+00 0.000000000e+00 0.000000000e+00 0.000000000e+00 0.000000000e+00 
0.000000000e+00 0.000000000e+00 0.000000000e+00 0.000000000e+00 0.000000000e+00 
0.000000000e+00 0.000000000e+00 0.000000000e+00 0.000000000e+00 0.000000000e+00 
0.000000000e+00 0.000000000e+00 0.000000000e+00 0.000000000e+00 0.000000000e+00 
0.000000000e+00 0.000000000e+00 0.000000000e+00 0.000000000e+00 0.000000000e+00 
0.000000000e+00 0.000000000e+00 0.000000000e+00 0.000000000e+00 0.000000000e+00 
0.000000000e+00 0.000000000e+00 0.000000000e+00 0.000000000e+00 0.000000000e+00 
0.000000000e+00 0.000000000e+00 0.000000000e+00 0.000000000e+00 0.000000000e+00 
0.000000000e+00 0.000000000e+00 0.000000000e+00 0.000000000e+00 0.000000000e+00 
0.000000000e+00 0.000000000e+00 0.000000000e+00 0.000000000e+00 0.000000000e+00 
0.000000000e+00 0.000000000e+00 0.000000000e+00 0.000000000e+00 0.000000000e+00 
0.000000000e+00 0.000000000e+00 0.000000000e+00 0.000000000e+00 0.000000000e+00 
0.000000000e+00 0.000000000e+00 0.000000000e+00 0.000000000e+00 0.000000000e+00 
0.000000000e+00 0.000000000e+00 0.000000000e+00 0.000000000e+00 0.000000000e+00 
0.000000000e+00 0.000000000e+00 0.000000000e+00 0.000000000e+00 0.000000000e+00 
massfraction-HO2
0.000000000e+00 0.000000000e+00 0.000000000e+00 0.000000000e+00 0.000000000e+00 
0.000000000e+00 0.000000000e+00 0.000000000e+00 0.000000000e+00 0.000000000e+00 
0.000000000e+00 0.000000000e+00 0.000000000e+00 0.000000000e+00 0.000000000e+00 
0.000000000e+00 0.000000000e+00 0.000000000e+00 0.000000000e+00 0.000000000e+00 
0.000000000e+00 0.000000000e+00 0.000000000e+00 0.000000000e+00 0.000000000e+00 
0.000000000e+00 0.000000000e+00 0.000000000e+00 0.000000000e+00 0.000000000e+00 
0.000000000e+00 0.000000000e+00 0.000000000e+00 0.000000000e+00 0.000000000e+00 
0.000000000e+00 0.000000000e+00 0.000000000e+00 0.000000000e+00 0.000000000e+00 
5.141940663e-10 2.938776923e-09 1.436628629e-08 5.615705811e-08 1.632190114e-07 
3.413106754e-07 5.309588377e-07 6.624253393e-07 7.233777073e-07 7.716799848e-07 
9.286603215e-07 1.389696631e-06 2.495883170e-06 4.921513714e-06 9.979854003e-06 
1.944079871e-05 3.373453027e-05 4.982999398e-05 6.212426973e-05 6.606878092e-05 
6.149303410e-05 5.309520228e-05 4.741182985e-05 4.889191622e-05 6.009589846e-05 
8.977715849e-05 1.723977719e-04 3.103791716e-04 2.190329492e-04 4.098930943e-05 
6.638838826e-06 1.146143854e-06 1.868885634e-07 2.788783257e-08 3.817374974e-09 
4.826618286e-10 0.000000000e+00 0.000000000e+00 0.000000000e+00 0.000000000e+00 
0.000000000e+00 0.000000000e+00 0.000000000e+00 0.000000000e+00 0.000000000e+00 
0.000000000e+00 0.000000000e+00 0.000000000e+00 0.000000000e+00 0.000000000e+00 
0.000000000e+00 0.000000000e+00 0.000000000e+00 0.000000000e+00 0.000000000e+00 
0.000000000e+00 0.000000000e+00 0.000000000e+00 0.000000000e+00 0.000000000e+00 
0.000000000e+00 0.000000000e+00 0.000000000e+00 0.000000000e+00 0.000000000e+00 
0.000000000e+00 0.000000000e+00 0.000000000e+00 0.000000000e+00 0.000000000e+00 
0.000000000e+00 0.000000000e+00 0.000000000e+00 0.000000000e+00 0.000000000e+00 
0.000000000e+00 0.000000000e+00 0.000000000e+00 0.000000000e+00 0.000000000e+00 
0.000000000e+00 0.000000000e+00 0.000000000e+00 0.000000000e+00 0.000000000e+00 
0.000000000e+00 0.000000000e+00 0.000000000e+00 0.000000000e+00 0.000000000e+00 
0.000000000e+00 0.000000000e+00 0.000000000e+00 0.000000000e+00 0.000000000e+00 
0.000000000e+00 0.000000000e+00 0.000000000e+00 0.000000000e+00 0.000000000e+00 
0.000000000e+00 0.000000000e+00 0.000000000e+00 0.000000000e+00 0.000000000e+00 
0.000000000e+00 0.000000000e+00 0.000000000e+00 0.000000000e+00 0.000000000e+00 
0.000000000e+00 0.000000000e+00 0.000000000e+00 0.000000000e+00 0.000000000e+00 
0.000000000e+00 0.000000000e+00 0.000000000e+00 0.000000000e+00 0.000000000e+00 
massfraction-H2O
0.000000000e+00 0.000000000e+00 0.000000000e+00 0.000000000e+00 0.000000000e+00 
0.000000000e+00 0.000000000e+00 0.000000000e+00 0.000000000e+00 0.000000000e+00 
0.000000000e+00 0.000000000e+00 0.000000000e+00 0.000000000e+00 0.000000000e+00 
0.000000000e+00 0.000000000e+00 0.000000000e+00 0.000000000e+00 0.000000000e+00 
0.000000000e+00 0.000000000e+00 0.000000000e+00 0.000000000e+00 0.000000000e+00 
0.000000000e+00 0.000000000e+00 0.000000000e+00 0.000000000e+00 0.000000000e+00 
0.000000000e+00 0.000000000e+00 0.000000000e+00 1.338548208e-10 1.258757767e-09 
1.117827169e-08 9.332624916e-08 7.288608068e-07 5.293595884e-06 3.549419427e-05 
2.174550747e-04 1.195983490e-03 5.712481027e-03 2.244895993e-02 6.868878441e-02 
1.606845587e-01 2.945683482e-01 4.440947968e-01 5.809948955e-01 6.907750136e-01 
7.714757787e-01 8.261645297e-01 8.571648709e-01 8.636449184e-01 8.423021838e-01 
7.907259129e-01 7.125593427e-01 6.185243151e-01 5.207782333e-01 4.278894303e-01 
3.442608257e-01 2.714631940e-01 2.094413463e-01 1.572413847e-01 1.134340330e-01 
7.661692597e-02 4.656710227e-02 2.423123218e-02 9.662044713e-03 2.789018387e-03 
6.365509036e-04 1.256452751e-04 2.226622141e-05 3.595432383e-06 5.336406809e-07 
7.329375698e-08 9.368714131e-09 1.120050675e-09 1.257852509e-10 0.000000000e+00 
0.000000000e+00 0.000000000e+00 0.000000000e+00 0.000000000e+00 0.000000000e+00 
0.000000000e+00 0.000000000e+00 0.000000000e+00 0.000000000e+00 0.000000000e+00 
0.000000000e+00 0.000000000e+00 0.000000000e+00 0.000000000e+00 0.000000000e+00 
0.000000000e+00 0.000000000e+00 0.000000000e+00 0.000000000e+00 0.000000000e+00 
0.000000000e+00 0.000000000e+00 0.000000000e+00 0.000000000e+00 0.000000000e+00 
0.000000000e+00 0.000000000e+00 0.000000000e+00 0.000000000e+00 0.000000000e+00 
0.000000000e+00 0.000000000e+00 0.000000000e+00 0.000000000e+00 0.000000000e+00 
0.000000000e+00 0.000000000e+00 0.000000000e+00 0.000000000e+00 0.000000000e+00 
0.000000000e+00 0.000000000e+00 0.000000000e+00 0.000000000e+00 0.000000000e+00 
0.000000000e+00 0.000000000e+00 0.000000000e+00 0.000000000e+00 0.000000000e+00 
0.000000000e+00 0.000000000e+00 0.000000000e+00 0.000000000e+00 0.000000000e+00 
0.000000000e+00 0.000000000e+00 0.000000000e+00 0.000000000e+00 0.000000000e+00 
0.000000000e+00 0.000000000e+00 0.000000000e+00 0.000000000e+00 0.000000000e+00 
0.000000000e+00 0.000000000e+00 0.000000000e+00 0.000000000e+00 0.000000000e+00 
0.000000000e+00 0.000000000e+00 0.000000000e+00 0.000000000e+00 0.000000000e+00 
0.000000000e+00 0.000000000e+00 0.000000000e+00 0.000000000e+00 0.000000000e+00 
massfraction-H2O2
0.000000000e+00 0.000000000e+00 0.000000000e+00 0.000000000e+00 0.000000000e+00 
0.000000000e+00 0.000000000e+00 0.000000000e+00 0.000000000e+00 0.000000000e+00 
0.000000000e+00 0.000000000e+00 0.000000000e+00 0.000000000e+00 0.000000000e+00 
0.000000000e+00 0.000000000e+00 0.000000000e+00 0.000000000e+00 0.000000000e+00 
0.000000000e+00 0.000000000e+00 0.000000000e+00 0.000000000e+00 0.000000000e+00 
0.000000000e+00 0.000000000e+00 0.000000000e+00 0.000000000e+00 0.000000000e+00 
0.000000000e+00 0.000000000e+00 0.000000000e+00 0.000000000e+00 0.000000000e+00 
0.000000000e+00 0.000000000e+00 0.000000000e+00 0.000000000e+00 0.000000000e+00 
0.000000000e+00 0.000000000e+00 0.000000000e+00 0.000000000e+00 1.109099567e-10 
2.441043837e-10 6.672916450e-10 2.797573948e-09 1.540876257e-08 8.519812094e-08 
3.782695807e-07 1.211369657e-06 2.767970175e-06 4.921959962e-06 7.511283503e-06 
1.022799168e-05 1.247957433e-05 1.380453287e-05 1.421670085e-05 1.403218278e-05 
1.361601592e-05 1.327241356e-05 1.317223576e-05 1.322716661e-05 1.302832912e-05 
1.311709037e-05 1.897132402e-05 3.202707424e-05 2.544758457e-05 8.602610491e-06 
1.928571661e-06 3.568226829e-07 5.840168103e-08 8.660930774e-09 1.177471546e-09 
1.478978587e-10 0.000000000e+00 0.000000000e+00 0.000000000e+00 0.000000000e+00 
0.000000000e+00 0.000000000e+00 0.000000000e+00 0.000000000e+00 0.000000000e+00 
0.000000000e+00 0.000000000e+00 0.000000000e+00 0.000000000e+00 0.000000000e+00 
0.000000000e+00 0.000000000e+00 0.000000000e+00 0.000000000e+00 0.000000000e+00 
0.000000000e+00 0.000000000e+00 0.000000000e+00 0.000000000e+00 0.000000000e+00 
0.000000000e+00 0.000000000e+00 0.000000000e+00 0.000000000e+00 0.000000000e+00 
0.000000000e+00 0.000000000e+00 0.000000000e+00 0.000000000e+00 0.000000000e+00 
0.000000000e+00 0.000000000e+00 0.000000000e+00 0.000000000e+00 0.000000000e+00 
0.000000000e+00 0.000000000e+00 0.000000000e+00 0.000000000e+00 0.000000000e+00 
0.000000000e+00 0.000000000e+00 0.000000000e+00 0.000000000e+00 0.000000000e+00 
0.000000000e+00 0.000000000e+00 0.000000000e+00 0.000000000e+00 0.000000000e+00 
0.000000000e+00 0.000000000e+00 0.000000000e+00 0.000000000e+00 0.000000000e+00 
0.000000000e+00 0.000000000e+00 0.000000000e+00 0.000000000e+00 0.000000000e+00 
0.000000000e+00 0.000000000e+00 0.000000000e+00 0.000000000e+00 0.000000000e+00 
0.000000000e+00 0.000000000e+00 0.000000000e+00 0.000000000e+00 0.000000000e+00 
0.000000000e+00 0.000000000e+00 0.000000000e+00 0.000000000e+00 0.000000000e+00 
0.000000000e+00 0.000000000e+00 0.000000000e+00 0.000000000e+00 0.000000000e+00 
PREMIX_CDOT
0.000000000e+00 1.117269631e-20 8.296886137e-21 5.878114250e-21 3.842858351e-21 
2.129864485e-21 6.879904170e-22 -5.255491292e-22 -1.546614761e-21 -2.405315029e-21 
-3.126969227e-21 -3.732900117e-21 -4.241088361e-21 -4.666714168e-21 -5.022606685e-21 
-5.319617721e-21 -5.566933247e-21 -5.772333584e-21 -5.942411169e-21 -6.082753086e-21 
-6.198093071e-21 -6.292420850e-21 -6.368827697e-21 -6.426368389e-21 -6.429733950e-21 
-6.361839372e-21 -2.198068910e-20 -7.554505585e-19 -2.565174692e-17 -7.608370548e-16 
-2.047014853e-14 -5.054916341e-13 -1.147345605e-11 -2.387573948e-10 -4.535426179e-09 
-7.822620113e-08 -1.217576252e-06 -1.698368929e-05 -2.105712322e-04 -2.295237317e-03 
-2.159186868e-02 -1.687479600e-01 -1.012607211e+00 -4.120044773e+00 -1.029155416e+01 
-1.619966629e+01 -1.830821250e+01 -1.675196461e+01 -1.171299690e+01 8.632082971e-01 
3.304824129e+01 1.137964230e+02 3.027094957e+02 6.872198618e+02 1.295094888e+03 
1.942885662e+03 2.323273784e+03 2.360830368e+03 2.213462787e+03 2.004673983e+03 
1.761379449e+03 1.479777561e+03 1.168506907e+03 8.539217526e+02 5.493139042e+02 
1.954548955e+02 -1.236740124e+02 -5.137904408e+01 1.338317012e+00 -1.764591958e+00 
-2.093550347e-01 -1.067066483e-02 -4.014070147e-04 -1.198000519e-05 -2.752282856e-07 
-3.876096200e-09 4.260296100e-11 6.215997445e-12 3.300405915e-13 1.390417945e-14 
5.204605561e-16 1.785825623e-17 5.667534071e-19 1.668131835e-20 4.560416149e-22 
1.159982151e-23 2.749288659e-25 6.086871313e-27 1.263350794e-28 2.491464446e-30 
4.359086871e-32 9.438517993e-34 1.651928640e-35 1.394727366e-37 -5.835023489e-38 
-1.295401862e-40 -2.749845203e-41 3.055247991e-42 1.074253175e-43 -7.853147465e-45 
2.009680381e-46 2.491714592e-47 3.292436565e-49 8.093799045e-51 4.415411145e-51 
-1.470811032e-52 3.814865187e-54 -1.350707293e-55 1.232948877e-56 -5.808248744e-58 
-3.219275626e-59 -9.667357366e-61 -1.528579292e-62 -3.517161831e-64 2.540846853e-65 
1.520489623e-66 9.278490127e-68 1.296351264e-68 1.183853087e-69 1.380143970e-70 
1.553443482e-71 1.800760559e-72 2.051438142e-73 2.442222298e-74 4.150943939e-75 
1.896736520e-75 1.648532341e-75 1.621445394e-75 1.618515152e-75 1.618200824e-75 
1.618167378e-75 1.618163848e-75 1.618163478e-75 1.618163439e-75 1.618163435e-75 
1.618163435e-75 1.618163435e-75 1.618163435e-75 1.618163435e-75 1.618163435e-75 
1.618163435e-75 1.618163435e-75 1.618163435e-75 1.618163435e-75 1.618163435e-75 
1.618163435e-75 1.618163435e-75 1.618163435e-75 1.618163435e-75 1.618163435e-75 
1.618163435e-75 1.618163435e-75 1.618163435e-75 1.618163435e-75 1.618163435e-75 
1.618163435e-75 1.618163435e-75 1.618163435e-75 1.618163435e-75 0.000000000e+00 

