HEADER
PREMIX_CHI 0.0000
C  0.790802
NUMOFSPECIES  13
GRIDPOINTS 160
PRESSURE 101325.00
BODY
MIXTURE_FRACTION
1.000000000e+00 9.999999990e-01 1.000000000e+00 9.999999990e-01 1.000000000e+00 
9.999999990e-01 1.000000000e+00 9.999999990e-01 1.000000000e+00 9.999999990e-01 
1.000000000e+00 9.999999990e-01 1.000000000e+00 9.999999990e-01 1.000000000e+00 
9.999999990e-01 1.000000000e+00 9.999999990e-01 1.000000000e+00 9.999999990e-01 
1.000000000e+00 9.999999990e-01 1.000000000e+00 9.999999990e-01 1.000000000e+00 
9.999999990e-01 1.000000000e+00 9.999999990e-01 1.000000000e+00 1.000000000e+00 
1.000000000e+00 1.000000000e+00 1.000000000e+00 1.000000000e+00 9.999999998e-01 
9.999999981e-01 9.999999833e-01 9.999998648e-01 9.999989731e-01 9.999927484e-01 
9.999527286e-01 9.997184410e-01 9.984930522e-01 9.929695847e-01 9.728175022e-01 
9.178181466e-01 8.117201625e-01 6.678497828e-01 5.231925157e-01 4.044652751e-01 
3.166787794e-01 2.535260229e-01 2.070673696e-01 1.713118175e-01 1.420382619e-01 
1.166728011e-01 9.415171844e-02 7.435270829e-02 5.739360897e-02 4.326163101e-02 
3.176628583e-02 2.262115928e-02 1.552747035e-02 1.020843961e-02 6.389961754e-03 
3.765217794e-03 2.008665890e-03 8.842107632e-04 3.010409833e-04 9.156070450e-05 
2.916380326e-05 9.971931594e-06 3.522452911e-06 1.235282577e-06 4.202382437e-07 
1.373051804e-07 4.295253810e-08 1.286376694e-08 3.692397118e-09 1.017341955e-09 
2.694871938e-10 6.873876890e-11 1.690852753e-11 4.016632870e-12 9.226715422e-13 
2.052124276e-13 4.424291725e-14 9.256590847e-15 1.881408992e-15 3.718552559e-16 
7.153769786e-17 1.340781075e-17 2.450279147e-18 4.369821798e-19 7.611006924e-20 
1.295614294e-20 2.157127740e-21 3.515127456e-22 5.609938214e-23 8.774098929e-24 
1.345673718e-24 2.025002294e-25 2.991620280e-26 4.341310674e-27 6.191545093e-28 
8.682881715e-29 1.197929629e-29 1.626711895e-30 2.175229287e-31 2.865575313e-32 
3.720684319e-33 4.763483575e-34 6.015879289e-35 7.497617177e-36 9.225073931e-37 
1.121004850e-37 1.345862988e-38 1.597021996e-39 1.873678557e-40 2.174240270e-41 
2.496313945e-42 2.836730327e-43 3.191605477e-44 3.556436636e-45 3.926228185e-46 
4.295641402e-47 4.659160323e-48 5.011265192e-49 5.346604758e-50 5.660159099e-51 
5.947385557e-52 6.204341711e-53 6.427780992e-54 6.615218264e-55 6.764964547e-56 
6.876131686e-57 6.948609238e-58 6.983016996e-59 6.980637425e-60 6.943332730e-61 
6.873451478e-62 6.773729564e-63 6.647189919e-64 6.497044874e-65 6.326604376e-66 
6.139192581e-67 5.938074588e-68 5.726394403e-69 5.507124594e-70 5.283027538e-71 
5.056627743e-72 4.830194363e-73 4.605732660e-74 4.384981624e-75 4.169401147e-76 
3.959994121e-77 3.755429201e-78 3.533132710e-79 3.060044773e-80 0.000000000e+00 
PROGRESS VARIABLE
4.559905010e-22 4.565275841e-22 4.570556855e-22 4.575754810e-22 4.580876116e-22 
4.585926872e-22 4.590912904e-22 4.595839826e-22 4.600713264e-22 4.605540465e-22 
4.610342577e-22 4.615248602e-22 4.621211272e-22 4.635389555e-22 4.711116630e-22 
5.240575145e-22 9.065946715e-22 3.646238442e-21 2.296323324e-20 1.567947584e-19 
1.066646482e-18 7.128657135e-18 4.665817342e-17 2.985923585e-16 1.865666415e-15 
1.136462085e-14 6.738692323e-14 3.883276193e-13 2.171154325e-12 1.175668531e-11 
6.154302125e-11 3.108456206e-10 1.512003189e-09 7.070091951e-09 3.173621702e-08 
1.366940205e-07 5.658353506e-07 2.263195932e-06 8.849309239e-06 3.448440984e-05 
1.369855945e-04 5.611998060e-04 2.330017669e-03 9.288052554e-03 3.271537774e-02 
9.339754290e-02 2.058182271e-01 3.532720333e-01 4.977695621e-01 6.138702310e-01 
6.969784788e-01 7.517726513e-01 7.827649539e-01 7.908017530e-01 0.000000000e+00 
0.000000000e+00 0.000000000e+00 0.000000000e+00 0.000000000e+00 0.000000000e+00 
0.000000000e+00 0.000000000e+00 0.000000000e+00 0.000000000e+00 0.000000000e+00 
0.000000000e+00 0.000000000e+00 0.000000000e+00 0.000000000e+00 0.000000000e+00 
0.000000000e+00 0.000000000e+00 0.000000000e+00 0.000000000e+00 0.000000000e+00 
0.000000000e+00 0.000000000e+00 0.000000000e+00 0.000000000e+00 0.000000000e+00 
0.000000000e+00 0.000000000e+00 0.000000000e+00 0.000000000e+00 0.000000000e+00 
0.000000000e+00 0.000000000e+00 0.000000000e+00 0.000000000e+00 0.000000000e+00 
0.000000000e+00 0.000000000e+00 0.000000000e+00 0.000000000e+00 0.000000000e+00 
0.000000000e+00 0.000000000e+00 0.000000000e+00 0.000000000e+00 0.000000000e+00 
0.000000000e+00 0.000000000e+00 0.000000000e+00 0.000000000e+00 0.000000000e+00 
0.000000000e+00 0.000000000e+00 0.000000000e+00 0.000000000e+00 0.000000000e+00 
0.000000000e+00 0.000000000e+00 0.000000000e+00 0.000000000e+00 0.000000000e+00 
0.000000000e+00 0.000000000e+00 0.000000000e+00 0.000000000e+00 0.000000000e+00 
0.000000000e+00 0.000000000e+00 0.000000000e+00 0.000000000e+00 0.000000000e+00 
0.000000000e+00 0.000000000e+00 0.000000000e+00 0.000000000e+00 0.000000000e+00 
0.000000000e+00 0.000000000e+00 0.000000000e+00 0.000000000e+00 0.000000000e+00 
0.000000000e+00 0.000000000e+00 0.000000000e+00 0.000000000e+00 0.000000000e+00 
0.000000000e+00 0.000000000e+00 0.000000000e+00 0.000000000e+00 0.000000000e+00 
0.000000000e+00 0.000000000e+00 0.000000000e+00 0.000000000e+00 0.000000000e+00 
0.000000000e+00 0.000000000e+00 0.000000000e+00 0.000000000e+00 0.000000000e+00 
0.000000000e+00 0.000000000e+00 0.000000000e+00 0.000000000e+00 0.000000000e+00 
TEMPERATURE
3.000000000e+02 3.000000000e+02 3.000000000e+02 3.000000000e+02 3.000000000e+02 
3.000000000e+02 3.000000000e+02 3.000000000e+02 3.000000000e+02 3.000000000e+02 
3.000000000e+02 3.000000000e+02 3.000000000e+02 3.000000000e+02 3.000000000e+02 
3.000000000e+02 3.000000000e+02 3.000000000e+02 3.000000000e+02 3.000000000e+02 
3.000000000e+02 3.000000000e+02 3.000000000e+02 3.000000000e+02 3.000000000e+02 
3.000000000e+02 3.000000000e+02 3.000000000e+02 3.000000000e+02 3.000000000e+02 
3.000000000e+02 3.000000002e+02 3.000000014e+02 3.000000083e+02 3.000000473e+02 
3.000002563e+02 3.000013189e+02 3.000064187e+02 3.000294192e+02 3.001263915e+02 
3.005060782e+02 3.018738664e+02 3.063379055e+02 3.191751717e+02 3.502768164e+02 
4.109064105e+02 5.055403356e+02 6.298211351e+02 7.762917344e+02 9.381383257e+02 
1.109131905e+03 1.283251209e+03 1.451505773e+03 1.604236211e+03 1.731817641e+03 
1.826437861e+03 1.883611435e+03 1.902065112e+03 1.882260244e+03 1.825155234e+03 
1.732070786e+03 1.605336441e+03 1.449034399e+03 1.269052864e+03 1.072150151e+03 
8.657991373e+02 6.604264362e+02 4.758312801e+02 3.561491240e+02 3.126558400e+02 
3.023611613e+02 3.003925059e+02 3.000595783e+02 3.000083438e+02 3.000010853e+02 
3.000001318e+02 3.000000150e+02 3.000000016e+02 3.000000002e+02 3.000000000e+02 
3.000000000e+02 3.000000000e+02 3.000000000e+02 3.000000000e+02 3.000000000e+02 
3.000000000e+02 3.000000000e+02 3.000000000e+02 3.000000000e+02 3.000000000e+02 
3.000000000e+02 3.000000000e+02 3.000000000e+02 3.000000000e+02 3.000000000e+02 
3.000000000e+02 3.000000000e+02 3.000000000e+02 3.000000000e+02 3.000000000e+02 
3.000000000e+02 3.000000000e+02 3.000000000e+02 3.000000000e+02 3.000000000e+02 
3.000000000e+02 3.000000000e+02 3.000000000e+02 3.000000000e+02 3.000000000e+02 
3.000000000e+02 3.000000000e+02 3.000000000e+02 3.000000000e+02 3.000000000e+02 
3.000000000e+02 3.000000000e+02 3.000000000e+02 3.000000000e+02 3.000000000e+02 
3.000000000e+02 3.000000000e+02 3.000000000e+02 3.000000000e+02 3.000000000e+02 
3.000000000e+02 3.000000000e+02 3.000000000e+02 3.000000000e+02 3.000000000e+02 
3.000000000e+02 3.000000000e+02 3.000000000e+02 3.000000000e+02 3.000000000e+02 
3.000000000e+02 3.000000000e+02 3.000000000e+02 3.000000000e+02 3.000000000e+02 
3.000000000e+02 3.000000000e+02 3.000000000e+02 3.000000000e+02 3.000000000e+02 
3.000000000e+02 3.000000000e+02 3.000000000e+02 3.000000000e+02 3.000000000e+02 
3.000000000e+02 3.000000000e+02 3.000000000e+02 3.000000000e+02 3.000000000e+02 
3.000000000e+02 3.000000000e+02 3.000000000e+02 3.000000000e+02 3.000000000e+02 
Cp
1.432478610e+04 1.432478610e+04 1.432478610e+04 1.432478610e+04 1.432478610e+04 
1.432478610e+04 1.432478610e+04 1.432478610e+04 1.432478610e+04 1.432478610e+04 
1.432478610e+04 1.432478610e+04 1.432478610e+04 1.432478610e+04 1.432478610e+04 
1.432478610e+04 1.432478610e+04 1.432478610e+04 1.432478610e+04 1.432478610e+04 
1.432478610e+04 1.432478610e+04 1.432478610e+04 1.432478610e+04 1.432478610e+04 
1.432478610e+04 1.432478610e+04 1.432478610e+04 1.432478610e+04 1.432478610e+04 
1.432478611e+04 1.432478611e+04 1.432478612e+04 1.432478616e+04 1.432478637e+04 
1.432478730e+04 1.432479126e+04 1.432480696e+04 1.432486365e+04 1.432503815e+04 
1.432541037e+04 1.432522669e+04 1.431745148e+04 1.426496467e+04 1.403589859e+04 
1.334770198e+04 1.194697085e+04 1.000164937e+04 8.055132868e+03 6.519666370e+03 
5.449648151e+03 4.684481695e+03 4.116298937e+03 3.667692540e+03 3.283934882e+03 
2.933404195e+03 2.606869191e+03 2.308746175e+03 2.045686838e+03 1.820699550e+03 
1.632776900e+03 1.478636453e+03 1.354366884e+03 1.256086069e+03 1.179621020e+03 
1.113412834e+03 1.039777705e+03 9.745802266e+02 9.350634756e+02 9.210844685e+02 
9.176289220e+02 9.168718046e+02 9.167008471e+02 9.166571804e+02 9.166444102e+02 
9.166403745e+02 9.166390798e+02 9.166386729e+02 9.166385496e+02 9.166385137e+02 
9.166385037e+02 9.166385010e+02 9.166385003e+02 9.166385001e+02 9.166385001e+02 
9.166385000e+02 9.166385000e+02 9.166385000e+02 9.166385000e+02 9.166385000e+02 
9.166385000e+02 9.166385000e+02 9.166385000e+02 9.166385000e+02 9.166385000e+02 
9.166385000e+02 9.166385000e+02 9.166385000e+02 9.166385000e+02 9.166385000e+02 
9.166385000e+02 9.166385000e+02 9.166385000e+02 9.166385000e+02 9.166385000e+02 
9.166385000e+02 9.166385000e+02 9.166385000e+02 9.166385000e+02 9.166385000e+02 
9.166385000e+02 9.166385000e+02 9.166385000e+02 9.166385000e+02 9.166385000e+02 
9.166385000e+02 9.166385000e+02 9.166385000e+02 9.166385000e+02 9.166385000e+02 
9.166385000e+02 9.166385000e+02 9.166385000e+02 9.166385000e+02 9.166385000e+02 
9.166385000e+02 9.166385000e+02 9.166385000e+02 9.166385000e+02 9.166385000e+02 
9.166385000e+02 9.166385000e+02 9.166385000e+02 9.166385000e+02 9.166385000e+02 
9.166385000e+02 9.166385000e+02 9.166385000e+02 9.166385000e+02 9.166385000e+02 
9.166385000e+02 9.166385000e+02 9.166385000e+02 9.166385000e+02 9.166385000e+02 
9.166385000e+02 9.166385000e+02 9.166385000e+02 9.166385000e+02 9.166385000e+02 
9.166385000e+02 9.166385000e+02 9.166385000e+02 9.166385000e+02 9.166385000e+02 
9.166385000e+02 9.166385000e+02 9.166385000e+02 9.166385000e+02 9.166385000e+02 
MMW
2.015880000e+00 2.015880000e+00 2.015880000e+00 2.015880000e+00 2.015880000e+00 
2.015880000e+00 2.015880000e+00 2.015880000e+00 2.015880000e+00 2.015880000e+00 
2.015880000e+00 2.015880000e+00 2.015880000e+00 2.015880000e+00 2.015880000e+00 
2.015880000e+00 2.015880000e+00 2.015880000e+00 2.015880000e+00 2.015880000e+00 
2.015880000e+00 2.015880000e+00 2.015880000e+00 2.015880000e+00 2.015880000e+00 
2.015880000e+00 2.015880000e+00 2.015880000e+00 2.015880000e+00 2.015880000e+00 
2.015880000e+00 2.015879999e+00 2.015879997e+00 2.015879986e+00 2.015879937e+00 
2.015879733e+00 2.015878929e+00 2.015876002e+00 2.015866442e+00 2.015840688e+00 
2.015800527e+00 2.015918642e+00 2.017436528e+00 2.026318220e+00 2.063176836e+00 
2.176822685e+00 2.443633131e+00 2.941107164e+00 3.710391016e+00 4.736527708e+00 
5.961202755e+00 7.319679355e+00 8.769042506e+00 1.028209469e+01 1.185794424e+01 
1.351790323e+01 1.528124171e+01 1.714757159e+01 1.909764562e+01 2.109812398e+01 
2.310383672e+01 2.505678227e+01 2.688148059e+01 2.848467564e+01 2.977710681e+01 
3.072069754e+01 3.135377412e+01 3.173365797e+01 3.190635444e+01 3.196656919e+01 
3.198702662e+01 3.199440378e+01 3.199717656e+01 3.199821949e+01 3.199860095e+01 
3.199873477e+01 3.199877957e+01 3.199879388e+01 3.199879824e+01 3.199879952e+01 
3.199879987e+01 3.199879997e+01 3.199879999e+01 3.199880000e+01 3.199880000e+01 
3.199880000e+01 3.199880000e+01 3.199880000e+01 3.199880000e+01 3.199880000e+01 
3.199880000e+01 3.199880000e+01 3.199880000e+01 3.199880000e+01 3.199880000e+01 
3.199880000e+01 3.199880000e+01 3.199880000e+01 3.199880000e+01 3.199880000e+01 
3.199880000e+01 3.199880000e+01 3.199880000e+01 3.199880000e+01 3.199880000e+01 
3.199880000e+01 3.199880000e+01 3.199880000e+01 3.199880000e+01 3.199880000e+01 
3.199880000e+01 3.199880000e+01 3.199880000e+01 3.199880000e+01 3.199880000e+01 
3.199880000e+01 3.199880000e+01 3.199880000e+01 3.199880000e+01 3.199880000e+01 
3.199880000e+01 3.199880000e+01 3.199880000e+01 3.199880000e+01 3.199880000e+01 
3.199880000e+01 3.199880000e+01 3.199880000e+01 3.199880000e+01 3.199880000e+01 
3.199880000e+01 3.199880000e+01 3.199880000e+01 3.199880000e+01 3.199880000e+01 
3.199880000e+01 3.199880000e+01 3.199880000e+01 3.199880000e+01 3.199880000e+01 
3.199880000e+01 3.199880000e+01 3.199880000e+01 3.199880000e+01 3.199880000e+01 
3.199880000e+01 3.199880000e+01 3.199880000e+01 3.199880000e+01 3.199880000e+01 
3.199880000e+01 3.199880000e+01 3.199880000e+01 3.199880000e+01 3.199880000e+01 
3.199880000e+01 3.199880000e+01 3.199880000e+01 3.199880000e+01 3.199880000e+01 
rho
8.188905810e-02 8.188905810e-02 8.188905810e-02 8.188905810e-02 8.188905810e-02 
8.188905810e-02 8.188905810e-02 8.188905810e-02 8.188905810e-02 8.188905810e-02 
8.188905810e-02 8.188905810e-02 8.188905810e-02 8.188905810e-02 8.188905810e-02 
8.188905810e-02 8.188905810e-02 8.188905810e-02 8.188905810e-02 8.188905810e-02 
8.188905810e-02 8.188905810e-02 8.188905810e-02 8.188905810e-02 8.188905810e-02 
8.188905810e-02 8.188905810e-02 8.188905810e-02 8.188905810e-02 8.188905810e-02 
8.188905809e-02 8.188905802e-02 8.188905760e-02 8.188905526e-02 8.188904264e-02 
8.188897728e-02 8.188865458e-02 8.188714366e-02 8.188047783e-02 8.185297609e-02 
8.174792695e-02 8.138229598e-02 8.025675493e-02 7.736793460e-02 7.178067101e-02 
6.455986187e-02 5.890642233e-02 5.690836037e-02 5.824748418e-02 6.152840516e-02 
6.549877079e-02 6.951248734e-02 7.362339873e-02 7.810803966e-02 8.344295949e-02 
9.019591868e-02 9.886664149e-02 1.098650858e-01 1.236467243e-01 1.408725858e-01 
1.625552216e-01 1.902136544e-01 2.260772930e-01 2.735357024e-01 3.384615523e-01 
4.324106463e-01 5.785592352e-01 8.127361975e-01 1.091761460e+00 1.245982485e+00 
1.289229758e+00 1.297978151e+00 1.299530921e+00 1.299795216e+00 1.299842160e+00 
1.299851727e+00 1.299854053e+00 1.299854692e+00 1.299854876e+00 1.299854928e+00 
1.299854943e+00 1.299854947e+00 1.299854948e+00 1.299854948e+00 1.299854948e+00 
1.299854948e+00 1.299854948e+00 1.299854948e+00 1.299854948e+00 1.299854948e+00 
1.299854948e+00 1.299854948e+00 1.299854948e+00 1.299854948e+00 1.299854948e+00 
1.299854948e+00 1.299854948e+00 1.299854948e+00 1.299854948e+00 1.299854948e+00 
1.299854948e+00 1.299854948e+00 1.299854948e+00 1.299854948e+00 1.299854948e+00 
1.299854948e+00 1.299854948e+00 1.299854948e+00 1.299854948e+00 1.299854948e+00 
1.299854948e+00 1.299854948e+00 1.299854948e+00 1.299854948e+00 1.299854948e+00 
1.299854948e+00 1.299854948e+00 1.299854948e+00 1.299854948e+00 1.299854948e+00 
1.299854948e+00 1.299854948e+00 1.299854948e+00 1.299854948e+00 1.299854948e+00 
1.299854948e+00 1.299854948e+00 1.299854948e+00 1.299854948e+00 1.299854948e+00 
1.299854948e+00 1.299854948e+00 1.299854948e+00 1.299854948e+00 1.299854948e+00 
1.299854948e+00 1.299854948e+00 1.299854948e+00 1.299854948e+00 1.299854948e+00 
1.299854948e+00 1.299854948e+00 1.299854948e+00 1.299854948e+00 1.299854948e+00 
1.299854948e+00 1.299854948e+00 1.299854948e+00 1.299854948e+00 1.299854948e+00 
1.299854948e+00 1.299854948e+00 1.299854948e+00 1.299854948e+00 1.299854948e+00 
1.299854948e+00 1.299854948e+00 1.299854948e+00 1.299854948e+00 1.299854948e+00 
mu
9.000028555e-06 9.000028555e-06 9.000028555e-06 9.000028555e-06 9.000028555e-06 
9.000028555e-06 9.000028555e-06 9.000028555e-06 9.000028555e-06 9.000028555e-06 
9.000028555e-06 9.000028555e-06 9.000028555e-06 9.000028555e-06 9.000028555e-06 
9.000028555e-06 9.000028555e-06 9.000028555e-06 9.000028555e-06 9.000028555e-06 
9.000028555e-06 9.000028555e-06 9.000028555e-06 9.000028555e-06 9.000028555e-06 
9.000028555e-06 9.000028555e-06 9.000028555e-06 9.000028555e-06 9.000028555e-06 
9.000028556e-06 9.000028560e-06 9.000028584e-06 9.000028727e-06 9.000029527e-06 
9.000033786e-06 9.000055318e-06 9.000158252e-06 9.000621426e-06 9.002573034e-06 
9.010224481e-06 9.037885062e-06 9.128676853e-06 9.391777483e-06 1.003714406e-05 
1.133702185e-05 1.354002688e-05 1.686076551e-05 2.141499907e-05 2.708752195e-05 
3.354723298e-05 4.040961700e-05 4.727162764e-05 5.376451111e-05 5.955941468e-05 
6.436040323e-05 6.791291722e-05 7.005139962e-05 7.073029996e-05 7.000048847e-05 
6.796866597e-05 6.477263740e-05 6.056970887e-05 5.551612311e-05 4.972434910e-05 
4.324582714e-05 3.615642520e-05 2.891378837e-05 2.349996123e-05 2.131743310e-05 
2.077918464e-05 2.067528625e-05 2.065771383e-05 2.065502143e-05 2.065464476e-05 
2.065459699e-05 2.065459172e-05 2.065459130e-05 2.065459132e-05 2.065459133e-05 
2.065459134e-05 2.065459134e-05 2.065459134e-05 2.065459134e-05 2.065459134e-05 
2.065459134e-05 2.065459134e-05 2.065459134e-05 2.065459134e-05 2.065459134e-05 
2.065459134e-05 2.065459134e-05 2.065459134e-05 2.065459134e-05 2.065459134e-05 
2.065459134e-05 2.065459134e-05 2.065459134e-05 2.065459134e-05 2.065459134e-05 
2.065459134e-05 2.065459134e-05 2.065459134e-05 2.065459134e-05 2.065459134e-05 
2.065459134e-05 2.065459134e-05 2.065459134e-05 2.065459134e-05 2.065459134e-05 
2.065459134e-05 2.065459134e-05 2.065459134e-05 2.065459134e-05 2.065459134e-05 
2.065459134e-05 2.065459134e-05 2.065459134e-05 2.065459134e-05 2.065459134e-05 
2.065459134e-05 2.065459134e-05 2.065459134e-05 2.065459134e-05 2.065459134e-05 
2.065459134e-05 2.065459134e-05 2.065459134e-05 2.065459134e-05 2.065459134e-05 
2.065459134e-05 2.065459134e-05 2.065459134e-05 2.065459134e-05 2.065459134e-05 
2.065459134e-05 2.065459134e-05 2.065459134e-05 2.065459134e-05 2.065459134e-05 
2.065459134e-05 2.065459134e-05 2.065459134e-05 2.065459134e-05 2.065459134e-05 
2.065459134e-05 2.065459134e-05 2.065459134e-05 2.065459134e-05 2.065459134e-05 
2.065459134e-05 2.065459134e-05 2.065459134e-05 2.065459134e-05 2.065459134e-05 
2.065459134e-05 2.065459134e-05 2.065459134e-05 2.065459134e-05 2.065459134e-05 
TC
1.868277014e-01 1.868277014e-01 1.868277014e-01 1.868277014e-01 1.868277014e-01 
1.868277014e-01 1.868277014e-01 1.868277014e-01 1.868277014e-01 1.868277014e-01 
1.868277014e-01 1.868277014e-01 1.868277014e-01 1.868277014e-01 1.868277014e-01 
1.868277014e-01 1.868277014e-01 1.868277014e-01 1.868277014e-01 1.868277014e-01 
1.868277014e-01 1.868277014e-01 1.868277014e-01 1.868277014e-01 1.868277014e-01 
1.868277014e-01 1.868277014e-01 1.868277014e-01 1.868277014e-01 1.868277014e-01 
1.868277014e-01 1.868277016e-01 1.868277023e-01 1.868277065e-01 1.868277290e-01 
1.868278445e-01 1.868284118e-01 1.868310580e-01 1.868427086e-01 1.868907857e-01 
1.870750948e-01 1.877231010e-01 1.897663918e-01 1.953078425e-01 2.073928468e-01 
2.273153100e-01 2.524840606e-01 2.792468865e-01 3.054150581e-01 3.298224723e-01 
3.514739879e-01 3.691333811e-01 3.804674012e-01 3.832926676e-01 3.758294575e-01 
3.576163037e-01 3.303840662e-01 2.974780806e-01 2.622679500e-01 2.272176507e-01 
1.938881937e-01 1.632267855e-01 1.357475647e-01 1.115462279e-01 9.028319375e-02 
7.138672850e-02 5.449930666e-02 4.010123456e-02 3.087857304e-02 2.753804506e-02 
2.673596059e-02 2.657271031e-02 2.654050168e-02 2.653367010e-02 2.653198970e-02 
2.653151357e-02 2.653136853e-02 2.653132390e-02 2.653131048e-02 2.653130658e-02 
2.653130550e-02 2.653130521e-02 2.653130513e-02 2.653130511e-02 2.653130511e-02 
2.653130511e-02 2.653130511e-02 2.653130511e-02 2.653130511e-02 2.653130511e-02 
2.653130511e-02 2.653130511e-02 2.653130511e-02 2.653130511e-02 2.653130511e-02 
2.653130511e-02 2.653130511e-02 2.653130511e-02 2.653130511e-02 2.653130511e-02 
2.653130511e-02 2.653130511e-02 2.653130511e-02 2.653130511e-02 2.653130511e-02 
2.653130511e-02 2.653130511e-02 2.653130511e-02 2.653130511e-02 2.653130511e-02 
2.653130511e-02 2.653130511e-02 2.653130511e-02 2.653130511e-02 2.653130511e-02 
2.653130511e-02 2.653130511e-02 2.653130511e-02 2.653130511e-02 2.653130511e-02 
2.653130511e-02 2.653130511e-02 2.653130511e-02 2.653130511e-02 2.653130511e-02 
2.653130511e-02 2.653130511e-02 2.653130511e-02 2.653130511e-02 2.653130511e-02 
2.653130511e-02 2.653130511e-02 2.653130511e-02 2.653130511e-02 2.653130511e-02 
2.653130511e-02 2.653130511e-02 2.653130511e-02 2.653130511e-02 2.653130511e-02 
2.653130511e-02 2.653130511e-02 2.653130511e-02 2.653130511e-02 2.653130511e-02 
2.653130511e-02 2.653130511e-02 2.653130511e-02 2.653130511e-02 2.653130511e-02 
2.653130511e-02 2.653130511e-02 2.653130511e-02 2.653130511e-02 2.653130511e-02 
2.653130511e-02 2.653130511e-02 2.653130511e-02 2.653130511e-02 2.653130511e-02 
net_rxn-H2
-3.665420151e-19 -3.598611097e-19 -3.532920844e-19 -3.468265602e-19 -3.404565889e-19 
-3.341746068e-19 -3.279733914e-19 -3.218460225e-19 -3.157858447e-19 -3.097864333e-19 
-3.038415611e-19 -2.979451674e-19 -2.920913274e-19 -2.862742227e-19 -2.804881119e-19 
-2.747273011e-19 -2.689861150e-19 -2.632588768e-19 -2.575400268e-19 -2.518260553e-19 
-2.461406558e-19 -2.408502211e-19 -2.405248509e-19 -3.000207604e-19 -1.060066651e-18 
-9.798359106e-18 -1.067635541e-16 -1.149266568e-15 -1.198979545e-14 -1.206995324e-13 
-1.167138452e-12 -1.075147635e-11 -9.267118316e-11 -7.147262000e-10 -4.278085615e-09 
-5.386249162e-09 4.078877808e-07 9.279655950e-06 1.431760378e-04 1.806199369e-03 
1.937481923e-02 1.765318195e-01 1.323323529e+00 7.550120647e+00 2.882069565e+01 
6.571344576e+01 8.885446258e+01 7.397230448e+01 2.619986270e+01 -6.268348913e+01 
-2.576379222e+02 -6.702950882e+02 -1.373739795e+03 -2.285183027e+03 -3.094094537e+03 
-3.397641185e+03 -3.051944630e+03 -2.324253662e+03 -1.590962821e+03 -1.037554576e+03 
-6.627364951e+02 -4.040738568e+02 -2.186589222e+02 -9.554069650e+01 -2.841777522e+01 
3.228884558e-01 7.127370115e+00 2.842816908e+00 1.854915252e-01 2.384868410e-03 
-1.640737117e-05 -3.273379881e-06 -2.666827467e-07 -1.848685119e-08 -1.133545699e-09 
-6.202280405e-11 -3.047757412e-12 -1.352725878e-13 -5.451265875e-15 -2.004033043e-16 
-6.750293120e-18 -2.091655745e-19 -5.984310862e-21 -1.586291594e-22 -3.908232539e-24 
-8.976270979e-26 -1.927237241e-27 -3.878178076e-29 -7.332209617e-31 -1.305436488e-32 
-2.193477643e-34 -3.485449260e-36 -5.247796760e-38 -7.500489342e-40 -1.019433229e-41 
-1.319807421e-43 -1.630187439e-45 -1.923985261e-47 -2.172904479e-49 -2.351924804e-51 
-2.448264822e-53 -2.532967970e-55 -3.768403503e-57 -2.291823232e-58 -2.979633374e-59 
-4.153216968e-60 -5.727817712e-61 -7.777834502e-62 -1.040045921e-62 -1.370122083e-63 
-1.778976705e-64 -2.277571969e-65 -2.876381922e-66 -3.584847611e-67 -4.410799254e-68 
-5.359878300e-69 -6.434996086e-70 -7.635866640e-71 -8.958649050e-72 -1.039572954e-72 
-1.193566552e-73 -1.356330378e-74 -1.526007397e-75 -1.700444699e-76 -1.877253720e-77 
-2.053881848e-78 -2.227691727e-79 -2.396044187e-80 -2.556380627e-81 -2.706300862e-82 
-2.843632904e-83 -2.966491759e-84 -3.073325137e-85 -3.162944818e-86 -3.234543246e-87 
-3.287695767e-88 -3.322349573e-89 -3.338801010e-90 -3.337663262e-91 -3.319826708e-92 
-3.286414275e-93 -3.238734077e-94 -3.178231476e-95 -3.106442387e-96 -3.024949401e-97 
-2.935341902e-98 -2.839181036e-99 -2.737970053e-100 -2.633130231e-101 -2.525982350e-102 
-2.417733457e-103 -2.309468520e-104 -2.202146426e-105 -2.096599762e-106 -1.993537719e-107 
-1.893551528e-108 -1.797121813e-109 -1.704627189e-110 -1.616352403e-111 -1.532483350e-112 
net_rxn-H
1.832710075e-19 1.799305548e-19 1.766460422e-19 1.734132801e-19 1.702282945e-19 
1.670873034e-19 1.639866957e-19 1.609230113e-19 1.578929224e-19 1.548932167e-19 
1.519207806e-19 1.489725837e-19 1.460456637e-19 1.431371114e-19 1.402440560e-19 
1.373636506e-19 1.344930575e-19 1.316294384e-19 1.287700134e-19 1.259130276e-19 
1.230703279e-19 1.204251105e-19 1.202624225e-19 1.500102602e-19 5.300286426e-19 
4.899005799e-18 5.337566804e-17 5.744304210e-16 5.988556738e-15 6.016386690e-14 
5.784768878e-13 5.245923220e-12 4.326914568e-11 2.905506921e-10 8.028832570e-10 
-2.170489316e-08 -6.084249025e-07 -1.069138346e-05 -1.527651369e-04 -1.872324699e-03 
-1.989109753e-02 -1.814980118e-01 -1.376521864e+00 -8.053547357e+00 -3.214497004e+01 
-7.872436085e+01 -1.196016149e+02 -1.261561899e+02 -1.030493897e+02 -5.682736614e+01 
3.314000821e+01 2.085114540e+02 4.907365481e+02 8.294171146e+02 1.079294949e+03 
1.080702066e+03 8.160497682e+02 4.388371277e+02 1.143479998e+02 -9.401448540e+01 
-1.979631929e+02 -2.249398432e+02 -1.963994849e+02 -1.416460745e+02 -1.103539780e+02 
-1.331409999e+02 -1.479602748e+02 -8.029907626e+01 -1.445838227e+01 -1.009562333e+00 
-4.655863742e-02 -1.931644390e-03 -7.854341840e-05 -3.177113195e-06 -1.278700173e-07 
-5.112981556e-09 -2.030058371e-10 -8.006398630e-12 -3.138894178e-13 -1.224009735e-14 
-4.748883599e-16 -1.833311574e-17 -7.042716500e-19 -2.692498623e-20 -1.024653557e-21 
-3.882648160e-23 -1.465329014e-24 -5.509488648e-26 -2.064175411e-27 -7.707434261e-29 
-2.868411526e-30 -1.064094780e-31 -3.934847437e-33 -1.450709722e-34 -5.331252845e-36 
-1.953542769e-37 -7.137067657e-39 -2.600215130e-40 -9.447114507e-42 -3.419939417e-43 
-1.234612140e-44 -4.446488538e-46 -1.596199445e-47 -5.724954954e-49 -2.045503094e-50 
-7.294133124e-52 -2.592102495e-53 -9.177947489e-55 -3.256515273e-56 -1.144103898e-57 
-4.026762908e-59 -1.424213069e-60 -4.931011883e-62 -1.727748467e-63 -6.016869037e-65 
-2.080415846e-66 -7.280355204e-68 -2.494243475e-69 -8.653153647e-71 -3.044995460e-72 
-1.091095673e-73 -4.376773317e-75 -2.193706037e-76 -1.519125885e-77 -1.378153516e-78 
-1.419035101e-79 -1.521618271e-80 -1.643943616e-81 -1.770154627e-82 -1.893505519e-83 
-2.010326205e-84 -2.124251782e-85 -2.340206787e-86 -2.721519792e-87 -3.058220655e-88 
3.726947575e-88 5.990201078e-88 6.799966131e-88 -6.410308945e-89 -2.231555964e-88 
-4.606713449e-89 -4.071178784e-88 1.156125314e-88 1.958942510e-88 4.375526165e-88 
1.584576244e-88 2.626076978e-88 3.523154352e-88 -3.116710021e-88 -2.034486933e-88 
-2.552854376e-89 8.654602508e-89 7.077376750e-89 -1.388770546e-88 -1.479591458e-88 
-1.411308545e-88 -1.862656883e-90 1.014188697e-90 -6.416055222e-93 -9.084693961e-94 
net_rxn-O
-8.864650096e-21 -8.864377565e-21 -8.864104592e-21 -8.863830885e-21 -8.863556151e-21 
-8.863280088e-21 -8.863002391e-21 -8.862722744e-21 -8.862440821e-21 -8.862156281e-21 
-8.861868771e-21 -8.861577919e-21 -8.861283332e-21 -8.860984596e-21 -8.860681267e-21 
-8.860372874e-21 -8.860058936e-21 -8.859739245e-21 -8.859417651e-21 -8.859150328e-21 
-8.859648081e-21 -8.869624627e-21 -8.993320337e-21 -1.044661893e-20 -2.703600639e-20 
-2.111157582e-19 -2.193499831e-18 -2.287389727e-17 -2.314397060e-16 -2.260547177e-15 
-2.126026864e-14 -1.920749385e-13 -1.663203523e-12 -1.378829765e-11 -1.099090799e-10 
-8.641093868e-10 -7.320716570e-09 -7.944527002e-08 -1.182989625e-06 -2.034187953e-05 
-3.370751839e-04 -4.901223077e-03 -5.856149918e-02 -5.248919051e-01 -3.110260519e+00 
-1.123132043e+01 -2.658226948e+01 -5.098702034e+01 -9.611481538e+01 -1.876854432e+02 
-3.851622092e+02 -8.078211651e+02 -1.560396718e+03 -2.514176654e+03 -3.085206598e+03 
-2.494939351e+03 -6.222469054e+02 1.736111891e+03 3.711743721e+03 4.941136923e+03 
5.323355152e+03 4.706262441e+03 3.045786298e+03 8.823850965e+02 -6.699378197e+02 
-8.868431655e+02 -3.984197574e+02 -9.548175360e+01 -1.249781835e+01 -8.719897872e-01 
-4.307016354e-02 -1.734958732e-03 -6.035698025e-05 -1.861013168e-06 -5.159123115e-08 
-1.296930547e-09 -2.971075672e-11 -6.219779852e-13 -1.192070469e-14 -2.095541715e-16 
-3.387477110e-18 -5.056034859e-20 -7.015430984e-22 -9.157158307e-24 -1.147984436e-25 
-1.429428655e-27 -1.847008110e-29 -2.565264027e-31 -3.830496269e-33 -5.920721163e-35 
-8.928738926e-37 -1.199165274e-38 -1.057738967e-40 1.324528268e-42 1.260107981e-43 
5.709219085e-45 2.232564937e-46 8.321850902e-48 3.046488477e-49 1.105537926e-50 
3.994034871e-52 1.438783561e-53 5.165271933e-55 1.852617529e-56 6.619358007e-58 
2.360423550e-59 8.388195755e-61 2.970037962e-62 1.053827699e-63 3.702389859e-65 
1.303087090e-66 4.608874445e-68 1.595752667e-69 5.591837725e-71 1.949426127e-72 
6.902837080e-74 3.984541302e-75 1.700114129e-75 1.621108600e-75 1.618278793e-75 
1.618168897e-75 1.618163796e-75 1.618163467e-75 1.618163438e-75 1.618163435e-75 
1.618163435e-75 1.618163435e-75 1.618163435e-75 1.618163435e-75 1.618163435e-75 
1.618163435e-75 1.618163435e-75 1.618163435e-75 1.618163435e-75 1.618163435e-75 
1.618163435e-75 1.618163435e-75 1.618163435e-75 1.618163435e-75 1.618163435e-75 
1.618163435e-75 1.618163435e-75 1.618163435e-75 1.618163435e-75 1.618163435e-75 
1.618163435e-75 1.618163435e-75 1.618163435e-75 1.618163435e-75 1.618163435e-75 
1.618163435e-75 1.618163435e-75 1.618163435e-75 1.618163435e-75 1.618163435e-75 
1.618163435e-75 1.618163435e-75 1.618163435e-75 1.618163435e-75 1.618163435e-75 
net_rxn-O2
6.763508971e-36 6.677189526e-36 6.592316349e-36 6.508781140e-36 6.426481169e-36 
6.345318677e-36 6.265200320e-36 6.186036680e-36 6.107741900e-36 6.030234181e-36 
5.953442648e-36 5.877363009e-36 5.802483842e-36 5.732995268e-36 5.700617048e-36 
5.939088278e-36 8.142813400e-36 2.439956155e-35 1.394889433e-34 9.373025579e-34 
6.361662814e-33 4.250174043e-32 2.780745126e-31 1.770405193e-30 1.020674229e-29 
-1.360782144e-29 -6.421064726e-27 -5.360148292e-25 -3.980161327e-23 -2.749113702e-21 
-1.764720905e-19 -1.048263632e-17 -5.733786151e-16 -2.872574287e-14 -1.310506634e-12 
-5.409897292e-11 -2.006715621e-09 -6.636728932e-08 -1.939819094e-06 -4.958251055e-05 
-1.092680431e-03 -2.028246484e-02 -3.028817582e-01 -3.323032920e+00 -2.331798867e+01 
-9.401995041e+01 -2.251235230e+02 -3.684528318e+02 -4.822819661e+02 -6.196673823e+02 
-1.000484934e+03 -2.006305832e+03 -4.068570698e+03 -7.459698204e+03 -1.190096066e+04 
-1.618052562e+04 -1.872564264e+04 -1.900073791e+04 -1.771914784e+04 -1.572883646e+04 
-1.328854828e+04 -1.020254024e+04 -6.409172008e+03 -2.612765453e+03 -2.750632276e+02 
-2.395416728e+02 -9.301281628e+02 -6.969210980e+02 -1.925112504e+02 -1.584989973e+01 
-7.782454144e-01 -3.713867171e-02 -1.794625225e-03 -8.368435930e-05 -3.700641765e-06 
-1.561827960e-07 -6.374182554e-09 -2.545551515e-10 -1.002791997e-11 -3.914810009e-13 
-1.518022026e-14 -5.853060868e-16 -2.245303639e-17 -8.572959600e-19 -3.259141980e-20 
-1.234038575e-21 -4.654999686e-23 -1.749698130e-24 -6.554246008e-26 -2.447065635e-27 
-9.106617077e-29 -3.378208394e-30 -1.249193759e-31 -4.605541029e-33 -1.692500116e-34 
-6.201861765e-36 -2.265785926e-37 -8.254833322e-39 -2.999150060e-40 -1.085718969e-41 
-3.919489950e-43 -1.411614753e-44 -5.067411433e-46 -1.817486047e-47 -6.493803649e-49 
-2.315648832e-50 -8.229078233e-52 -2.913698544e-53 -1.033837472e-54 -3.632160214e-56 
-1.278371234e-57 -4.521483218e-59 -1.565526392e-60 -5.486174646e-62 -1.911559510e-63 
-6.621656075e-65 -2.331703790e-66 -8.160821621e-68 -3.031502847e-69 -1.296733127e-70 
-7.254673863e-72 -5.711569643e-73 -5.702820924e-74 -7.498792278e-75 -2.257881991e-75 
-1.687872442e-75 -1.625718692e-75 -1.618976290e-75 -1.618250211e-75 -1.618172627e-75 
-1.618164401e-75 -1.618163536e-75 -1.618163445e-75 -1.618163436e-75 -1.618163435e-75 
-1.618163435e-75 -1.618163435e-75 -1.618163435e-75 -1.618163435e-75 -1.618163435e-75 
-1.618163435e-75 -1.618163435e-75 -1.618163435e-75 -1.618163435e-75 -1.618163435e-75 
-1.618163435e-75 -1.618163435e-75 -1.618163435e-75 -1.618163435e-75 -1.618163435e-75 
-1.618163435e-75 -1.618163435e-75 -1.618163435e-75 -1.618163435e-75 -1.618163435e-75 
-1.618163435e-75 -1.618163435e-75 -1.618163435e-75 -1.618163435e-75 -1.618163435e-75 
net_rxn-OH
-3.073552470e-18 -3.017188370e-18 -2.961768168e-18 -2.907221174e-18 -2.853480331e-18 
-2.800481828e-18 -2.748164732e-18 -2.696470659e-18 -2.645343461e-18 -2.594728935e-18 
-2.544574546e-18 -2.494829161e-18 -2.445442797e-18 -2.396366365e-18 -2.347551429e-18 
-2.298949951e-18 -2.250514053e-18 -2.202195840e-18 -2.153948401e-18 -2.105742005e-18 
-2.057775035e-18 -2.013120107e-18 -2.010112133e-18 -2.508972511e-18 -8.886046552e-18 
-8.221974745e-17 -8.961699393e-16 -9.650790554e-15 -1.007690539e-13 -1.016634486e-12 
-9.887502092e-12 -9.248883808e-11 -8.300415019e-10 -7.127896052e-09 -5.840202537e-08 
-4.551714533e-07 -3.364082055e-06 -2.351633113e-05 -1.553263337e-04 -9.712468285e-04 
-5.761163042e-03 -3.185148856e-02 -1.509554134e-01 -5.099103818e-01 -8.874653828e-01 
1.764588026e+00 1.317517868e+01 8.746512359e+00 -6.887385577e+01 -3.017497281e+02 
-8.432882453e+02 -1.808655710e+03 -2.929813882e+03 -3.355530259e+03 -2.132195090e+03 
6.115113132e+02 3.406615037e+03 4.890685862e+03 4.865055376e+03 3.845598419e+03 
2.422025021e+03 1.094847821e+03 1.942004628e+02 -2.362402775e+02 -2.010182752e+02 
2.822904510e+02 4.053360430e+02 -7.358777850e+01 -7.061437313e+01 -6.467851082e+00 
-3.128953613e-01 -1.155823648e-02 -3.594929573e-04 -9.793246994e-06 -2.408227484e-07 
-5.543489065e-09 -1.256685282e-10 -2.985305443e-12 -7.770601371e-14 -2.200361347e-15 
-6.459334583e-17 -1.871274568e-18 -5.186126560e-20 -1.354424271e-21 -3.313924056e-23 
-7.586719154e-25 -1.626431880e-26 -3.270529138e-28 -6.181230660e-30 -1.100316296e-31 
-1.848604962e-33 -2.937084573e-35 -4.421206841e-37 -6.315845938e-39 -8.572454307e-41 
-1.105460063e-42 -1.349150189e-44 -1.531790601e-46 -1.505949666e-48 -8.049594412e-51 
2.189521551e-52 1.324297885e-53 5.293819951e-55 1.951134839e-56 7.020152959e-58 
2.507732005e-59 8.915480836e-61 3.157052985e-62 1.120210121e-63 3.935629804e-65 
1.385179366e-66 4.899226683e-68 1.696281131e-69 5.943943718e-71 2.070517161e-72 
7.165695685e-74 2.515456388e-75 8.711347466e-77 3.130706414e-78 1.226258663e-79 
5.806178948e-81 3.838415875e-82 3.379295060e-83 3.447270189e-84 3.702881724e-85 
4.020738547e-86 4.354972975e-87 4.686612007e-88 5.005800419e-89 5.306089485e-90 
5.582480981e-91 5.832983232e-92 6.091019626e-93 6.376331026e-94 6.615300289e-95 
-7.165709125e-96 -2.003441754e-95 -2.333395524e-95 2.210839602e-96 7.676958740e-96 
1.584731936e-96 1.400455998e-95 -3.976985167e-96 -6.738617534e-96 -1.505148692e-95 
-5.450825274e-96 -9.033510898e-96 -1.211939082e-95 1.072125234e-95 6.998484825e-96 
8.781630553e-97 -2.977119358e-96 -2.434565344e-96 4.777268134e-96 5.089685365e-96 
4.854797185e-96 6.407402140e-98 -3.488734232e-98 2.207075621e-100 3.125067642e-101 
net_rxn-HO2
-1.777702905e-32 -1.777701652e-32 -1.777700419e-32 -1.777699207e-32 -1.777698013e-32 
-1.777696836e-32 -1.777695675e-32 -1.777694528e-32 -1.777693394e-32 -1.777692274e-32 
-1.777691185e-32 -1.777690257e-32 -1.777690498e-32 -1.777699520e-32 -1.777774070e-32 
-1.778331471e-32 -1.782396141e-32 -1.811543285e-32 -2.017093449e-32 -3.441216306e-32 
-1.312312908e-31 -7.763020468e-31 -4.982709986e-30 -3.179085059e-29 -1.984849698e-28 
-1.203941832e-27 -6.723826688e-27 -6.541686818e-27 2.305869267e-24 1.714819355e-22 
1.092523657e-20 6.400855400e-19 3.450944492e-17 1.703765396e-15 7.658528374e-14 
3.114438445e-12 1.137780903e-10 3.704804603e-09 1.065489855e-07 2.675318811e-06 
5.758303543e-05 1.023953325e-03 1.388723188e-02 1.240613355e-01 6.115249302e-01 
1.501316797e+00 1.903533109e+00 1.556846893e+00 1.249362576e+00 1.175228893e+00 
9.714733027e-01 2.618016002e-01 -6.191999469e-01 -1.430362811e+00 -1.817011455e+00 
-1.532602801e+00 -8.810559897e-01 -6.328854449e-01 -1.375499872e+00 -3.381433619e+00 
-7.142225143e+00 -1.404890419e+01 -2.694061521e+01 -4.909637064e+01 -7.632894957e+01 
-8.184053565e+01 1.434853049e+01 2.752906763e+02 1.640051945e+02 1.541716271e+01 
7.920823793e-01 3.887098366e-02 1.897692498e-03 8.842551212e-05 3.890569097e-06 
1.632460706e-07 6.629371320e-09 2.637952532e-10 1.036834784e-11 4.042576068e-13 
1.566571506e-14 6.038528986e-16 2.316180715e-17 8.843193978e-19 3.361825182e-20 
1.272912374e-21 4.801631403e-23 1.804812636e-24 6.760700401e-26 2.524146516e-27 
9.393469191e-29 3.484619608e-30 1.288542494e-31 4.750612366e-33 1.745812691e-34 
6.397216095e-36 2.337156606e-37 8.514854828e-39 3.093621200e-40 1.119918361e-41 
4.042951156e-43 1.456079636e-44 5.227031367e-46 1.874735593e-47 6.698353945e-49 
2.388590158e-50 8.488288471e-52 3.005478020e-53 1.066402633e-54 3.746570733e-56 
1.318639039e-57 4.663906793e-59 1.614839384e-60 5.658985329e-62 1.971772304e-63 
6.830233633e-65 2.405150835e-66 8.417881656e-68 3.126991408e-69 1.337562627e-70 
7.481521911e-72 5.874788773e-73 5.715542374e-74 6.065864565e-75 6.598692466e-76 
7.190479227e-77 7.793242397e-78 8.384599220e-79 8.950978624e-80 9.482311769e-81 
9.970284269e-82 1.040991376e-82 1.083047635e-83 1.124881905e-84 1.159353902e-85 
-1.438406065e-87 -1.852798939e-86 -2.215833128e-86 2.110096376e-87 7.308703398e-87 
1.508655675e-87 1.333179021e-86 -3.785931413e-87 -6.414896218e-87 -1.432841777e-86 
-5.188969181e-87 -8.599543610e-87 -1.153717874e-86 1.020620643e-86 6.662279608e-87 
8.359763524e-88 -2.834099393e-87 -2.317609519e-87 4.547769534e-87 4.845178331e-87 
4.621574112e-87 6.099592367e-89 -3.321136434e-89 2.101048337e-91 2.974940283e-92 
net_rxn-H2O
3.265688128e-18 3.205983303e-18 3.147278315e-18 3.089498285e-18 3.032572182e-18 
2.976432412e-18 2.921014430e-18 2.866256393e-18 2.812098824e-18 2.758484308e-18 
2.705357195e-18 2.652663323e-18 2.600349744e-18 2.548364461e-18 2.496656166e-18 
2.445173975e-18 2.393867169e-18 2.342685018e-18 2.291577832e-18 2.240514183e-18 
2.189705011e-18 2.142414842e-18 2.139367882e-18 2.669429630e-18 9.443120567e-18 
8.733021652e-17 9.517513252e-16 1.024850060e-14 1.070017324e-13 1.079430702e-12 
1.049742409e-11 9.818647599e-11 8.811072818e-10 7.565886880e-09 6.198837071e-08 
4.831776878e-07 3.573832705e-06 2.507015923e-05 1.679313541e-04 1.104607731e-03 
7.649159069e-03 6.096468864e-02 5.514289122e-01 4.732890330e+00 2.999160994e+01 
1.148556295e+02 2.671740263e+02 4.612632832e+02 7.229684223e+02 1.227625601e+03 
2.452828665e+03 5.085071370e+03 9.443700094e+03 1.478810010e+04 1.913587493e+04 
2.038214144e+04 1.817681521e+04 1.425847237e+04 1.061902744e+04 8.076182051e+03 
6.410916458e+03 5.046130219e+03 3.616623277e+03 2.264125268e+03 1.374588900e+03 
1.060931382e+03 1.029048220e+03 6.424159502e+02 1.137799856e+02 7.587631172e+00 
3.399771296e-01 1.202791242e-02 3.556690657e-04 9.055459364e-06 2.042202299e-07 
4.273710149e-09 9.045640531e-11 2.171383682e-12 6.196749984e-14 1.957404330e-15 
6.224632239e-17 1.889605469e-18 5.367337627e-20 1.419094301e-21 3.493014276e-23 
8.019744077e-25 1.721619121e-26 3.464193343e-28 6.549308915e-30 1.166025662e-31 
1.959203686e-33 3.113150172e-35 4.687201090e-37 6.699178481e-39 9.105128874e-41 
1.178781140e-42 1.455979806e-44 1.718360686e-46 1.940632377e-48 2.100143106e-50 
2.180787311e-52 2.175684049e-54 2.088019005e-56 1.929955685e-58 1.720022514e-60 
1.479711801e-62 1.230105722e-64 9.891927264e-67 7.702455130e-69 5.813135417e-71 
4.256330261e-73 3.026234479e-75 2.091220398e-77 1.405737040e-79 9.199888652e-82 
5.866688598e-84 3.648248558e-86 2.214100308e-88 1.312394258e-90 7.603450021e-93 
4.308782016e-95 2.390051253e-97 1.298595310e-99 6.915975119e-102 3.612761909e-104 
1.852334933e-106 9.327743621e-109 4.616228593e-111 2.246551663e-113 1.075658608e-115 
5.065548193e-118 2.332734220e-120 1.003648167e-122 2.505074967e-125 -5.207948097e-127 
-2.188363427e-128 -6.981867071e-130 -2.145032788e-131 -6.523901422e-133 -1.972219339e-134 
-5.931036366e-136 -1.774955487e-137 -5.287506038e-139 -1.568342414e-140 -4.633144985e-142 
-1.363548702e-143 -3.998679628e-145 -1.172022169e-146 -4.082565044e-148 -6.343274140e-149 
-2.202125794e-149 2.889519454e-151 6.803735381e-152 3.418268669e-151 3.630729573e-151 
3.147238829e-151 3.779135266e-151 7.086230116e-152 5.140789179e-153 1.475316794e-154 
net_rxn-H2O2
1.831305348e-32 1.831304781e-32 1.831304233e-32 1.831303705e-32 1.831303194e-32 
1.831302700e-32 1.831302221e-32 1.831301758e-32 1.831301308e-32 1.831300872e-32 
1.831300449e-32 1.831300037e-32 1.831299636e-32 1.831299245e-32 1.831298849e-32 
1.831298362e-32 1.831297139e-32 1.831290608e-32 1.831246683e-32 1.830944405e-32 
1.828891396e-32 1.815216112e-32 1.726063704e-32 1.158157346e-32 -2.372275032e-32 
-2.394005788e-31 -1.695774568e-30 -2.471236043e-29 -1.191222562e-27 -7.378242233e-26 
-4.194569373e-24 -2.026648222e-22 -7.332752406e-21 -9.014887582e-20 1.451313734e-17 
1.730496099e-15 1.259047690e-13 7.164668602e-12 3.383694371e-10 1.349868016e-08 
4.548528252e-07 1.272688510e-05 2.808614787e-04 4.310251245e-03 3.685409399e-02 
1.406515797e-01 2.002066498e-01 5.709517887e-02 -9.762056131e-02 -1.874210887e-01 
-3.668359541e-01 -7.668302916e-01 -1.296348519e+00 -1.498707883e+00 -8.959793208e-01 
2.839471769e-01 1.235223325e+00 1.517198701e+00 1.311625513e+00 8.695629716e-01 
9.356641670e-02 -1.637632566e+00 -5.439007675e+00 -1.122149226e+01 -1.346887521e+01 
-2.178347377e+00 2.064803117e+01 2.574026293e+01 1.211115254e+01 1.192124178e+00 
4.872647510e-02 1.467888601e-03 3.992369949e-05 1.053248027e-06 2.726998003e-08 
6.784392571e-10 1.578770849e-11 3.374692712e-13 6.572030723e-15 1.164059474e-16 
1.878353371e-18 2.769887117e-20 3.746352668e-22 4.664719019e-24 5.366208523e-26 
5.722763089e-28 5.675704007e-30 5.250493479e-32 4.543125754e-34 3.686512471e-36 
2.812199869e-38 2.021375157e-40 1.372024526e-42 8.812170547e-45 5.366002041e-47 
3.103340727e-49 1.706237405e-51 8.869030722e-54 4.065737719e-56 2.473211482e-59 
-7.405930834e-60 -3.581468139e-61 -1.531702743e-62 -6.357398003e-64 -2.585041722e-65 
-1.031308547e-66 -4.039613763e-68 -1.554445459e-69 -5.879466152e-71 -2.187061543e-72 
-8.005180986e-74 -2.884613148e-75 -1.023818178e-76 -3.580826044e-78 -1.234721874e-79 
-4.199285916e-81 -1.409262051e-82 -4.668773121e-84 -1.527525665e-85 -4.937699109e-87 
-1.577547832e-88 -4.983445798e-90 -1.557148105e-91 -4.814410694e-93 -1.473417768e-94 
-4.465100873e-96 -1.340320959e-97 -3.986616320e-99 -1.175330990e-100 -3.435687121e-102 
-9.960860891e-104 -2.865070309e-105 -8.177957499e-107 -2.317013329e-108 -6.517339035e-110 
-1.820228012e-111 -5.047851419e-113 -1.389837206e-114 -3.796703421e-116 -7.547257487e-118 
4.075277605e-118 4.518895199e-118 5.209921045e-118 4.752782234e-118 3.891223103e-118 
2.331200817e-118 8.998517976e-119 -3.183018394e-119 -1.021437242e-118 -6.788995457e-119 
1.643016119e-120 1.958020186e-120 1.954219733e-120 1.954093385e-120 1.954099164e-120 
1.371247586e-120 9.511832881e-121 2.302184365e-121 9.410828857e-123 2.440375664e-124 
massfraction-H2
1.000000000e+00 1.000000000e+00 1.000000000e+00 1.000000000e+00 1.000000000e+00 
1.000000000e+00 1.000000000e+00 1.000000000e+00 1.000000000e+00 1.000000000e+00 
1.000000000e+00 1.000000000e+00 1.000000000e+00 1.000000000e+00 1.000000000e+00 
1.000000000e+00 1.000000000e+00 1.000000000e+00 1.000000000e+00 1.000000000e+00 
1.000000000e+00 1.000000000e+00 1.000000000e+00 1.000000000e+00 1.000000000e+00 
1.000000000e+00 1.000000000e+00 1.000000000e+00 1.000000000e+00 1.000000000e+00 
9.999999999e-01 9.999999997e-01 9.999999985e-01 9.999999929e-01 9.999999683e-01 
9.999998632e-01 9.999994335e-01 9.999977310e-01 9.999911045e-01 9.999651728e-01 
9.998606668e-01 9.994241035e-01 9.975869689e-01 9.902976464e-01 9.655204499e-01 
9.005194584e-01 7.781410066e-01 6.150155632e-01 4.531210000e-01 3.216154942e-01 
2.253690209e-01 1.572506139e-01 1.088598804e-01 7.429808016e-02 4.965177730e-02 
3.234948671e-02 2.060126206e-02 1.294369589e-02 8.108005273e-03 5.105662823e-03 
3.258861824e-03 2.132923612e-03 1.448491794e-03 1.021632545e-03 7.349873709e-04 
5.213209086e-04 3.477512202e-04 2.058416728e-04 1.055612066e-04 4.893105692e-05 
2.116754281e-05 8.616213994e-06 3.311082991e-06 1.204682763e-06 4.160926335e-07 
1.367757911e-07 4.288837485e-08 1.285633573e-08 3.691569282e-09 1.017252701e-09 
2.694778288e-10 0.000000000e+00 0.000000000e+00 0.000000000e+00 0.000000000e+00 
0.000000000e+00 0.000000000e+00 0.000000000e+00 0.000000000e+00 0.000000000e+00 
0.000000000e+00 0.000000000e+00 0.000000000e+00 0.000000000e+00 0.000000000e+00 
0.000000000e+00 0.000000000e+00 0.000000000e+00 0.000000000e+00 0.000000000e+00 
0.000000000e+00 0.000000000e+00 0.000000000e+00 0.000000000e+00 0.000000000e+00 
0.000000000e+00 0.000000000e+00 0.000000000e+00 0.000000000e+00 0.000000000e+00 
0.000000000e+00 0.000000000e+00 0.000000000e+00 0.000000000e+00 0.000000000e+00 
0.000000000e+00 0.000000000e+00 0.000000000e+00 0.000000000e+00 0.000000000e+00 
0.000000000e+00 0.000000000e+00 0.000000000e+00 0.000000000e+00 0.000000000e+00 
0.000000000e+00 0.000000000e+00 0.000000000e+00 0.000000000e+00 0.000000000e+00 
0.000000000e+00 0.000000000e+00 0.000000000e+00 0.000000000e+00 0.000000000e+00 
0.000000000e+00 0.000000000e+00 0.000000000e+00 0.000000000e+00 0.000000000e+00 
0.000000000e+00 0.000000000e+00 0.000000000e+00 0.000000000e+00 0.000000000e+00 
0.000000000e+00 0.000000000e+00 0.000000000e+00 0.000000000e+00 0.000000000e+00 
0.000000000e+00 0.000000000e+00 0.000000000e+00 0.000000000e+00 0.000000000e+00 
0.000000000e+00 0.000000000e+00 0.000000000e+00 0.000000000e+00 0.000000000e+00 
massfraction-H
0.000000000e+00 0.000000000e+00 0.000000000e+00 0.000000000e+00 0.000000000e+00 
0.000000000e+00 0.000000000e+00 0.000000000e+00 0.000000000e+00 0.000000000e+00 
0.000000000e+00 0.000000000e+00 0.000000000e+00 0.000000000e+00 0.000000000e+00 
0.000000000e+00 0.000000000e+00 0.000000000e+00 0.000000000e+00 0.000000000e+00 
0.000000000e+00 0.000000000e+00 0.000000000e+00 0.000000000e+00 0.000000000e+00 
0.000000000e+00 0.000000000e+00 0.000000000e+00 0.000000000e+00 0.000000000e+00 
0.000000000e+00 3.106213151e-10 1.509639515e-09 7.046271084e-09 3.150747498e-08 
1.346093762e-07 5.478819417e-07 2.117772132e-06 7.747266265e-06 2.671855494e-05 
8.647641908e-05 2.610977979e-04 7.284735538e-04 1.845878288e-03 4.121528554e-03 
7.789161187e-03 1.205281306e-02 1.527823747e-02 1.660622934e-02 1.651251763e-02 
1.580066590e-02 1.492014404e-02 1.397684898e-02 1.292655236e-02 1.167445571e-02 
1.017288628e-02 8.494271880e-03 6.802114564e-03 5.252420433e-03 3.933264896e-03 
2.867173328e-03 2.037397258e-03 1.408488807e-03 9.359120160e-04 5.741366167e-04 
2.944704263e-04 1.034611514e-04 1.764886275e-05 1.273485311e-06 5.933873494e-08 
2.472606293e-09 1.009266040e-10 0.000000000e+00 0.000000000e+00 0.000000000e+00 
0.000000000e+00 0.000000000e+00 0.000000000e+00 0.000000000e+00 0.000000000e+00 
0.000000000e+00 0.000000000e+00 0.000000000e+00 0.000000000e+00 0.000000000e+00 
0.000000000e+00 0.000000000e+00 0.000000000e+00 0.000000000e+00 0.000000000e+00 
0.000000000e+00 0.000000000e+00 0.000000000e+00 0.000000000e+00 0.000000000e+00 
0.000000000e+00 0.000000000e+00 0.000000000e+00 0.000000000e+00 0.000000000e+00 
0.000000000e+00 0.000000000e+00 0.000000000e+00 0.000000000e+00 0.000000000e+00 
0.000000000e+00 0.000000000e+00 0.000000000e+00 0.000000000e+00 0.000000000e+00 
0.000000000e+00 0.000000000e+00 0.000000000e+00 0.000000000e+00 0.000000000e+00 
0.000000000e+00 0.000000000e+00 0.000000000e+00 0.000000000e+00 0.000000000e+00 
0.000000000e+00 0.000000000e+00 0.000000000e+00 0.000000000e+00 0.000000000e+00 
0.000000000e+00 0.000000000e+00 0.000000000e+00 0.000000000e+00 0.000000000e+00 
0.000000000e+00 0.000000000e+00 0.000000000e+00 0.000000000e+00 0.000000000e+00 
0.000000000e+00 0.000000000e+00 0.000000000e+00 0.000000000e+00 0.000000000e+00 
0.000000000e+00 0.000000000e+00 0.000000000e+00 0.000000000e+00 0.000000000e+00 
0.000000000e+00 0.000000000e+00 0.000000000e+00 0.000000000e+00 0.000000000e+00 
0.000000000e+00 0.000000000e+00 0.000000000e+00 0.000000000e+00 0.000000000e+00 
0.000000000e+00 0.000000000e+00 0.000000000e+00 0.000000000e+00 0.000000000e+00 
massfraction-O
0.000000000e+00 0.000000000e+00 0.000000000e+00 0.000000000e+00 0.000000000e+00 
0.000000000e+00 0.000000000e+00 0.000000000e+00 0.000000000e+00 0.000000000e+00 
0.000000000e+00 0.000000000e+00 0.000000000e+00 0.000000000e+00 0.000000000e+00 
0.000000000e+00 0.000000000e+00 0.000000000e+00 0.000000000e+00 0.000000000e+00 
0.000000000e+00 0.000000000e+00 0.000000000e+00 0.000000000e+00 0.000000000e+00 
0.000000000e+00 0.000000000e+00 0.000000000e+00 0.000000000e+00 0.000000000e+00 
0.000000000e+00 0.000000000e+00 0.000000000e+00 0.000000000e+00 0.000000000e+00 
0.000000000e+00 2.771027940e-10 1.842967979e-09 1.148671501e-08 6.673934751e-08 
3.593055212e-07 1.779971134e-06 8.046288573e-06 3.282932582e-05 1.186524025e-04 
3.641738841e-04 8.894774992e-04 1.682019992e-03 2.593431293e-03 3.584016464e-03 
4.831648428e-03 6.722896440e-03 9.909632188e-03 1.532180531e-02 2.374423008e-02 
3.488761155e-02 4.670510896e-02 5.613068640e-02 6.074056919e-02 5.962417242e-02 
5.315608571e-02 4.255797496e-02 2.977561787e-02 1.739474241e-02 7.959326215e-03 
2.670781537e-03 6.458083070e-04 1.161224060e-04 2.012983058e-05 4.410310673e-06 
1.034939197e-06 2.312206124e-07 4.802586634e-08 9.277413699e-09 1.673785542e-09 
2.832503386e-10 0.000000000e+00 0.000000000e+00 0.000000000e+00 0.000000000e+00 
0.000000000e+00 0.000000000e+00 0.000000000e+00 0.000000000e+00 0.000000000e+00 
0.000000000e+00 0.000000000e+00 0.000000000e+00 0.000000000e+00 0.000000000e+00 
0.000000000e+00 0.000000000e+00 0.000000000e+00 0.000000000e+00 0.000000000e+00 
0.000000000e+00 0.000000000e+00 0.000000000e+00 0.000000000e+00 0.000000000e+00 
0.000000000e+00 0.000000000e+00 0.000000000e+00 0.000000000e+00 0.000000000e+00 
0.000000000e+00 0.000000000e+00 0.000000000e+00 0.000000000e+00 0.000000000e+00 
0.000000000e+00 0.000000000e+00 0.000000000e+00 0.000000000e+00 0.000000000e+00 
0.000000000e+00 0.000000000e+00 0.000000000e+00 0.000000000e+00 0.000000000e+00 
0.000000000e+00 0.000000000e+00 0.000000000e+00 0.000000000e+00 0.000000000e+00 
0.000000000e+00 0.000000000e+00 0.000000000e+00 0.000000000e+00 0.000000000e+00 
0.000000000e+00 0.000000000e+00 0.000000000e+00 0.000000000e+00 0.000000000e+00 
0.000000000e+00 0.000000000e+00 0.000000000e+00 0.000000000e+00 0.000000000e+00 
0.000000000e+00 0.000000000e+00 0.000000000e+00 0.000000000e+00 0.000000000e+00 
0.000000000e+00 0.000000000e+00 0.000000000e+00 0.000000000e+00 0.000000000e+00 
0.000000000e+00 0.000000000e+00 0.000000000e+00 0.000000000e+00 0.000000000e+00 
0.000000000e+00 0.000000000e+00 0.000000000e+00 0.000000000e+00 0.000000000e+00 
massfraction-O2
0.000000000e+00 0.000000000e+00 0.000000000e+00 0.000000000e+00 0.000000000e+00 
0.000000000e+00 0.000000000e+00 0.000000000e+00 0.000000000e+00 0.000000000e+00 
0.000000000e+00 0.000000000e+00 0.000000000e+00 0.000000000e+00 0.000000000e+00 
0.000000000e+00 0.000000000e+00 0.000000000e+00 0.000000000e+00 0.000000000e+00 
0.000000000e+00 0.000000000e+00 0.000000000e+00 0.000000000e+00 0.000000000e+00 
0.000000000e+00 0.000000000e+00 0.000000000e+00 0.000000000e+00 0.000000000e+00 
0.000000000e+00 0.000000000e+00 0.000000000e+00 0.000000000e+00 0.000000000e+00 
0.000000000e+00 6.740235146e-10 5.770268048e-09 4.614801611e-08 3.427531247e-07 
2.347646633e-06 1.469669126e-05 8.301347922e-05 4.143010003e-04 1.764172385e-03 
6.082998737e-03 1.604076630e-02 3.171240350e-02 4.910943788e-02 6.451427479e-02 
7.765250030e-02 9.097673487e-02 1.083751657e-01 1.349001669e-01 1.760424676e-01 
2.358106509e-01 3.142143902e-01 4.064411291e-01 5.049473306e-01 6.025450186e-01 
6.940381414e-01 7.760478443e-01 8.460577665e-01 9.018437989e-01 9.420676588e-01 
9.678359767e-01 9.833165267e-01 9.927581916e-01 9.977322650e-01 9.994716405e-01 
9.998888671e-01 9.999761412e-01 9.999943073e-01 9.999984481e-01 9.999995363e-01 
9.999998570e-01 9.999999563e-01 9.999999871e-01 9.999999963e-01 9.999999990e-01 
9.999999997e-01 9.999999999e-01 1.000000000e+00 1.000000000e+00 1.000000000e+00 
1.000000000e+00 1.000000000e+00 1.000000000e+00 1.000000000e+00 1.000000000e+00 
1.000000000e+00 1.000000000e+00 1.000000000e+00 1.000000000e+00 1.000000000e+00 
1.000000000e+00 1.000000000e+00 1.000000000e+00 1.000000000e+00 1.000000000e+00 
1.000000000e+00 1.000000000e+00 1.000000000e+00 1.000000000e+00 1.000000000e+00 
1.000000000e+00 1.000000000e+00 1.000000000e+00 1.000000000e+00 1.000000000e+00 
1.000000000e+00 1.000000000e+00 1.000000000e+00 1.000000000e+00 1.000000000e+00 
1.000000000e+00 1.000000000e+00 1.000000000e+00 1.000000000e+00 1.000000000e+00 
1.000000000e+00 1.000000000e+00 1.000000000e+00 1.000000000e+00 1.000000000e+00 
1.000000000e+00 1.000000000e+00 1.000000000e+00 1.000000000e+00 1.000000000e+00 
1.000000000e+00 1.000000000e+00 1.000000000e+00 1.000000000e+00 1.000000000e+00 
1.000000000e+00 1.000000000e+00 1.000000000e+00 1.000000000e+00 1.000000000e+00 
1.000000000e+00 1.000000000e+00 1.000000000e+00 1.000000000e+00 1.000000000e+00 
1.000000000e+00 1.000000000e+00 1.000000000e+00 1.000000000e+00 1.000000000e+00 
1.000000000e+00 1.000000000e+00 1.000000000e+00 1.000000000e+00 1.000000000e+00 
1.000000000e+00 1.000000000e+00 1.000000000e+00 1.000000000e+00 1.000000000e+00 
massfraction-OH
0.000000000e+00 0.000000000e+00 0.000000000e+00 0.000000000e+00 0.000000000e+00 
0.000000000e+00 0.000000000e+00 0.000000000e+00 0.000000000e+00 0.000000000e+00 
0.000000000e+00 0.000000000e+00 0.000000000e+00 0.000000000e+00 0.000000000e+00 
0.000000000e+00 0.000000000e+00 0.000000000e+00 0.000000000e+00 0.000000000e+00 
0.000000000e+00 0.000000000e+00 0.000000000e+00 0.000000000e+00 0.000000000e+00 
0.000000000e+00 0.000000000e+00 0.000000000e+00 0.000000000e+00 0.000000000e+00 
0.000000000e+00 0.000000000e+00 0.000000000e+00 0.000000000e+00 0.000000000e+00 
0.000000000e+00 2.685450869e-10 1.872404534e-09 1.227446816e-08 7.530026618e-08 
4.299978214e-07 2.269812025e-06 1.093710599e-05 4.670791237e-05 1.663695277e-04 
4.562924569e-04 8.961402052e-04 1.236021357e-03 1.394379211e-03 1.767888316e-03 
3.077091906e-03 6.364055485e-03 1.286126400e-02 2.339458805e-02 3.718930564e-02 
5.105253244e-02 6.055292496e-02 6.283543517e-02 5.807482623e-02 4.853301260e-02 
3.701563400e-02 2.592412219e-02 1.682156600e-02 1.031606578e-02 6.262398127e-03 
3.936861712e-03 2.172048466e-03 6.577293333e-04 1.091199878e-04 2.132031189e-05 
4.809168895e-06 1.054495645e-06 2.155419171e-07 4.097553569e-08 7.273167008e-09 
1.210624116e-09 1.897160043e-10 0.000000000e+00 0.000000000e+00 0.000000000e+00 
0.000000000e+00 0.000000000e+00 0.000000000e+00 0.000000000e+00 0.000000000e+00 
0.000000000e+00 0.000000000e+00 0.000000000e+00 0.000000000e+00 0.000000000e+00 
0.000000000e+00 0.000000000e+00 0.000000000e+00 0.000000000e+00 0.000000000e+00 
0.000000000e+00 0.000000000e+00 0.000000000e+00 0.000000000e+00 0.000000000e+00 
0.000000000e+00 0.000000000e+00 0.000000000e+00 0.000000000e+00 0.000000000e+00 
0.000000000e+00 0.000000000e+00 0.000000000e+00 0.000000000e+00 0.000000000e+00 
0.000000000e+00 0.000000000e+00 0.000000000e+00 0.000000000e+00 0.000000000e+00 
0.000000000e+00 0.000000000e+00 0.000000000e+00 0.000000000e+00 0.000000000e+00 
0.000000000e+00 0.000000000e+00 0.000000000e+00 0.000000000e+00 0.000000000e+00 
0.000000000e+00 0.000000000e+00 0.000000000e+00 0.000000000e+00 0.000000000e+00 
0.000000000e+00 0.000000000e+00 0.000000000e+00 0.000000000e+00 0.000000000e+00 
0.000000000e+00 0.000000000e+00 0.000000000e+00 0.000000000e+00 0.000000000e+00 
0.000000000e+00 0.000000000e+00 0.000000000e+00 0.000000000e+00 0.000000000e+00 
0.000000000e+00 0.000000000e+00 0.000000000e+00 0.000000000e+00 0.000000000e+00 
0.000000000e+00 0.000000000e+00 0.000000000e+00 0.000000000e+00 0.000000000e+00 
0.000000000e+00 0.000000000e+00 0.000000000e+00 0.000000000e+00 0.000000000e+00 
massfraction-HO2
0.000000000e+00 0.000000000e+00 0.000000000e+00 0.000000000e+00 0.000000000e+00 
0.000000000e+00 0.000000000e+00 0.000000000e+00 0.000000000e+00 0.000000000e+00 
0.000000000e+00 0.000000000e+00 0.000000000e+00 0.000000000e+00 0.000000000e+00 
0.000000000e+00 0.000000000e+00 0.000000000e+00 0.000000000e+00 0.000000000e+00 
0.000000000e+00 0.000000000e+00 0.000000000e+00 0.000000000e+00 0.000000000e+00 
0.000000000e+00 0.000000000e+00 0.000000000e+00 0.000000000e+00 0.000000000e+00 
0.000000000e+00 0.000000000e+00 0.000000000e+00 0.000000000e+00 0.000000000e+00 
0.000000000e+00 0.000000000e+00 1.066353914e-10 8.533470740e-10 6.338760925e-09 
4.334401508e-08 2.692519185e-07 1.480989518e-06 6.842632740e-06 2.431701028e-05 
6.111049987e-05 1.074461575e-04 1.411712771e-04 1.521112728e-04 1.461350735e-04 
1.333613834e-04 1.211432139e-04 1.138056583e-04 1.129293965e-04 1.180822437e-04 
1.269270673e-04 1.360644380e-04 1.430024431e-04 1.476464549e-04 1.521569543e-04 
1.601500439e-04 1.766780141e-04 2.097510795e-04 2.735741461e-04 3.910081531e-04 
5.816728740e-04 8.138153813e-04 8.881165354e-04 4.610326957e-04 1.102256243e-04 
1.988558670e-05 3.136974945e-06 4.488749703e-07 5.908321019e-08 7.211841869e-09 
8.211860820e-10 0.000000000e+00 0.000000000e+00 0.000000000e+00 0.000000000e+00 
0.000000000e+00 0.000000000e+00 0.000000000e+00 0.000000000e+00 0.000000000e+00 
0.000000000e+00 0.000000000e+00 0.000000000e+00 0.000000000e+00 0.000000000e+00 
0.000000000e+00 0.000000000e+00 0.000000000e+00 0.000000000e+00 0.000000000e+00 
0.000000000e+00 0.000000000e+00 0.000000000e+00 0.000000000e+00 0.000000000e+00 
0.000000000e+00 0.000000000e+00 0.000000000e+00 0.000000000e+00 0.000000000e+00 
0.000000000e+00 0.000000000e+00 0.000000000e+00 0.000000000e+00 0.000000000e+00 
0.000000000e+00 0.000000000e+00 0.000000000e+00 0.000000000e+00 0.000000000e+00 
0.000000000e+00 0.000000000e+00 0.000000000e+00 0.000000000e+00 0.000000000e+00 
0.000000000e+00 0.000000000e+00 0.000000000e+00 0.000000000e+00 0.000000000e+00 
0.000000000e+00 0.000000000e+00 0.000000000e+00 0.000000000e+00 0.000000000e+00 
0.000000000e+00 0.000000000e+00 0.000000000e+00 0.000000000e+00 0.000000000e+00 
0.000000000e+00 0.000000000e+00 0.000000000e+00 0.000000000e+00 0.000000000e+00 
0.000000000e+00 0.000000000e+00 0.000000000e+00 0.000000000e+00 0.000000000e+00 
0.000000000e+00 0.000000000e+00 0.000000000e+00 0.000000000e+00 0.000000000e+00 
0.000000000e+00 0.000000000e+00 0.000000000e+00 0.000000000e+00 0.000000000e+00 
0.000000000e+00 0.000000000e+00 0.000000000e+00 0.000000000e+00 0.000000000e+00 
massfraction-H2O
0.000000000e+00 0.000000000e+00 0.000000000e+00 0.000000000e+00 0.000000000e+00 
0.000000000e+00 0.000000000e+00 0.000000000e+00 0.000000000e+00 0.000000000e+00 
0.000000000e+00 0.000000000e+00 0.000000000e+00 0.000000000e+00 0.000000000e+00 
0.000000000e+00 0.000000000e+00 0.000000000e+00 0.000000000e+00 0.000000000e+00 
0.000000000e+00 0.000000000e+00 0.000000000e+00 0.000000000e+00 0.000000000e+00 
0.000000000e+00 0.000000000e+00 0.000000000e+00 0.000000000e+00 0.000000000e+00 
0.000000000e+00 0.000000000e+00 0.000000000e+00 0.000000000e+00 2.186763786e-10 
2.007621324e-09 1.739471678e-08 1.415966683e-07 1.077387409e-06 7.617171350e-06 
4.967443639e-05 2.957699018e-04 1.581006692e-03 7.355444909e-03 2.828320789e-02 
8.472356663e-02 1.918676705e-01 3.349306529e-01 4.770210098e-01 5.918579518e-01 
6.731335232e-01 7.236403937e-01 7.458955459e-01 7.390315575e-01 7.015567729e-01 
6.355684976e-01 5.492589304e-01 4.546653930e-01 3.626925888e-01 2.800738548e-01 
2.094751331e-01 1.510970286e-01 1.042514014e-01 6.817807747e-02 4.195068801e-02 
2.406397403e-02 1.248450725e-02 5.266149727e-03 1.530928569e-03 3.341682321e-04 
6.259789744e-05 1.056537430e-05 1.633151347e-06 2.331381306e-07 3.092519724e-08 
3.831473584e-09 4.453785971e-10 0.000000000e+00 0.000000000e+00 0.000000000e+00 
0.000000000e+00 0.000000000e+00 0.000000000e+00 0.000000000e+00 0.000000000e+00 
0.000000000e+00 0.000000000e+00 0.000000000e+00 0.000000000e+00 0.000000000e+00 
0.000000000e+00 0.000000000e+00 0.000000000e+00 0.000000000e+00 0.000000000e+00 
0.000000000e+00 0.000000000e+00 0.000000000e+00 0.000000000e+00 0.000000000e+00 
0.000000000e+00 0.000000000e+00 0.000000000e+00 0.000000000e+00 0.000000000e+00 
0.000000000e+00 0.000000000e+00 0.000000000e+00 0.000000000e+00 0.000000000e+00 
0.000000000e+00 0.000000000e+00 0.000000000e+00 0.000000000e+00 0.000000000e+00 
0.000000000e+00 0.000000000e+00 0.000000000e+00 0.000000000e+00 0.000000000e+00 
0.000000000e+00 0.000000000e+00 0.000000000e+00 0.000000000e+00 0.000000000e+00 
0.000000000e+00 0.000000000e+00 0.000000000e+00 0.000000000e+00 0.000000000e+00 
0.000000000e+00 0.000000000e+00 0.000000000e+00 0.000000000e+00 0.000000000e+00 
0.000000000e+00 0.000000000e+00 0.000000000e+00 0.000000000e+00 0.000000000e+00 
0.000000000e+00 0.000000000e+00 0.000000000e+00 0.000000000e+00 0.000000000e+00 
0.000000000e+00 0.000000000e+00 0.000000000e+00 0.000000000e+00 0.000000000e+00 
0.000000000e+00 0.000000000e+00 0.000000000e+00 0.000000000e+00 0.000000000e+00 
0.000000000e+00 0.000000000e+00 0.000000000e+00 0.000000000e+00 0.000000000e+00 
massfraction-H2O2
0.000000000e+00 0.000000000e+00 0.000000000e+00 0.000000000e+00 0.000000000e+00 
0.000000000e+00 0.000000000e+00 0.000000000e+00 0.000000000e+00 0.000000000e+00 
0.000000000e+00 0.000000000e+00 0.000000000e+00 0.000000000e+00 0.000000000e+00 
0.000000000e+00 0.000000000e+00 0.000000000e+00 0.000000000e+00 0.000000000e+00 
0.000000000e+00 0.000000000e+00 0.000000000e+00 0.000000000e+00 0.000000000e+00 
0.000000000e+00 0.000000000e+00 0.000000000e+00 0.000000000e+00 0.000000000e+00 
0.000000000e+00 0.000000000e+00 0.000000000e+00 0.000000000e+00 0.000000000e+00 
0.000000000e+00 0.000000000e+00 0.000000000e+00 0.000000000e+00 3.051746194e-10 
2.091660849e-09 1.307122008e-08 7.303866212e-08 3.494858943e-07 1.302354866e-06 
3.238240721e-06 4.679653330e-06 3.930313944e-06 2.401236085e-06 1.721790499e-06 
2.187972287e-06 4.018412227e-06 7.857154689e-06 1.432036257e-05 2.290851747e-05 
3.140747814e-05 3.704707233e-05 3.854347677e-05 3.661307003e-05 3.285697419e-05 
2.882055289e-05 2.603100417e-05 2.691662321e-05 3.619671917e-05 5.979668710e-05 
9.494184101e-05 1.160815625e-04 9.019987401e-05 3.968926012e-05 9.244661237e-06 
1.635320722e-06 2.544342113e-07 3.606386484e-08 4.711308119e-09 5.711632241e-10 
0.000000000e+00 0.000000000e+00 0.000000000e+00 0.000000000e+00 0.000000000e+00 
0.000000000e+00 0.000000000e+00 0.000000000e+00 0.000000000e+00 0.000000000e+00 
0.000000000e+00 0.000000000e+00 0.000000000e+00 0.000000000e+00 0.000000000e+00 
0.000000000e+00 0.000000000e+00 0.000000000e+00 0.000000000e+00 0.000000000e+00 
0.000000000e+00 0.000000000e+00 0.000000000e+00 0.000000000e+00 0.000000000e+00 
0.000000000e+00 0.000000000e+00 0.000000000e+00 0.000000000e+00 0.000000000e+00 
0.000000000e+00 0.000000000e+00 0.000000000e+00 0.000000000e+00 0.000000000e+00 
0.000000000e+00 0.000000000e+00 0.000000000e+00 0.000000000e+00 0.000000000e+00 
0.000000000e+00 0.000000000e+00 0.000000000e+00 0.000000000e+00 0.000000000e+00 
0.000000000e+00 0.000000000e+00 0.000000000e+00 0.000000000e+00 0.000000000e+00 
0.000000000e+00 0.000000000e+00 0.000000000e+00 0.000000000e+00 0.000000000e+00 
0.000000000e+00 0.000000000e+00 0.000000000e+00 0.000000000e+00 0.000000000e+00 
0.000000000e+00 0.000000000e+00 0.000000000e+00 0.000000000e+00 0.000000000e+00 
0.000000000e+00 0.000000000e+00 0.000000000e+00 0.000000000e+00 0.000000000e+00 
0.000000000e+00 0.000000000e+00 0.000000000e+00 0.000000000e+00 0.000000000e+00 
0.000000000e+00 0.000000000e+00 0.000000000e+00 0.000000000e+00 0.000000000e+00 
0.000000000e+00 0.000000000e+00 0.000000000e+00 0.000000000e+00 0.000000000e+00 
PREMIX_CDOT
0.000000000e+00 3.598611097e-19 3.532920844e-19 3.468265602e-19 3.404565889e-19 
3.341746068e-19 3.279733914e-19 3.218460225e-19 3.157858447e-19 3.097864333e-19 
3.038415611e-19 2.979451674e-19 2.920913274e-19 2.862742227e-19 2.804881119e-19 
2.747273011e-19 2.689861150e-19 2.632588768e-19 2.575400268e-19 2.518260553e-19 
2.461406558e-19 2.408502211e-19 2.405248509e-19 3.000207604e-19 1.060066651e-18 
9.798359106e-18 1.067635541e-16 1.149266569e-15 1.198979549e-14 1.206995352e-13 
1.167138629e-12 1.075148683e-11 9.267175653e-11 7.147549257e-10 4.279396122e-09 
5.440348135e-09 -4.058810652e-07 -9.213288660e-06 -1.412362187e-04 -1.756616858e-03 
-1.828213879e-02 -1.562493546e-01 -1.020441771e+00 -4.227087727e+00 -5.502706974e+00 
2.830650464e+01 1.362690604e+02 2.944805273e+02 4.560821034e+02 6.823508714e+02 
1.258122856e+03 2.676600920e+03 5.442310492e+03 9.744881232e+03 1.499505520e+04 
1.957816681e+04 2.177758727e+04 2.132499157e+04 1.931011066e+04 1.676639104e+04 
1.395128478e+04 1.060661410e+04 6.627830930e+03 2.708306149e+03 3.034810028e+02 
2.392187843e+02 9.230007927e+02 6.940782811e+02 1.923257589e+02 1.584751486e+01 
7.782618218e-01 3.714194509e-02 1.794891907e-03 8.370284615e-05 3.701775311e-06 
1.562448188e-07 6.377230312e-09 2.546904241e-10 1.003337124e-11 3.916814042e-13 
1.518697055e-14 5.855152523e-16 2.245902070e-17 8.574545891e-19 3.259532803e-20 
1.234128338e-21 4.655192410e-23 1.749736912e-24 6.554319330e-26 2.447078689e-27 
9.106639012e-29 3.378211879e-30 1.249194284e-31 4.605541779e-33 1.692500218e-34 
6.201861897e-36 2.265785942e-37 8.254833342e-39 2.999150062e-40 1.085718970e-41 
3.919489950e-43 1.411614754e-44 5.067411433e-46 1.817486047e-47 6.493803649e-49 
2.315648832e-50 8.229078239e-52 2.913698551e-53 1.033837483e-54 3.632160351e-56 
1.278371412e-57 4.521485495e-59 1.565529268e-60 5.486210494e-62 1.911603618e-63 
6.622192063e-65 2.332347289e-66 8.168457487e-68 3.040461496e-69 1.307128857e-70 
7.374030518e-72 5.847202681e-73 5.855421664e-74 7.668836748e-75 2.276654529e-75 
1.689926324e-75 1.625941461e-75 1.619000251e-75 1.618252767e-75 1.618172898e-75 
1.618164430e-75 1.618163539e-75 1.618163446e-75 1.618163436e-75 1.618163435e-75 
1.618163435e-75 1.618163435e-75 1.618163435e-75 1.618163435e-75 1.618163435e-75 
1.618163435e-75 1.618163435e-75 1.618163435e-75 1.618163435e-75 1.618163435e-75 
1.618163435e-75 1.618163435e-75 1.618163435e-75 1.618163435e-75 1.618163435e-75 
1.618163435e-75 1.618163435e-75 1.618163435e-75 1.618163435e-75 1.618163435e-75 
1.618163435e-75 1.618163435e-75 1.618163435e-75 1.618163435e-75 0.000000000e+00 

