HEADER
PREMIX_CHI 0.0000
C  0.905293
NUMOFSPECIES  13
GRIDPOINTS 160
PRESSURE 101325.00
BODY
MIXTURE_FRACTION
1.000000000e+00 9.999999990e-01 1.000000000e+00 9.999999990e-01 1.000000000e+00 
9.999999990e-01 1.000000000e+00 9.999999990e-01 1.000000000e+00 9.999999990e-01 
1.000000000e+00 9.999999990e-01 1.000000000e+00 9.999999990e-01 1.000000000e+00 
9.999999990e-01 1.000000000e+00 9.999999990e-01 1.000000000e+00 9.999999990e-01 
1.000000000e+00 9.999999990e-01 1.000000000e+00 9.999999990e-01 1.000000000e+00 
9.999999990e-01 1.000000000e+00 9.999999990e-01 1.000000000e+00 1.000000000e+00 
1.000000000e+00 1.000000000e+00 1.000000000e+00 9.999999999e-01 9.999999993e-01 
9.999999940e-01 9.999999497e-01 9.999996018e-01 9.999970665e-01 9.999800084e-01 
9.998751213e-01 9.992955887e-01 9.965094905e-01 9.855123828e-01 9.524224685e-01 
8.801539861e-01 7.657327485e-01 6.296070084e-01 5.001545518e-01 3.942640326e-01 
3.145754281e-01 2.563285728e-01 2.134088305e-01 1.808202951e-01 1.544987549e-01 
1.313831372e-01 1.099788900e-01 9.022347179e-02 7.253163361e-02 5.715929747e-02 
4.411490977e-02 3.325265428e-02 2.435547642e-02 1.718512311e-02 1.152143943e-02 
7.202190051e-03 4.097916200e-03 1.998748820e-03 7.399769142e-04 2.115179605e-04 
5.523664034e-05 1.503881505e-05 4.518646178e-06 1.475792220e-06 4.984702519e-07 
1.670024629e-07 5.426486766e-08 1.694452963e-08 5.071094482e-09 1.454731758e-09 
4.004739913e-10 1.059551521e-10 2.698347239e-11 6.624532791e-12 1.570059627e-12 
3.597224792e-13 7.977427340e-14 1.714445732e-14 3.574727207e-15 7.239128887e-16 
1.425264294e-16 2.730795204e-17 5.096425857e-18 9.272658764e-19 1.646138419e-19 
2.853626676e-20 4.834224719e-21 8.008875334e-22 1.298477416e-22 2.061609894e-23 
3.207506823e-24 4.893132492e-25 7.323591453e-26 1.076042116e-26 1.552902325e-27 
2.202431179e-28 3.071354563e-29 4.213528446e-30 5.689348816e-31 7.564598027e-32 
9.908682261e-33 1.279225820e-33 1.628429842e-34 2.044869974e-35 2.534059176e-36 
3.100254751e-37 3.746093050e-38 4.472262617e-39 5.277240030e-40 6.157109970e-41 
7.105486469e-42 8.113546080e-43 9.170176534e-44 1.026223679e-44 1.137491708e-45 
1.249218101e-46 1.359726686e-47 1.467322171e-48 1.570344101e-49 1.667218660e-50 
1.756505873e-51 1.836940153e-52 1.907462642e-53 1.967244333e-54 2.015699559e-55 
2.052489954e-56 2.077519498e-57 2.090921628e-58 2.093039709e-59 2.084402322e-60 
2.065694925e-61 2.037729395e-62 2.001412893e-63 1.957717298e-64 1.907650285e-65 
1.852228876e-66 1.792456073e-67 1.729300951e-68 1.663682381e-69 1.596456407e-70 
1.528407106e-71 1.460240681e-72 1.392582411e-73 1.325975598e-74 1.260877471e-75 
1.197605278e-76 1.135768512e-77 1.068550436e-78 9.254736277e-80 0.000000000e+00 
PROGRESS VARIABLE
1.210923678e-21 1.218170941e-21 1.224848410e-21 1.231007055e-21 1.236692491e-21 
1.241945629e-21 1.246803239e-21 1.251298438e-21 1.255461148e-21 1.259318730e-21 
1.262898409e-21 1.266243423e-21 1.269534544e-21 1.273999780e-21 1.288652992e-21 
1.379507070e-21 2.023475392e-21 6.611223787e-21 3.883282269e-20 2.611402351e-19 
1.765448312e-18 1.173570934e-17 7.637052049e-17 4.856282449e-16 3.012891184e-15 
1.820958573e-14 1.070440250e-13 6.110077354e-13 3.380611105e-12 1.809750387e-11 
9.356342478e-11 4.662847994e-10 2.236219168e-09 1.030757207e-08 4.565777170e-08 
1.947745876e-07 8.054889866e-07 3.273692428e-06 1.336706444e-05 5.620770873e-05 
2.461042862e-04 1.099604385e-03 4.746128648e-03 1.826260400e-02 5.762427842e-02 
1.419848886e-01 2.737260438e-01 4.286231619e-01 5.744236665e-01 6.925554964e-01 
7.802631039e-01 8.422511400e-01 8.834496421e-01 9.052927746e-01 0.000000000e+00 
0.000000000e+00 0.000000000e+00 0.000000000e+00 0.000000000e+00 0.000000000e+00 
0.000000000e+00 0.000000000e+00 0.000000000e+00 0.000000000e+00 0.000000000e+00 
0.000000000e+00 0.000000000e+00 0.000000000e+00 0.000000000e+00 0.000000000e+00 
0.000000000e+00 0.000000000e+00 0.000000000e+00 0.000000000e+00 0.000000000e+00 
0.000000000e+00 0.000000000e+00 0.000000000e+00 0.000000000e+00 0.000000000e+00 
0.000000000e+00 0.000000000e+00 0.000000000e+00 0.000000000e+00 0.000000000e+00 
0.000000000e+00 0.000000000e+00 0.000000000e+00 0.000000000e+00 0.000000000e+00 
0.000000000e+00 0.000000000e+00 0.000000000e+00 0.000000000e+00 0.000000000e+00 
0.000000000e+00 0.000000000e+00 0.000000000e+00 0.000000000e+00 0.000000000e+00 
0.000000000e+00 0.000000000e+00 0.000000000e+00 0.000000000e+00 0.000000000e+00 
0.000000000e+00 0.000000000e+00 0.000000000e+00 0.000000000e+00 0.000000000e+00 
0.000000000e+00 0.000000000e+00 0.000000000e+00 0.000000000e+00 0.000000000e+00 
0.000000000e+00 0.000000000e+00 0.000000000e+00 0.000000000e+00 0.000000000e+00 
0.000000000e+00 0.000000000e+00 0.000000000e+00 0.000000000e+00 0.000000000e+00 
0.000000000e+00 0.000000000e+00 0.000000000e+00 0.000000000e+00 0.000000000e+00 
0.000000000e+00 0.000000000e+00 0.000000000e+00 0.000000000e+00 0.000000000e+00 
0.000000000e+00 0.000000000e+00 0.000000000e+00 0.000000000e+00 0.000000000e+00 
0.000000000e+00 0.000000000e+00 0.000000000e+00 0.000000000e+00 0.000000000e+00 
0.000000000e+00 0.000000000e+00 0.000000000e+00 0.000000000e+00 0.000000000e+00 
0.000000000e+00 0.000000000e+00 0.000000000e+00 0.000000000e+00 0.000000000e+00 
0.000000000e+00 0.000000000e+00 0.000000000e+00 0.000000000e+00 0.000000000e+00 
TEMPERATURE
3.000000000e+02 3.000000000e+02 3.000000000e+02 3.000000000e+02 3.000000000e+02 
3.000000000e+02 3.000000000e+02 3.000000000e+02 3.000000000e+02 3.000000000e+02 
3.000000000e+02 3.000000000e+02 3.000000000e+02 3.000000000e+02 3.000000000e+02 
3.000000000e+02 3.000000000e+02 3.000000000e+02 3.000000000e+02 3.000000000e+02 
3.000000000e+02 3.000000000e+02 3.000000000e+02 3.000000000e+02 3.000000000e+02 
3.000000000e+02 3.000000000e+02 3.000000000e+02 3.000000000e+02 3.000000000e+02 
3.000000001e+02 3.000000008e+02 3.000000050e+02 3.000000291e+02 3.000001625e+02 
3.000008624e+02 3.000043342e+02 3.000205467e+02 3.000914678e+02 3.003803008e+02 
3.014660433e+02 3.051802281e+02 3.164439895e+02 3.453945673e+02 4.052766402e+02 
5.035555442e+02 6.373231401e+02 7.983851587e+02 9.789865164e+02 1.173640794e+03 
1.377890144e+03 1.586820164e+03 1.791649825e+03 1.981568065e+03 2.144813649e+03 
2.271831651e+03 2.357683097e+03 2.401092108e+03 2.401869893e+03 2.359651780e+03 
2.274040111e+03 2.145167042e+03 1.974317723e+03 1.764598898e+03 1.521598913e+03 
1.253337237e+03 9.683024324e+02 6.831641234e+02 4.543301510e+02 3.428110966e+02 
3.092453728e+02 3.017183148e+02 3.002869742e+02 3.000437905e+02 3.000061597e+02 
3.000008039e+02 3.000000979e+02 3.000000112e+02 3.000000012e+02 3.000000001e+02 
3.000000000e+02 3.000000000e+02 3.000000000e+02 3.000000000e+02 3.000000000e+02 
3.000000000e+02 3.000000000e+02 3.000000000e+02 3.000000000e+02 3.000000000e+02 
3.000000000e+02 3.000000000e+02 3.000000000e+02 3.000000000e+02 3.000000000e+02 
3.000000000e+02 3.000000000e+02 3.000000000e+02 3.000000000e+02 3.000000000e+02 
3.000000000e+02 3.000000000e+02 3.000000000e+02 3.000000000e+02 3.000000000e+02 
3.000000000e+02 3.000000000e+02 3.000000000e+02 3.000000000e+02 3.000000000e+02 
3.000000000e+02 3.000000000e+02 3.000000000e+02 3.000000000e+02 3.000000000e+02 
3.000000000e+02 3.000000000e+02 3.000000000e+02 3.000000000e+02 3.000000000e+02 
3.000000000e+02 3.000000000e+02 3.000000000e+02 3.000000000e+02 3.000000000e+02 
3.000000000e+02 3.000000000e+02 3.000000000e+02 3.000000000e+02 3.000000000e+02 
3.000000000e+02 3.000000000e+02 3.000000000e+02 3.000000000e+02 3.000000000e+02 
3.000000000e+02 3.000000000e+02 3.000000000e+02 3.000000000e+02 3.000000000e+02 
3.000000000e+02 3.000000000e+02 3.000000000e+02 3.000000000e+02 3.000000000e+02 
3.000000000e+02 3.000000000e+02 3.000000000e+02 3.000000000e+02 3.000000000e+02 
3.000000000e+02 3.000000000e+02 3.000000000e+02 3.000000000e+02 3.000000000e+02 
3.000000000e+02 3.000000000e+02 3.000000000e+02 3.000000000e+02 3.000000000e+02 
Cp
1.432478610e+04 1.432478610e+04 1.432478610e+04 1.432478610e+04 1.432478610e+04 
1.432478610e+04 1.432478610e+04 1.432478610e+04 1.432478610e+04 1.432478610e+04 
1.432478610e+04 1.432478610e+04 1.432478610e+04 1.432478610e+04 1.432478610e+04 
1.432478610e+04 1.432478610e+04 1.432478610e+04 1.432478610e+04 1.432478610e+04 
1.432478610e+04 1.432478610e+04 1.432478610e+04 1.432478610e+04 1.432478610e+04 
1.432478610e+04 1.432478610e+04 1.432478610e+04 1.432478610e+04 1.432478610e+04 
1.432478611e+04 1.432478611e+04 1.432478613e+04 1.432478621e+04 1.432478662e+04 
1.432478847e+04 1.432479647e+04 1.432482843e+04 1.432494240e+04 1.432527496e+04 
1.432584149e+04 1.432434869e+04 1.430425135e+04 1.419414641e+04 1.380456786e+04 
1.287499802e+04 1.134322981e+04 9.527543972e+03 7.886937630e+03 6.610480494e+03 
5.640795840e+03 4.927386151e+03 4.394164672e+03 3.977208690e+03 3.623289595e+03 
3.292751450e+03 2.969598576e+03 2.659422254e+03 2.373676181e+03 2.119502500e+03 
1.898747481e+03 1.709925079e+03 1.549928579e+03 1.415143477e+03 1.302331124e+03 
1.209298499e+03 1.133651421e+03 1.044040861e+03 9.662809379e+02 9.303063090e+02 
9.197064424e+02 9.172718812e+02 9.167711036e+02 9.166692656e+02 9.166467264e+02 
9.166409404e+02 9.166392521e+02 9.166387300e+02 9.166385683e+02 9.166385196e+02 
9.166385054e+02 9.166385015e+02 9.166385004e+02 9.166385001e+02 9.166385001e+02 
9.166385000e+02 9.166385000e+02 9.166385000e+02 9.166385000e+02 9.166385000e+02 
9.166385000e+02 9.166385000e+02 9.166385000e+02 9.166385000e+02 9.166385000e+02 
9.166385000e+02 9.166385000e+02 9.166385000e+02 9.166385000e+02 9.166385000e+02 
9.166385000e+02 9.166385000e+02 9.166385000e+02 9.166385000e+02 9.166385000e+02 
9.166385000e+02 9.166385000e+02 9.166385000e+02 9.166385000e+02 9.166385000e+02 
9.166385000e+02 9.166385000e+02 9.166385000e+02 9.166385000e+02 9.166385000e+02 
9.166385000e+02 9.166385000e+02 9.166385000e+02 9.166385000e+02 9.166385000e+02 
9.166385000e+02 9.166385000e+02 9.166385000e+02 9.166385000e+02 9.166385000e+02 
9.166385000e+02 9.166385000e+02 9.166385000e+02 9.166385000e+02 9.166385000e+02 
9.166385000e+02 9.166385000e+02 9.166385000e+02 9.166385000e+02 9.166385000e+02 
9.166385000e+02 9.166385000e+02 9.166385000e+02 9.166385000e+02 9.166385000e+02 
9.166385000e+02 9.166385000e+02 9.166385000e+02 9.166385000e+02 9.166385000e+02 
9.166385000e+02 9.166385000e+02 9.166385000e+02 9.166385000e+02 9.166385000e+02 
9.166385000e+02 9.166385000e+02 9.166385000e+02 9.166385000e+02 9.166385000e+02 
9.166385000e+02 9.166385000e+02 9.166385000e+02 9.166385000e+02 9.166385000e+02 
MMW
2.015880000e+00 2.015880000e+00 2.015880000e+00 2.015880000e+00 2.015880000e+00 
2.015880000e+00 2.015880000e+00 2.015880000e+00 2.015880000e+00 2.015880000e+00 
2.015880000e+00 2.015880000e+00 2.015880000e+00 2.015880000e+00 2.015880000e+00 
2.015880000e+00 2.015880000e+00 2.015880000e+00 2.015880000e+00 2.015880000e+00 
2.015880000e+00 2.015880000e+00 2.015880000e+00 2.015880000e+00 2.015880000e+00 
2.015880000e+00 2.015880000e+00 2.015880000e+00 2.015880000e+00 2.015880000e+00 
2.015880000e+00 2.015879999e+00 2.015879996e+00 2.015879980e+00 2.015879911e+00 
2.015879633e+00 2.015878592e+00 2.015875106e+00 2.015865618e+00 2.015852312e+00 
2.015918696e+00 2.016680264e+00 2.021273715e+00 2.041414168e+00 2.107339204e+00 
2.271119498e+00 2.595260988e+00 3.133884664e+00 3.914435456e+00 4.926167872e+00 
6.122955898e+00 7.444271213e+00 8.833163822e+00 1.023481016e+01 1.162344992e+01 
1.302726016e+01 1.450314019e+01 1.608781990e+01 1.778527302e+01 1.957780572e+01 
2.143450121e+01 2.331379123e+01 2.516429230e+01 2.692596480e+01 2.852835513e+01 
2.987898731e+01 3.087266868e+01 3.148996777e+01 3.181362557e+01 3.194159420e+01 
3.198171214e+01 3.199336022e+01 3.199693939e+01 3.199814237e+01 3.199856912e+01 
3.199872135e+01 3.199877428e+01 3.199879195e+01 3.199879759e+01 3.199879931e+01 
3.199879981e+01 3.199879995e+01 3.199879999e+01 3.199880000e+01 3.199880000e+01 
3.199880000e+01 3.199880000e+01 3.199880000e+01 3.199880000e+01 3.199880000e+01 
3.199880000e+01 3.199880000e+01 3.199880000e+01 3.199880000e+01 3.199880000e+01 
3.199880000e+01 3.199880000e+01 3.199880000e+01 3.199880000e+01 3.199880000e+01 
3.199880000e+01 3.199880000e+01 3.199880000e+01 3.199880000e+01 3.199880000e+01 
3.199880000e+01 3.199880000e+01 3.199880000e+01 3.199880000e+01 3.199880000e+01 
3.199880000e+01 3.199880000e+01 3.199880000e+01 3.199880000e+01 3.199880000e+01 
3.199880000e+01 3.199880000e+01 3.199880000e+01 3.199880000e+01 3.199880000e+01 
3.199880000e+01 3.199880000e+01 3.199880000e+01 3.199880000e+01 3.199880000e+01 
3.199880000e+01 3.199880000e+01 3.199880000e+01 3.199880000e+01 3.199880000e+01 
3.199880000e+01 3.199880000e+01 3.199880000e+01 3.199880000e+01 3.199880000e+01 
3.199880000e+01 3.199880000e+01 3.199880000e+01 3.199880000e+01 3.199880000e+01 
3.199880000e+01 3.199880000e+01 3.199880000e+01 3.199880000e+01 3.199880000e+01 
3.199880000e+01 3.199880000e+01 3.199880000e+01 3.199880000e+01 3.199880000e+01 
3.199880000e+01 3.199880000e+01 3.199880000e+01 3.199880000e+01 3.199880000e+01 
3.199880000e+01 3.199880000e+01 3.199880000e+01 3.199880000e+01 3.199880000e+01 
rho
8.188905810e-02 8.188905810e-02 8.188905810e-02 8.188905810e-02 8.188905810e-02 
8.188905810e-02 8.188905810e-02 8.188905810e-02 8.188905810e-02 8.188905810e-02 
8.188905810e-02 8.188905810e-02 8.188905810e-02 8.188905810e-02 8.188905810e-02 
8.188905810e-02 8.188905810e-02 8.188905810e-02 8.188905810e-02 8.188905810e-02 
8.188905810e-02 8.188905810e-02 8.188905810e-02 8.188905810e-02 8.188905810e-02 
8.188905810e-02 8.188905810e-02 8.188905810e-02 8.188905810e-02 8.188905810e-02 
8.188905806e-02 8.188905784e-02 8.188905656e-02 8.188904933e-02 8.188901012e-02 
8.188880778e-02 8.188781784e-02 8.188325122e-02 8.186351428e-02 8.178425796e-02 
8.149239208e-02 8.053100318e-02 7.784141674e-02 7.202745614e-02 6.336731842e-02 
5.496358583e-02 4.962537546e-02 4.783579636e-02 4.872758420e-02 5.115127523e-02 
5.415380692e-02 5.717115038e-02 6.008216977e-02 6.294384250e-02 6.604317425e-02 
6.988104569e-02 7.496509046e-02 8.165275260e-02 9.023884172e-02 1.011110339e-01 
1.148676445e-01 1.324445956e-01 1.553281363e-01 1.859549419e-01 2.284856857e-01 
2.905229099e-01 3.885488285e-01 5.617325879e-01 8.533438456e-01 1.135492241e+00 
1.260320366e+00 1.292232433e+00 1.298537211e+00 1.299638528e+00 1.299818881e+00 
1.299848270e+00 1.299853479e+00 1.299854572e+00 1.299854845e+00 1.299854919e+00 
1.299854940e+00 1.299854946e+00 1.299854947e+00 1.299854948e+00 1.299854948e+00 
1.299854948e+00 1.299854948e+00 1.299854948e+00 1.299854948e+00 1.299854948e+00 
1.299854948e+00 1.299854948e+00 1.299854948e+00 1.299854948e+00 1.299854948e+00 
1.299854948e+00 1.299854948e+00 1.299854948e+00 1.299854948e+00 1.299854948e+00 
1.299854948e+00 1.299854948e+00 1.299854948e+00 1.299854948e+00 1.299854948e+00 
1.299854948e+00 1.299854948e+00 1.299854948e+00 1.299854948e+00 1.299854948e+00 
1.299854948e+00 1.299854948e+00 1.299854948e+00 1.299854948e+00 1.299854948e+00 
1.299854948e+00 1.299854948e+00 1.299854948e+00 1.299854948e+00 1.299854948e+00 
1.299854948e+00 1.299854948e+00 1.299854948e+00 1.299854948e+00 1.299854948e+00 
1.299854948e+00 1.299854948e+00 1.299854948e+00 1.299854948e+00 1.299854948e+00 
1.299854948e+00 1.299854948e+00 1.299854948e+00 1.299854948e+00 1.299854948e+00 
1.299854948e+00 1.299854948e+00 1.299854948e+00 1.299854948e+00 1.299854948e+00 
1.299854948e+00 1.299854948e+00 1.299854948e+00 1.299854948e+00 1.299854948e+00 
1.299854948e+00 1.299854948e+00 1.299854948e+00 1.299854948e+00 1.299854948e+00 
1.299854948e+00 1.299854948e+00 1.299854948e+00 1.299854948e+00 1.299854948e+00 
1.299854948e+00 1.299854948e+00 1.299854948e+00 1.299854948e+00 1.299854948e+00 
mu
9.000028555e-06 9.000028555e-06 9.000028555e-06 9.000028555e-06 9.000028555e-06 
9.000028555e-06 9.000028555e-06 9.000028555e-06 9.000028555e-06 9.000028555e-06 
9.000028555e-06 9.000028555e-06 9.000028555e-06 9.000028555e-06 9.000028555e-06 
9.000028555e-06 9.000028555e-06 9.000028555e-06 9.000028555e-06 9.000028555e-06 
9.000028555e-06 9.000028555e-06 9.000028555e-06 9.000028555e-06 9.000028555e-06 
9.000028555e-06 9.000028555e-06 9.000028555e-06 9.000028555e-06 9.000028555e-06 
9.000028557e-06 9.000028571e-06 9.000028656e-06 9.000029143e-06 9.000031823e-06 
9.000045842e-06 9.000115235e-06 9.000438878e-06 9.001854120e-06 9.007621230e-06 
9.029333299e-06 9.103747359e-06 9.329512349e-06 9.908078759e-06 1.110541515e-05 
1.313275357e-05 1.615748254e-05 2.036122733e-05 2.583706382e-05 3.246580378e-05 
3.992698067e-05 4.782692904e-05 5.573279599e-05 6.323079737e-05 6.996009426e-05 
7.562912470e-05 7.999556554e-05 8.288206180e-05 8.421081204e-05 8.399058001e-05 
8.228328030e-05 7.917997583e-05 7.478755553e-05 6.922197284e-05 6.260350029e-05 
5.502794111e-05 4.646148712e-05 3.692144945e-05 2.796664090e-05 2.283853009e-05 
2.113874083e-05 2.074507991e-05 2.066969986e-05 2.065688922e-05 2.065491169e-05 
2.065463215e-05 2.065459598e-05 2.065459177e-05 2.065459136e-05 2.065459134e-05 
2.065459134e-05 2.065459134e-05 2.065459134e-05 2.065459134e-05 2.065459134e-05 
2.065459134e-05 2.065459134e-05 2.065459134e-05 2.065459134e-05 2.065459134e-05 
2.065459134e-05 2.065459134e-05 2.065459134e-05 2.065459134e-05 2.065459134e-05 
2.065459134e-05 2.065459134e-05 2.065459134e-05 2.065459134e-05 2.065459134e-05 
2.065459134e-05 2.065459134e-05 2.065459134e-05 2.065459134e-05 2.065459134e-05 
2.065459134e-05 2.065459134e-05 2.065459134e-05 2.065459134e-05 2.065459134e-05 
2.065459134e-05 2.065459134e-05 2.065459134e-05 2.065459134e-05 2.065459134e-05 
2.065459134e-05 2.065459134e-05 2.065459134e-05 2.065459134e-05 2.065459134e-05 
2.065459134e-05 2.065459134e-05 2.065459134e-05 2.065459134e-05 2.065459134e-05 
2.065459134e-05 2.065459134e-05 2.065459134e-05 2.065459134e-05 2.065459134e-05 
2.065459134e-05 2.065459134e-05 2.065459134e-05 2.065459134e-05 2.065459134e-05 
2.065459134e-05 2.065459134e-05 2.065459134e-05 2.065459134e-05 2.065459134e-05 
2.065459134e-05 2.065459134e-05 2.065459134e-05 2.065459134e-05 2.065459134e-05 
2.065459134e-05 2.065459134e-05 2.065459134e-05 2.065459134e-05 2.065459134e-05 
2.065459134e-05 2.065459134e-05 2.065459134e-05 2.065459134e-05 2.065459134e-05 
2.065459134e-05 2.065459134e-05 2.065459134e-05 2.065459134e-05 2.065459134e-05 
TC
1.868277014e-01 1.868277014e-01 1.868277014e-01 1.868277014e-01 1.868277014e-01 
1.868277014e-01 1.868277014e-01 1.868277014e-01 1.868277014e-01 1.868277014e-01 
1.868277014e-01 1.868277014e-01 1.868277014e-01 1.868277014e-01 1.868277014e-01 
1.868277014e-01 1.868277014e-01 1.868277014e-01 1.868277014e-01 1.868277014e-01 
1.868277014e-01 1.868277014e-01 1.868277014e-01 1.868277014e-01 1.868277014e-01 
1.868277014e-01 1.868277014e-01 1.868277014e-01 1.868277014e-01 1.868277014e-01 
1.868277015e-01 1.868277019e-01 1.868277041e-01 1.868277168e-01 1.868277851e-01 
1.868281365e-01 1.868298517e-01 1.868377545e-01 1.868719121e-01 1.870093630e-01 
1.875186595e-01 1.892229862e-01 1.941831679e-01 2.059467219e-01 2.272116392e-01 
2.566734351e-01 2.908079452e-01 3.264704992e-01 3.611126159e-01 3.929258168e-01 
4.207186682e-01 4.433671324e-01 4.588300455e-01 4.650669221e-01 4.599808950e-01 
4.423052543e-01 4.133598483e-01 3.769228204e-01 3.369346769e-01 2.961710239e-01 
2.563547975e-01 2.185750757e-01 1.835508740e-01 1.517438727e-01 1.233687303e-01 
9.826046988e-02 7.563608104e-02 5.483930781e-02 3.813743555e-02 2.976519871e-02 
2.723968141e-02 2.666949816e-02 2.655725947e-02 2.653640253e-02 2.653244398e-02 
2.653160175e-02 2.653139051e-02 2.653133047e-02 2.653131255e-02 2.653130723e-02 
2.653130569e-02 2.653130526e-02 2.653130514e-02 2.653130511e-02 2.653130511e-02 
2.653130511e-02 2.653130511e-02 2.653130511e-02 2.653130511e-02 2.653130511e-02 
2.653130511e-02 2.653130511e-02 2.653130511e-02 2.653130511e-02 2.653130511e-02 
2.653130511e-02 2.653130511e-02 2.653130511e-02 2.653130511e-02 2.653130511e-02 
2.653130511e-02 2.653130511e-02 2.653130511e-02 2.653130511e-02 2.653130511e-02 
2.653130511e-02 2.653130511e-02 2.653130511e-02 2.653130511e-02 2.653130511e-02 
2.653130511e-02 2.653130511e-02 2.653130511e-02 2.653130511e-02 2.653130511e-02 
2.653130511e-02 2.653130511e-02 2.653130511e-02 2.653130511e-02 2.653130511e-02 
2.653130511e-02 2.653130511e-02 2.653130511e-02 2.653130511e-02 2.653130511e-02 
2.653130511e-02 2.653130511e-02 2.653130511e-02 2.653130511e-02 2.653130511e-02 
2.653130511e-02 2.653130511e-02 2.653130511e-02 2.653130511e-02 2.653130511e-02 
2.653130511e-02 2.653130511e-02 2.653130511e-02 2.653130511e-02 2.653130511e-02 
2.653130511e-02 2.653130511e-02 2.653130511e-02 2.653130511e-02 2.653130511e-02 
2.653130511e-02 2.653130511e-02 2.653130511e-02 2.653130511e-02 2.653130511e-02 
2.653130511e-02 2.653130511e-02 2.653130511e-02 2.653130511e-02 2.653130511e-02 
2.653130511e-02 2.653130511e-02 2.653130511e-02 2.653130511e-02 2.653130511e-02 
net_rxn-H2
-1.106384430e-18 -1.017772756e-18 -9.362475495e-19 -8.611782907e-19 -7.920007272e-19 
-7.282088609e-19 -6.693480255e-19 -6.150088887e-19 -5.648222411e-19 -5.184544287e-19 
-4.756029004e-19 -4.359945145e-19 -3.993805816e-19 -3.655348431e-19 -3.342511410e-19 
-3.053413402e-19 -2.786334902e-19 -2.539701956e-19 -2.312071684e-19 -2.102119485e-19 
-1.908628768e-19 -1.730497403e-19 -1.566948755e-19 -1.420360083e-19 -1.331783122e-19 
-1.811463270e-19 -8.799247217e-19 -8.559200259e-18 -7.717899185e-17 -3.088801233e-16 
1.083428115e-14 4.525776884e-13 1.206687465e-11 2.692045533e-10 5.314508374e-09 
9.418705457e-08 1.500688939e-06 2.141666236e-05 2.719854383e-04 3.044699411e-03 
2.957090112e-02 2.412769709e-01 1.544023401e+00 6.879130602e+00 1.898336310e+01 
3.236052570e+01 3.838712173e+01 3.624835596e+01 2.786259974e+01 9.146837489e+00 
-3.435350797e+01 -1.285974380e+02 -3.000337378e+02 -5.399607951e+02 -7.553725100e+02 
-8.115835509e+02 -6.853918486e+02 -4.925757495e+02 -3.335169645e+02 -2.281879897e+02 
-1.612119869e+02 -1.171008526e+02 -8.659404429e+01 -6.228348111e+01 -3.700160348e+01 
-1.355738176e+01 -1.364211670e+00 6.114645815e-01 4.691242190e-02 -2.092068871e-04 
-3.819332322e-05 -3.569037127e-06 -3.166150125e-07 -2.501577915e-08 -1.741765489e-09 
-1.073453500e-10 -5.894850420e-12 -2.902954321e-13 -1.289524024e-14 -5.194633933e-16 
-1.906902169e-17 -6.407432035e-19 -1.978791810e-20 -5.637904343e-22 -1.487154744e-23 
-3.643566126e-25 -8.316561084e-27 -1.773517895e-28 -3.542845608e-30 -6.646204272e-32 
-1.173589770e-33 -1.954963971e-35 -3.078556319e-37 -4.591974542e-39 -6.499951126e-41 
-8.746875185e-43 -1.120895051e-44 -1.370090078e-46 -1.599846019e-48 -1.787366829e-50 
-1.914485597e-52 -1.987704629e-54 -2.287808273e-56 -6.983306494e-58 -7.592889574e-59 
-1.054531615e-59 -1.468637450e-60 -2.014631386e-61 -2.720258209e-62 -3.616873335e-63 
-4.737653995e-64 -6.116382736e-65 -7.786037471e-66 -9.777169293e-67 -1.211613739e-67 
-1.482329729e-68 -1.791125421e-69 -2.138330030e-70 -2.523215159e-71 -2.943908771e-72 
-3.397357533e-73 -3.879342677e-74 -4.384551074e-75 -4.906699580e-76 -5.438707174e-77 
-5.972906354e-78 -6.501282805e-79 -7.015730805e-80 -7.508311196e-81 -7.971499065e-82 
-8.398409433e-83 -8.782991135e-84 -9.120181432e-85 -9.406016582e-86 -9.637696322e-87 
-9.813602822e-88 -9.933276978e-89 -9.997356797e-90 -1.000748401e-90 -9.966185937e-92 
-9.876739961e-93 -9.743027930e-94 -9.569387262e-95 -9.360464818e-96 -9.121078611e-97 
-8.856091348e-98 -8.570298699e-99 -8.268334107e-100 -7.954590997e-101 -7.633162382e-102 
-7.307797181e-103 -6.981872011e-104 -6.658376867e-105 -6.339912824e-106 -6.028699830e-107 
-5.726592620e-108 -5.435102842e-109 -5.155425284e-110 -4.888462861e-111 -4.634811027e-112 
net_rxn-H
5.531922149e-19 5.088863781e-19 4.681237748e-19 4.305891453e-19 3.960003636e-19 
3.641044305e-19 3.346740128e-19 3.075044443e-19 2.824111205e-19 2.592272143e-19 
2.378014502e-19 2.179972572e-19 1.996902908e-19 1.827674216e-19 1.671255705e-19 
1.526706701e-19 1.393167451e-19 1.269850978e-19 1.156035842e-19 1.051059742e-19 
9.543143842e-20 8.652486997e-20 7.834742993e-20 7.101768686e-20 6.657694395e-20 
9.012707585e-20 4.245478034e-19 3.777410235e-18 2.321877717e-17 -2.858954107e-16 
-1.717722655e-14 -5.178544977e-13 -1.271374371e-11 -2.753633333e-10 -5.370719105e-09 
-9.467794499e-08 -1.504791117e-06 -2.144969442e-05 -2.722488510e-04 -3.046928612e-03 
-2.959284702e-02 -2.415254732e-01 -1.546724032e+00 -6.901197626e+00 -1.909567823e+01 
-3.270698765e+01 -3.913041946e+01 -3.770402964e+01 -3.154621451e+01 -2.062341732e+01 
5.229768071e-01 4.240859737e+01 1.138316629e+02 2.047241460e+02 2.685934676e+02 
2.531182654e+02 1.664493620e+02 6.872259951e+01 -5.475069673e-01 -3.889885188e+01 
-5.603682109e+01 -6.011714626e+01 -5.652094796e+01 -4.889060625e+01 -3.789736874e+01 
-2.473582900e+01 -2.393514487e+01 -2.203281956e+01 -4.631243538e+00 -1.989219450e-01 
-3.305040258e-03 -5.422704651e-05 -1.697466105e-06 -7.673981728e-08 -3.408852898e-09 
-1.355976195e-10 -4.829528010e-12 -1.574369630e-13 -4.847505423e-15 -1.459551630e-16 
-4.412411862e-18 -1.347597395e-19 -4.100509348e-21 -1.216239198e-22 -3.451214340e-24 
-9.259241110e-26 -2.340102171e-27 -5.523960581e-29 -1.245348224e-30 -2.530795879e-32 
-5.361809754e-34 -7.536275976e-36 -3.322502539e-37 3.750010066e-39 5.445610982e-40 
-5.273223926e-42 -2.221067728e-42 8.013019350e-44 -2.671430655e-45 2.297739196e-46 
9.023936376e-48 5.860576939e-49 -8.674250445e-53 1.061213665e-51 6.250643137e-53 
1.732191251e-54 2.080705182e-55 -4.089725080e-57 -2.057181986e-58 -1.810203797e-59 
-2.691774279e-61 -6.317584867e-63 9.146607447e-64 1.046067902e-65 -5.472736511e-67 
4.409990095e-68 -2.145127626e-69 -7.533274065e-72 2.140420410e-73 -3.290320294e-74 
-3.467839695e-75 -3.135561304e-76 -5.173213507e-77 -6.089754495e-78 -6.760754060e-79 
-7.560952704e-80 -8.325555488e-81 -9.084989344e-82 -9.826420991e-83 -1.053932833e-83 
-1.120914737e-84 -1.187790795e-85 -1.306089598e-86 -1.484050563e-87 -8.859608904e-88 
-2.197625507e-88 2.160486885e-88 7.281322140e-88 3.723980663e-88 7.564445560e-89 
4.971063416e-88 3.968388791e-88 -2.745812989e-89 2.784016212e-88 -1.019232532e-88 
-2.277402611e-88 -7.589750974e-88 -1.938877899e-88 -1.782024843e-88 -1.992648550e-89 
4.916705265e-89 -1.211977961e-88 7.563776939e-89 7.002689135e-89 8.597699875e-89 
1.291835014e-88 -8.634934372e-90 1.012995843e-91 -5.355083638e-93 -7.582430897e-94 
net_rxn-O
-6.978569262e-20 -6.977547794e-20 -6.976524739e-20 -6.975498980e-20 -6.974469388e-20 
-6.973434812e-20 -6.972394074e-20 -6.971345961e-20 -6.970289219e-20 -6.969222548e-20 
-6.968144668e-20 -6.967054050e-20 -6.965949184e-20 -6.964828467e-20 -6.963690190e-20 
-6.962532524e-20 -6.961353501e-20 -6.960150995e-20 -6.958922710e-20 -6.957666302e-20 
-6.956381238e-20 -6.955091574e-20 -6.954116101e-20 -6.957182461e-20 -7.006322806e-20 
-7.561330777e-20 -1.349597294e-19 -7.477061154e-19 -6.855751029e-18 -6.551834118e-17 
-6.070464481e-16 -5.399945188e-15 -4.598098163e-14 -3.745615417e-13 -2.939449832e-12 
-2.301185831e-11 -2.002598141e-10 -2.295489042e-09 -3.492770580e-08 -5.807164707e-07 
-8.982833826e-06 -1.183566739e-04 -1.226822996e-03 -9.016331054e-03 -4.305333693e-02 
-1.405595061e-01 -4.073510873e-01 -1.254327785e+00 -4.070201177e+00 -1.434952902e+01 
-4.914046764e+01 -1.462143205e+02 -3.557461136e+02 -6.676217423e+02 -8.876116828e+02 
-7.414034508e+02 -2.549585258e+02 2.698190720e+02 6.485227217e+02 8.740788488e+02 
9.811139326e+02 9.958255418e+02 9.382457905e+02 7.908261143e+02 4.339674218e+02 
-1.308160759e+02 -3.702817303e+02 -1.378169925e+02 -1.808179003e+01 -1.292012475e+00 
-7.746855182e-02 -3.990752352e-03 -1.762321210e-04 -6.778913671e-06 -2.299192632e-07 
-6.930463326e-09 -1.866891915e-10 -4.513977064e-12 -9.836254402e-14 -1.939548707e-15 
-3.476254537e-17 -5.693359536e-19 -8.580798500e-21 -1.202718846e-22 -1.595025649e-24 
-2.059035605e-26 -2.696475688e-28 -3.742701408e-30 -5.622052355e-32 -8.985853988e-34 
-1.471098379e-35 -2.383484886e-37 -3.740866529e-39 -5.627052035e-41 -8.076815238e-43 
-1.104866278e-44 -1.440338728e-46 -1.796323672e-48 -2.124853832e-50 -2.502492959e-52 
-2.939844784e-54 -4.666768769e-56 -2.756282675e-58 -3.703331957e-59 -2.047805523e-60 
-5.627952829e-62 -6.735210081e-63 1.323328546e-64 6.657470182e-66 5.858501081e-67 
8.718399791e-69 2.054319883e-70 -2.947136212e-71 -3.210758008e-73 2.128868961e-74 
4.309100492e-76 1.716561970e-75 1.621867097e-75 1.618564772e-75 1.618212133e-75 
1.618169044e-75 1.618164073e-75 1.618163507e-75 1.618163443e-75 1.618163436e-75 
1.618163435e-75 1.618163435e-75 1.618163435e-75 1.618163435e-75 1.618163435e-75 
1.618163435e-75 1.618163435e-75 1.618163435e-75 1.618163435e-75 1.618163435e-75 
1.618163435e-75 1.618163435e-75 1.618163435e-75 1.618163435e-75 1.618163435e-75 
1.618163435e-75 1.618163435e-75 1.618163435e-75 1.618163435e-75 1.618163435e-75 
1.618163435e-75 1.618163435e-75 1.618163435e-75 1.618163435e-75 1.618163435e-75 
1.618163435e-75 1.618163435e-75 1.618163435e-75 1.618163435e-75 1.618163435e-75 
1.618163435e-75 1.618163435e-75 1.618163435e-75 1.618163435e-75 1.618163435e-75 
net_rxn-O2
-3.933645147e-35 -4.169598540e-35 -4.386533654e-35 -4.586146001e-35 -4.769952443e-35 
-4.939312812e-35 -5.095448598e-35 -5.239459124e-35 -5.372335600e-35 -5.494973442e-35 
-5.608184291e-35 -5.712700498e-35 -5.809188552e-35 -5.898254498e-35 -5.980450197e-35 
-6.056278913e-35 -9.236181205e-35 -3.325309313e-34 -2.015746184e-33 -1.362556357e-32 
-9.218384640e-32 -6.128500668e-31 -3.988212977e-30 -2.536184610e-29 -1.574769879e-28 
-9.630782355e-28 -6.590273317e-27 -1.092423400e-25 -5.768805173e-24 -3.776223020e-22 
-2.353247000e-20 -1.356215591e-18 -7.177017113e-17 -3.467345072e-15 -1.519897120e-13 
-6.004386681e-12 -2.121898044e-10 -6.651956811e-09 -1.831952509e-07 -4.377398874e-06 
-8.903637872e-05 -1.487009469e-03 -1.896465380e-02 -1.637630457e-01 -8.522785359e-01 
-2.635984287e+00 -5.351089388e+00 -8.411186585e+00 -1.375001524e+01 -3.146521003e+01 
-8.729184436e+01 -2.402102063e+02 -6.138237876e+02 -1.381871834e+03 -2.561361509e+03 
-3.732530352e+03 -4.340332040e+03 -4.344032538e+03 -4.060507072e+03 -3.689695102e+03 
-3.265118006e+03 -2.780944810e+03 -2.249200351e+03 -1.658153467e+03 -9.014744062e+02 
-4.717091244e+01 2.113758576e+02 -4.489772030e+01 -2.364087440e+01 1.588363482e+00 
2.896401922e-01 1.477238912e-02 5.196533734e-04 1.424048839e-05 2.950859958e-07 
3.402746840e-09 -6.727811273e-11 -6.584111890e-12 -3.134100356e-13 -1.227505898e-14 
-4.354932479e-16 -1.436957122e-17 -4.434903428e-19 -1.280324604e-20 -3.455663208e-22 
-8.722608154e-24 -2.062990704e-25 -4.568824217e-27 -9.577247576e-29 -1.858420395e-30 
-3.565080756e-32 -5.495706741e-34 -1.543456423e-35 4.616047132e-38 1.625627368e-38 
-1.812918559e-40 -7.068956336e-41 2.541696900e-42 -8.483458531e-44 7.294287074e-45 
2.864774389e-46 1.860538401e-47 -2.754209686e-51 3.369004545e-50 1.984372476e-51 
5.499107506e-53 6.605512137e-54 -1.298417976e-55 -6.531743896e-57 -5.747953532e-58 
-8.560543885e-60 -2.025044186e-61 2.879030734e-62 3.010530462e-64 -2.122062690e-65 
9.294364579e-67 -1.249631681e-67 -7.027657259e-69 -7.942448111e-70 -9.450566702e-71 
-1.089721029e-71 -1.243137028e-72 -1.424556529e-73 -1.738866038e-74 -3.366238353e-75 
-1.810184041e-75 -1.639067191e-75 -1.620419542e-75 -1.618404919e-75 -1.618189076e-75 
-1.618166137e-75 -1.618163717e-75 -1.618163464e-75 -1.618163438e-75 -1.618163435e-75 
-1.618163435e-75 -1.618163435e-75 -1.618163435e-75 -1.618163435e-75 -1.618163435e-75 
-1.618163435e-75 -1.618163435e-75 -1.618163435e-75 -1.618163435e-75 -1.618163435e-75 
-1.618163435e-75 -1.618163435e-75 -1.618163435e-75 -1.618163435e-75 -1.618163435e-75 
-1.618163435e-75 -1.618163435e-75 -1.618163435e-75 -1.618163435e-75 -1.618163435e-75 
-1.618163435e-75 -1.618163435e-75 -1.618163435e-75 -1.618163435e-75 -1.618163435e-75 
net_rxn-OH
-9.185850233e-18 -8.438283372e-18 -7.750502818e-18 -7.117189105e-18 -6.533581839e-18 
-5.995412097e-18 -5.498844029e-18 -5.040424254e-18 -4.617037897e-18 -4.225870052e-18 
-3.864368218e-18 -3.530228019e-18 -3.221351373e-18 -2.935829442e-18 -2.671922972e-18 
-2.428044766e-18 -2.202744175e-18 -1.994693348e-18 -1.802675023e-18 -1.625571725e-18 
-1.462357067e-18 -1.312100706e-18 -1.174140769e-18 -1.050408587e-18 -9.748350013e-19 
-1.375047421e-18 -7.396817240e-18 -7.909526987e-17 -8.959151067e-16 -9.896572379e-15 
-1.057362078e-13 -1.089956359e-12 -1.081695266e-11 -1.031157769e-10 -9.418968230e-10 
-8.221474733e-09 -6.834710960e-08 -5.385320589e-07 -3.985995128e-06 -2.718878075e-05 
-1.641279768e-04 -8.131374141e-04 -2.979288659e-03 -7.081553719e-03 1.317421454e-03 
4.407608918e-02 -3.127528242e-01 -4.021757419e+00 -2.426835453e+01 -9.621616152e+01 
-2.806667104e+02 -6.324703818e+02 -1.080020852e+03 -1.298593913e+03 -8.802525230e+02 
8.901288928e+01 1.013443034e+03 1.509646945e+03 1.616545413e+03 1.478949453e+03 
1.190196496e+03 8.057523580e+02 3.741384427e+02 -2.767529147e+01 -2.588280512e+02 
-2.434939415e+02 -7.530075974e+01 -1.963203354e+01 -2.743298260e+01 -2.904103268e+00 
-1.689618554e-01 -8.148871456e-03 -3.367655434e-04 -1.222970247e-05 -3.987967960e-07 
-1.192058322e-08 -3.348235785e-10 -9.130513131e-12 -2.508596311e-13 -7.127109705e-15 
-2.090988466e-16 -6.176094551e-18 -1.781017293e-19 -4.901516511e-21 -1.271066216e-22 
-3.088573118e-24 -7.021916432e-26 -1.494590335e-27 -2.982900742e-29 -5.593207826e-31 
-9.874118406e-33 -1.644595961e-34 -2.589560577e-36 -3.862299785e-38 -5.466735073e-40 
-7.356034408e-42 -9.426028090e-44 -1.152092536e-45 -1.345190161e-47 -1.502778889e-49 
-1.608578301e-51 -1.653351756e-53 -1.628779638e-55 -1.581789687e-57 -1.626824289e-59 
-1.839448697e-61 -8.214757240e-63 1.320009158e-64 7.007998868e-66 6.222278827e-67 
9.263693599e-69 2.183436231e-70 -3.132993778e-71 -3.430246211e-73 2.090973130e-74 
-1.262048878e-75 1.045974994e-76 3.936987599e-78 4.266207938e-79 5.176598935e-80 
5.962620626e-81 6.780187161e-82 7.719220691e-83 8.648825180e-84 9.586940491e-85 
1.053326960e-85 1.146835936e-86 1.237931489e-87 1.325203968e-88 1.407322920e-89 
1.483054055e-90 1.551501175e-91 1.613566053e-92 1.668850369e-93 1.962412190e-94 
2.443870402e-95 -5.723428390e-96 -2.487525967e-95 -1.279300600e-95 -2.600399270e-96 
-1.709992122e-95 -1.365094766e-95 9.445410394e-97 -9.576810039e-96 3.506084668e-96 
7.834096821e-96 2.610818293e-95 6.669596808e-96 6.130033878e-96 6.854563877e-97 
-1.691310307e-96 4.169114695e-96 -2.601883417e-96 -2.408873356e-96 -2.957545273e-96 
-4.443817060e-96 2.970353665e-97 -3.484630901e-99 1.842109230e-100 2.608300241e-101 
net_rxn-HO2
8.859632968e-32 8.859358612e-32 8.859105961e-32 8.858873078e-32 8.858658232e-32 
8.858459869e-32 8.858276594e-32 8.858107150e-32 8.857950400e-32 8.857805321e-32 
8.857670980e-32 8.857546538e-32 8.857431228e-32 8.857324352e-32 8.857225275e-32 
8.857133413e-32 8.889990009e-32 9.143622258e-32 1.092582849e-31 2.322262093e-31 
1.064331254e-30 6.579364598e-30 4.233197465e-29 2.687116548e-28 1.666658090e-27 
1.007291540e-26 5.923824207e-26 3.401025146e-25 2.019779358e-24 1.976795994e-23 
6.396981860e-22 3.290503382e-20 1.663314655e-18 7.714819430e-17 3.244044700e-15 
1.227709983e-13 4.151121808e-12 1.244196924e-10 3.276316143e-09 7.476853179e-08 
1.432819921e-06 2.138284722e-05 2.181113979e-04 1.332556905e-03 4.526031486e-03 
8.307242387e-03 8.612189719e-03 5.780835032e-03 1.068388132e-03 -1.130584658e-02 
-4.200440913e-02 -1.070233472e-01 -2.218765396e-01 -3.788461096e-01 -4.991044707e-01 
-4.472122003e-01 -1.965607479e-01 1.094108506e-01 2.903120583e-01 2.181822348e-01 
-1.097898534e-01 -5.923248658e-01 -1.271667594e+00 -2.737574709e+00 -6.698058988e+00 
-1.449016147e+01 -8.468936772e+00 2.828881033e+01 2.358791118e+01 -9.032341879e-01 
-2.305634448e-01 -1.071014575e-02 -2.977520222e-04 -4.262914386e-06 8.465523716e-08 
9.064866829e-09 4.255585621e-10 1.571266642e-11 5.224372651e-13 1.665090134e-14 
5.213381064e-16 1.600570836e-17 4.751700113e-19 1.344930198e-20 3.595122213e-22 
9.032994463e-24 2.131816281e-25 4.716591415e-27 9.882524886e-29 1.917273994e-30 
3.677636074e-32 5.669016109e-34 1.592088615e-35 -4.761350901e-38 -1.676832861e-38 
1.870024624e-40 7.291623564e-41 -2.621758582e-42 8.750681572e-44 -7.524052041e-45 
-2.955012789e-46 -1.919144066e-47 2.840965375e-51 -3.475125844e-50 -2.046878828e-51 
-5.672325566e-53 -6.813581173e-54 1.339317238e-55 6.737489284e-57 5.929010068e-58 
8.830195060e-60 2.088831669e-61 -2.969718199e-62 -3.105360076e-64 2.188906189e-65 
-9.587130607e-67 1.288994193e-67 7.249021910e-69 8.192613016e-70 9.748086073e-71 
1.123879571e-71 1.280625846e-72 1.452737725e-73 1.626725664e-74 1.803138063e-75 
1.980691220e-76 2.156221059e-77 2.327172859e-78 2.490904781e-79 2.644918204e-80 
2.786910832e-81 2.915038739e-82 3.029331438e-83 3.128760745e-84 3.446153710e-85 
3.933284621e-86 -3.822064778e-87 -2.351656891e-86 -1.216204802e-86 -2.473845031e-87 
-1.627828416e-86 -1.299514407e-86 8.991671239e-88 -9.116742661e-87 3.337653375e-87 
7.457749044e-87 2.485395327e-86 6.349191279e-87 5.835548798e-87 6.525272582e-88 
-1.610060242e-87 3.968831614e-87 -2.476889679e-87 -2.293151766e-87 -2.815465641e-87 
-4.230337355e-87 2.827658721e-88 -3.317230226e-90 1.753614828e-91 2.482998241e-92 
net_rxn-H2O
9.808828140e-18 9.016945228e-18 8.288391841e-18 7.617533241e-18 6.999326896e-18 
6.429250876e-18 5.903241983e-18 5.417642158e-18 4.969151909e-18 4.554789491e-18 
4.171851115e-18 3.817895816e-18 3.490701156e-18 3.188245148e-18 2.908685444e-18 
2.650340761e-18 2.411674455e-18 2.191279956e-18 1.987867834e-18 1.800254362e-18 
1.627352317e-18 1.468176492e-18 1.322029375e-18 1.190998733e-18 1.111499596e-18 
1.541679971e-18 7.987153835e-18 8.462476578e-17 9.567310761e-16 1.055686661e-14 
1.126862225e-13 1.160634436e-12 1.150987281e-11 1.096525087e-10 1.001195749e-09 
8.741258633e-09 7.285758703e-08 5.803871489e-07 4.464254536e-06 3.430132293e-05 
2.826598427e-04 2.645605998e-03 2.565286697e-02 2.005902033e-01 1.001778530e+00 
3.070594599e+00 6.805944668e+00 1.513760051e+01 4.577366187e+01 1.535316658e+02 
4.510201169e+02 1.105313291e+03 2.236203619e+03 3.683876295e+03 4.816573075e+03 
4.943773018e+03 4.100857016e+03 2.988188920e+03 2.129129936e+03 1.603483731e+03 
1.311125173e+03 1.157119426e+03 1.081121281e+03 1.008952718e+03 8.086292960e+02 
4.761068778e+02 2.686346768e+02 1.925756523e+02 4.783224692e+01 3.399843538e+00 
1.728165795e-01 7.327440734e-03 2.601749154e-04 7.893702721e-06 2.116417896e-07 
5.317669113e-09 1.379867141e-10 4.082136533e-12 1.386172415e-13 4.975823747e-15 
1.747350436e-16 5.775692749e-18 1.772864342e-19 5.039526986e-21 1.328106682e-22 
3.252663117e-24 7.423046675e-26 1.582837716e-27 3.161771583e-29 5.931106037e-31 
1.047284451e-32 1.744513934e-34 2.747074511e-36 4.097419733e-38 5.799740660e-40 
7.804385250e-42 1.000086943e-43 1.222386646e-45 1.427324131e-47 1.594491044e-49 
1.706563142e-51 1.752321390e-53 1.728476016e-55 1.639897018e-57 1.498299625e-59 
1.319824123e-61 1.122167191e-63 9.219248716e-66 7.326336614e-68 5.637337266e-70 
4.204223838e-72 3.041854144e-74 2.137153687e-76 1.459387751e-78 9.694497919e-81 
6.270059952e-83 3.951594744e-85 2.428740303e-87 1.456944222e-89 8.536800633e-92 
4.889532894e-94 2.739568300e-96 1.502640767e-98 8.074131642e-101 4.253117613e-103 
2.197795946e-105 1.114878415e-107 5.555361547e-110 2.720867635e-112 1.310323376e-114 
6.197776155e-117 2.846096334e-119 1.157813392e-121 4.774431701e-125 -1.470862738e-125 
-5.281291878e-127 -1.658588431e-128 -5.091674649e-130 -1.550338174e-131 -4.692786273e-133 
-1.412935023e-134 -4.232947429e-136 -1.262173470e-137 -3.746914048e-139 -1.107715723e-140 
-3.262070709e-142 -9.564355185e-144 -2.728841667e-145 -2.552816294e-147 3.812943669e-147 
3.031927011e-147 1.905081701e-147 8.631505733e-148 3.952536905e-148 3.813470813e-148 
7.481324798e-150 9.225498572e-151 8.888634711e-151 9.792458176e-152 2.810264652e-153 
net_rxn-H2O2
-9.119237866e-32 -9.119259135e-32 -9.119276861e-32 -9.119291598e-32 -9.119303807e-32 
-9.119313875e-32 -9.119322124e-32 -9.119328828e-32 -9.119334214e-32 -9.119338476e-32 
-9.119341776e-32 -9.119344251e-32 -9.119346017e-32 -9.119347172e-32 -9.119347798e-32 
-9.119347965e-32 -9.119345018e-32 -9.119323533e-32 -9.119175822e-32 -9.118161689e-32 
-9.111305732e-32 -9.065873497e-32 -8.771354255e-32 -6.906482902e-32 4.609939735e-32 
7.386368861e-31 4.786299390e-30 2.764319628e-29 1.449460157e-28 2.023537305e-28 
-3.475720748e-26 -2.224426514e-24 -1.180292061e-22 -5.630763530e-21 -2.400116330e-19 
-8.937521323e-18 -2.769941924e-16 -6.198204436e-15 -2.903082708e-14 6.396838352e-12 
4.306504358e-10 1.704060766e-08 4.182213703e-07 5.194226444e-06 2.502213431e-05 
2.781212355e-05 -6.582287142e-05 -4.358744566e-04 -2.544545810e-03 -1.287958938e-02 
-4.855892045e-02 -1.225178919e-01 -1.889143482e-01 -1.733094177e-01 -6.921321763e-02 
6.039365979e-02 1.295641557e-01 1.213403452e-01 8.316034001e-02 5.172826025e-02 
4.100220163e-02 5.780700785e-02 8.149613808e-02 -3.841123421e-02 -6.972291316e-01 
-1.842575771e+00 -6.597510089e-01 2.903638682e+00 2.319820043e+00 3.102740633e-01 
1.788031384e-02 8.077357877e-04 3.293547899e-05 1.239095007e-06 4.248365512e-08 
1.308706736e-09 3.596998505e-11 8.815315275e-13 1.932044979e-14 3.804108599e-16 
6.762923421e-18 1.091035590e-19 1.604852584e-21 2.161982472e-23 2.678402476e-25 
3.063071360e-27 3.245070554e-29 3.195175973e-31 2.932839361e-33 2.516724537e-35 
2.024365851e-37 1.530132832e-39 1.089363428e-41 7.321134137e-44 4.654248611e-46 
2.804309399e-48 1.603841914e-50 8.693571812e-53 4.337359191e-55 1.355868940e-57 
-2.918526597e-59 -1.698173564e-60 -7.477051893e-62 -3.151825735e-63 -1.299014312e-64 
-5.248738888e-66 -2.080878331e-67 -8.099549409e-69 -3.097077475e-70 -1.164033289e-71 
-4.302666402e-73 -1.564941290e-74 -5.603617725e-76 -1.976351925e-77 -6.869012999e-79 
-2.353757464e-80 -7.955434475e-82 -2.653342146e-83 -8.736496366e-85 -2.841051702e-86 
-9.128466519e-88 -2.899137725e-89 -9.104678890e-91 -2.828494089e-92 -8.695798259e-94 
-2.646645439e-95 -7.977826888e-97 -2.382599384e-98 -7.053081481e-100 -2.070462282e-101 
-6.030317571e-103 -1.743655479e-104 -5.009023702e-106 -1.430985202e-107 -4.070664555e-109 
-1.155073478e-110 -3.277389029e-112 -9.326687337e-114 -2.638317759e-115 -3.865193793e-117 
3.695011650e-117 3.919536140e-117 3.926399725e-117 3.926617275e-117 3.926624460e-117 
3.926624710e-117 3.926624722e-117 3.926624714e-117 3.926624707e-117 3.926624689e-117 
3.926624676e-117 3.926624662e-117 1.790999091e-117 8.220129799e-118 7.957393408e-118 
1.521297488e-119 1.587035535e-122 -1.648275927e-123 -4.174399632e-125 -1.082487240e-126 
massfraction-H2
1.000000000e+00 1.000000000e+00 1.000000000e+00 1.000000000e+00 1.000000000e+00 
1.000000000e+00 1.000000000e+00 1.000000000e+00 1.000000000e+00 1.000000000e+00 
1.000000000e+00 1.000000000e+00 1.000000000e+00 1.000000000e+00 1.000000000e+00 
1.000000000e+00 1.000000000e+00 1.000000000e+00 1.000000000e+00 1.000000000e+00 
1.000000000e+00 1.000000000e+00 1.000000000e+00 1.000000000e+00 1.000000000e+00 
1.000000000e+00 1.000000000e+00 1.000000000e+00 1.000000000e+00 1.000000000e+00 
9.999999999e-01 9.999999995e-01 9.999999978e-01 9.999999897e-01 9.999999543e-01 
9.999998052e-01 9.999991945e-01 9.999967259e-01 9.999866296e-01 9.999437682e-01 
9.997537375e-01 9.988994473e-01 9.952487390e-01 9.817125945e-01 9.422718645e-01 
8.576634353e-01 7.253736849e-01 5.696395724e-01 4.228952802e-01 3.038105678e-01 
2.148880425e-01 1.506444831e-01 1.045033138e-01 7.156834470e-02 4.832283572e-02 
3.216381607e-02 2.115229975e-02 1.378757983e-02 8.901331692e-03 5.663039206e-03 
3.525144103e-03 2.131619141e-03 1.247616800e-03 7.161782758e-04 4.259526375e-04 
2.814443120e-04 2.001390564e-04 1.352996145e-04 7.925985852e-05 4.047695672e-05 
1.885296257e-05 8.203128263e-06 3.355196133e-06 1.294316406e-06 4.723211047e-07 
1.634984708e-07 5.382560019e-08 1.689272663e-08 5.065317179e-09 1.454119301e-09 
4.004119547e-10 1.059491164e-10 0.000000000e+00 0.000000000e+00 0.000000000e+00 
0.000000000e+00 0.000000000e+00 0.000000000e+00 0.000000000e+00 0.000000000e+00 
0.000000000e+00 0.000000000e+00 0.000000000e+00 0.000000000e+00 0.000000000e+00 
0.000000000e+00 0.000000000e+00 0.000000000e+00 0.000000000e+00 0.000000000e+00 
0.000000000e+00 0.000000000e+00 0.000000000e+00 0.000000000e+00 0.000000000e+00 
0.000000000e+00 0.000000000e+00 0.000000000e+00 0.000000000e+00 0.000000000e+00 
0.000000000e+00 0.000000000e+00 0.000000000e+00 0.000000000e+00 0.000000000e+00 
0.000000000e+00 0.000000000e+00 0.000000000e+00 0.000000000e+00 0.000000000e+00 
0.000000000e+00 0.000000000e+00 0.000000000e+00 0.000000000e+00 0.000000000e+00 
0.000000000e+00 0.000000000e+00 0.000000000e+00 0.000000000e+00 0.000000000e+00 
0.000000000e+00 0.000000000e+00 0.000000000e+00 0.000000000e+00 0.000000000e+00 
0.000000000e+00 0.000000000e+00 0.000000000e+00 0.000000000e+00 0.000000000e+00 
0.000000000e+00 0.000000000e+00 0.000000000e+00 0.000000000e+00 0.000000000e+00 
0.000000000e+00 0.000000000e+00 0.000000000e+00 0.000000000e+00 0.000000000e+00 
0.000000000e+00 0.000000000e+00 0.000000000e+00 0.000000000e+00 0.000000000e+00 
0.000000000e+00 0.000000000e+00 0.000000000e+00 0.000000000e+00 0.000000000e+00 
massfraction-H
0.000000000e+00 0.000000000e+00 0.000000000e+00 0.000000000e+00 0.000000000e+00 
0.000000000e+00 0.000000000e+00 0.000000000e+00 0.000000000e+00 0.000000000e+00 
0.000000000e+00 0.000000000e+00 0.000000000e+00 0.000000000e+00 0.000000000e+00 
0.000000000e+00 0.000000000e+00 0.000000000e+00 0.000000000e+00 0.000000000e+00 
0.000000000e+00 0.000000000e+00 0.000000000e+00 0.000000000e+00 0.000000000e+00 
0.000000000e+00 0.000000000e+00 0.000000000e+00 0.000000000e+00 0.000000000e+00 
0.000000000e+00 4.655348354e-10 2.228342675e-09 1.022879870e-08 4.491018129e-08 
1.880678940e-07 7.488594476e-07 2.825817876e-06 1.006783413e-05 3.372471829e-05 
1.056716055e-04 3.075186732e-04 8.216610364e-04 1.977756135e-03 4.169891538e-03 
7.436856551e-03 1.096024018e-02 1.352721903e-02 1.464046275e-02 1.465816013e-02 
1.414465477e-02 1.344957039e-02 1.268262496e-02 1.181966087e-02 1.075963547e-02 
9.418047166e-03 7.850855805e-03 6.245142432e-03 4.777341612e-03 3.536614131e-03 
2.540603046e-03 1.770030686e-03 1.191295609e-03 7.681583826e-04 4.674541312e-04 
2.581728804e-04 1.094351242e-04 2.099583500e-05 1.030280151e-06 1.842124224e-08 
3.205354581e-10 0.000000000e+00 0.000000000e+00 0.000000000e+00 0.000000000e+00 
0.000000000e+00 0.000000000e+00 0.000000000e+00 0.000000000e+00 0.000000000e+00 
0.000000000e+00 0.000000000e+00 0.000000000e+00 0.000000000e+00 0.000000000e+00 
0.000000000e+00 0.000000000e+00 0.000000000e+00 0.000000000e+00 0.000000000e+00 
0.000000000e+00 0.000000000e+00 0.000000000e+00 0.000000000e+00 0.000000000e+00 
0.000000000e+00 0.000000000e+00 0.000000000e+00 0.000000000e+00 0.000000000e+00 
0.000000000e+00 0.000000000e+00 0.000000000e+00 0.000000000e+00 0.000000000e+00 
0.000000000e+00 0.000000000e+00 0.000000000e+00 0.000000000e+00 0.000000000e+00 
0.000000000e+00 0.000000000e+00 0.000000000e+00 0.000000000e+00 0.000000000e+00 
0.000000000e+00 0.000000000e+00 0.000000000e+00 0.000000000e+00 0.000000000e+00 
0.000000000e+00 0.000000000e+00 0.000000000e+00 0.000000000e+00 0.000000000e+00 
0.000000000e+00 0.000000000e+00 0.000000000e+00 0.000000000e+00 0.000000000e+00 
0.000000000e+00 0.000000000e+00 0.000000000e+00 0.000000000e+00 0.000000000e+00 
0.000000000e+00 0.000000000e+00 0.000000000e+00 0.000000000e+00 0.000000000e+00 
0.000000000e+00 0.000000000e+00 0.000000000e+00 0.000000000e+00 0.000000000e+00 
0.000000000e+00 0.000000000e+00 0.000000000e+00 0.000000000e+00 0.000000000e+00 
0.000000000e+00 0.000000000e+00 0.000000000e+00 0.000000000e+00 0.000000000e+00 
0.000000000e+00 0.000000000e+00 0.000000000e+00 0.000000000e+00 0.000000000e+00 
massfraction-O
0.000000000e+00 0.000000000e+00 0.000000000e+00 0.000000000e+00 0.000000000e+00 
0.000000000e+00 0.000000000e+00 0.000000000e+00 0.000000000e+00 0.000000000e+00 
0.000000000e+00 0.000000000e+00 0.000000000e+00 0.000000000e+00 0.000000000e+00 
0.000000000e+00 0.000000000e+00 0.000000000e+00 0.000000000e+00 0.000000000e+00 
0.000000000e+00 0.000000000e+00 0.000000000e+00 0.000000000e+00 0.000000000e+00 
0.000000000e+00 0.000000000e+00 0.000000000e+00 0.000000000e+00 0.000000000e+00 
0.000000000e+00 0.000000000e+00 0.000000000e+00 0.000000000e+00 0.000000000e+00 
0.000000000e+00 0.000000000e+00 0.000000000e+00 2.741057259e-10 1.539847006e-09 
8.005442933e-09 3.846610931e-08 1.720557628e-07 7.263189988e-07 2.836621896e-06 
9.365447765e-06 2.432078794e-05 5.191707163e-05 1.026123980e-04 2.103715075e-04 
4.875939937e-04 1.247242897e-03 3.187364858e-03 7.565231861e-03 1.587609980e-02 
2.843007307e-02 4.291015030e-02 5.550123064e-02 6.345591196e-02 6.591198954e-02 
6.324881795e-02 5.639559258e-02 4.644451906e-02 3.447456565e-02 2.168572008e-02 
1.014771569e-02 2.870152801e-03 4.721730294e-04 6.419838767e-05 1.195396979e-05 
2.817977896e-06 6.763418789e-07 1.524595306e-07 3.184765409e-08 6.178151899e-09 
1.118076736e-09 1.896104517e-10 0.000000000e+00 0.000000000e+00 0.000000000e+00 
0.000000000e+00 0.000000000e+00 0.000000000e+00 0.000000000e+00 0.000000000e+00 
0.000000000e+00 0.000000000e+00 0.000000000e+00 0.000000000e+00 0.000000000e+00 
0.000000000e+00 0.000000000e+00 0.000000000e+00 0.000000000e+00 0.000000000e+00 
0.000000000e+00 0.000000000e+00 0.000000000e+00 0.000000000e+00 0.000000000e+00 
0.000000000e+00 0.000000000e+00 0.000000000e+00 0.000000000e+00 0.000000000e+00 
0.000000000e+00 0.000000000e+00 0.000000000e+00 0.000000000e+00 0.000000000e+00 
0.000000000e+00 0.000000000e+00 0.000000000e+00 0.000000000e+00 0.000000000e+00 
0.000000000e+00 0.000000000e+00 0.000000000e+00 0.000000000e+00 0.000000000e+00 
0.000000000e+00 0.000000000e+00 0.000000000e+00 0.000000000e+00 0.000000000e+00 
0.000000000e+00 0.000000000e+00 0.000000000e+00 0.000000000e+00 0.000000000e+00 
0.000000000e+00 0.000000000e+00 0.000000000e+00 0.000000000e+00 0.000000000e+00 
0.000000000e+00 0.000000000e+00 0.000000000e+00 0.000000000e+00 0.000000000e+00 
0.000000000e+00 0.000000000e+00 0.000000000e+00 0.000000000e+00 0.000000000e+00 
0.000000000e+00 0.000000000e+00 0.000000000e+00 0.000000000e+00 0.000000000e+00 
0.000000000e+00 0.000000000e+00 0.000000000e+00 0.000000000e+00 0.000000000e+00 
0.000000000e+00 0.000000000e+00 0.000000000e+00 0.000000000e+00 0.000000000e+00 
massfraction-O2
0.000000000e+00 0.000000000e+00 0.000000000e+00 0.000000000e+00 0.000000000e+00 
0.000000000e+00 0.000000000e+00 0.000000000e+00 0.000000000e+00 0.000000000e+00 
0.000000000e+00 0.000000000e+00 0.000000000e+00 0.000000000e+00 0.000000000e+00 
0.000000000e+00 0.000000000e+00 0.000000000e+00 0.000000000e+00 0.000000000e+00 
0.000000000e+00 0.000000000e+00 0.000000000e+00 0.000000000e+00 0.000000000e+00 
0.000000000e+00 0.000000000e+00 0.000000000e+00 0.000000000e+00 0.000000000e+00 
0.000000000e+00 0.000000000e+00 0.000000000e+00 0.000000000e+00 0.000000000e+00 
0.000000000e+00 0.000000000e+00 4.344535922e-10 3.361449748e-09 2.406354687e-08 
1.582454246e-07 9.482668433e-07 5.132322527e-06 2.480152674e-05 1.038570545e-04 
3.516760691e-04 9.002712483e-04 1.737265691e-03 2.681053335e-03 3.633935736e-03 
4.848853606e-03 7.104376861e-03 1.204704403e-02 2.313888065e-02 4.664850610e-02 
9.043219606e-02 1.586420403e-01 2.475903111e-01 3.486424911e-01 4.533255498e-01 
5.554384079e-01 6.509181347e-01 7.372355756e-01 8.128931138e-01 8.767914393e-01 
9.271249316e-01 9.616275017e-01 9.821462905e-01 9.936589051e-01 9.983585387e-01 
9.996421622e-01 9.999280298e-01 9.999857477e-01 9.999969950e-01 9.999992789e-01 
9.999998027e-01 9.999999419e-01 9.999999826e-01 9.999999949e-01 9.999999985e-01 
9.999999996e-01 9.999999999e-01 1.000000000e+00 1.000000000e+00 1.000000000e+00 
1.000000000e+00 1.000000000e+00 1.000000000e+00 1.000000000e+00 1.000000000e+00 
1.000000000e+00 1.000000000e+00 1.000000000e+00 1.000000000e+00 1.000000000e+00 
1.000000000e+00 1.000000000e+00 1.000000000e+00 1.000000000e+00 1.000000000e+00 
1.000000000e+00 1.000000000e+00 1.000000000e+00 1.000000000e+00 1.000000000e+00 
1.000000000e+00 1.000000000e+00 1.000000000e+00 1.000000000e+00 1.000000000e+00 
1.000000000e+00 1.000000000e+00 1.000000000e+00 1.000000000e+00 1.000000000e+00 
1.000000000e+00 1.000000000e+00 1.000000000e+00 1.000000000e+00 1.000000000e+00 
1.000000000e+00 1.000000000e+00 1.000000000e+00 1.000000000e+00 1.000000000e+00 
1.000000000e+00 1.000000000e+00 1.000000000e+00 1.000000000e+00 1.000000000e+00 
1.000000000e+00 1.000000000e+00 1.000000000e+00 1.000000000e+00 1.000000000e+00 
1.000000000e+00 1.000000000e+00 1.000000000e+00 1.000000000e+00 1.000000000e+00 
1.000000000e+00 1.000000000e+00 1.000000000e+00 1.000000000e+00 1.000000000e+00 
1.000000000e+00 1.000000000e+00 1.000000000e+00 1.000000000e+00 1.000000000e+00 
1.000000000e+00 1.000000000e+00 1.000000000e+00 1.000000000e+00 1.000000000e+00 
1.000000000e+00 1.000000000e+00 1.000000000e+00 1.000000000e+00 1.000000000e+00 
massfraction-OH
0.000000000e+00 0.000000000e+00 0.000000000e+00 0.000000000e+00 0.000000000e+00 
0.000000000e+00 0.000000000e+00 0.000000000e+00 0.000000000e+00 0.000000000e+00 
0.000000000e+00 0.000000000e+00 0.000000000e+00 0.000000000e+00 0.000000000e+00 
0.000000000e+00 0.000000000e+00 0.000000000e+00 0.000000000e+00 0.000000000e+00 
0.000000000e+00 0.000000000e+00 0.000000000e+00 0.000000000e+00 0.000000000e+00 
0.000000000e+00 0.000000000e+00 0.000000000e+00 0.000000000e+00 0.000000000e+00 
0.000000000e+00 0.000000000e+00 0.000000000e+00 0.000000000e+00 0.000000000e+00 
0.000000000e+00 0.000000000e+00 0.000000000e+00 3.231736922e-10 2.274265982e-09 
1.491191583e-08 8.919780303e-08 4.664527343e-07 1.992736794e-06 6.462420492e-06 
1.466409846e-05 2.309125194e-05 4.080462883e-05 1.542430242e-04 6.903633550e-04 
2.463456776e-03 6.970666987e-03 1.628225682e-02 3.225957913e-02 5.456900800e-02 
7.866155195e-02 9.726246740e-02 1.053510897e-01 1.025120945e-01 9.122045426e-02 
7.474779490e-02 5.618900116e-02 3.818821576e-02 2.289671983e-02 1.183143757e-02 
5.337285180e-03 2.302675048e-03 8.254378266e-04 1.293278833e-04 2.150752483e-05 
4.809677943e-06 1.129698251e-06 2.505798649e-07 5.152748130e-08 9.837372570e-09 
1.751558985e-09 2.921695739e-10 0.000000000e+00 0.000000000e+00 0.000000000e+00 
0.000000000e+00 0.000000000e+00 0.000000000e+00 0.000000000e+00 0.000000000e+00 
0.000000000e+00 0.000000000e+00 0.000000000e+00 0.000000000e+00 0.000000000e+00 
0.000000000e+00 0.000000000e+00 0.000000000e+00 0.000000000e+00 0.000000000e+00 
0.000000000e+00 0.000000000e+00 0.000000000e+00 0.000000000e+00 0.000000000e+00 
0.000000000e+00 0.000000000e+00 0.000000000e+00 0.000000000e+00 0.000000000e+00 
0.000000000e+00 0.000000000e+00 0.000000000e+00 0.000000000e+00 0.000000000e+00 
0.000000000e+00 0.000000000e+00 0.000000000e+00 0.000000000e+00 0.000000000e+00 
0.000000000e+00 0.000000000e+00 0.000000000e+00 0.000000000e+00 0.000000000e+00 
0.000000000e+00 0.000000000e+00 0.000000000e+00 0.000000000e+00 0.000000000e+00 
0.000000000e+00 0.000000000e+00 0.000000000e+00 0.000000000e+00 0.000000000e+00 
0.000000000e+00 0.000000000e+00 0.000000000e+00 0.000000000e+00 0.000000000e+00 
0.000000000e+00 0.000000000e+00 0.000000000e+00 0.000000000e+00 0.000000000e+00 
0.000000000e+00 0.000000000e+00 0.000000000e+00 0.000000000e+00 0.000000000e+00 
0.000000000e+00 0.000000000e+00 0.000000000e+00 0.000000000e+00 0.000000000e+00 
0.000000000e+00 0.000000000e+00 0.000000000e+00 0.000000000e+00 0.000000000e+00 
0.000000000e+00 0.000000000e+00 0.000000000e+00 0.000000000e+00 0.000000000e+00 
massfraction-HO2
0.000000000e+00 0.000000000e+00 0.000000000e+00 0.000000000e+00 0.000000000e+00 
0.000000000e+00 0.000000000e+00 0.000000000e+00 0.000000000e+00 0.000000000e+00 
0.000000000e+00 0.000000000e+00 0.000000000e+00 0.000000000e+00 0.000000000e+00 
0.000000000e+00 0.000000000e+00 0.000000000e+00 0.000000000e+00 0.000000000e+00 
0.000000000e+00 0.000000000e+00 0.000000000e+00 0.000000000e+00 0.000000000e+00 
0.000000000e+00 0.000000000e+00 0.000000000e+00 0.000000000e+00 0.000000000e+00 
0.000000000e+00 0.000000000e+00 0.000000000e+00 0.000000000e+00 0.000000000e+00 
0.000000000e+00 0.000000000e+00 0.000000000e+00 0.000000000e+00 4.594603637e-10 
3.001581976e-09 1.756424832e-08 8.844359896e-08 3.574835933e-07 1.072953419e-06 
2.307421616e-06 3.661143628e-06 4.599223713e-06 4.951212163e-06 4.951687817e-06 
5.056402115e-06 5.805845471e-06 7.860819868e-06 1.213515306e-05 1.962637298e-05 
3.050026007e-05 4.293160283e-05 5.373099901e-05 6.045991942e-05 6.276815739e-05 
6.252168279e-05 6.292447493e-05 6.727860937e-05 7.920942034e-05 1.067572977e-04 
1.737108324e-04 3.255483265e-04 4.770691564e-04 3.081256603e-04 6.287219241e-05 
1.069017241e-05 1.786995793e-06 2.785380875e-07 3.990426867e-08 5.269703168e-09 
6.451554521e-10 0.000000000e+00 0.000000000e+00 0.000000000e+00 0.000000000e+00 
0.000000000e+00 0.000000000e+00 0.000000000e+00 0.000000000e+00 0.000000000e+00 
0.000000000e+00 0.000000000e+00 0.000000000e+00 0.000000000e+00 0.000000000e+00 
0.000000000e+00 0.000000000e+00 0.000000000e+00 0.000000000e+00 0.000000000e+00 
0.000000000e+00 0.000000000e+00 0.000000000e+00 0.000000000e+00 0.000000000e+00 
0.000000000e+00 0.000000000e+00 0.000000000e+00 0.000000000e+00 0.000000000e+00 
0.000000000e+00 0.000000000e+00 0.000000000e+00 0.000000000e+00 0.000000000e+00 
0.000000000e+00 0.000000000e+00 0.000000000e+00 0.000000000e+00 0.000000000e+00 
0.000000000e+00 0.000000000e+00 0.000000000e+00 0.000000000e+00 0.000000000e+00 
0.000000000e+00 0.000000000e+00 0.000000000e+00 0.000000000e+00 0.000000000e+00 
0.000000000e+00 0.000000000e+00 0.000000000e+00 0.000000000e+00 0.000000000e+00 
0.000000000e+00 0.000000000e+00 0.000000000e+00 0.000000000e+00 0.000000000e+00 
0.000000000e+00 0.000000000e+00 0.000000000e+00 0.000000000e+00 0.000000000e+00 
0.000000000e+00 0.000000000e+00 0.000000000e+00 0.000000000e+00 0.000000000e+00 
0.000000000e+00 0.000000000e+00 0.000000000e+00 0.000000000e+00 0.000000000e+00 
0.000000000e+00 0.000000000e+00 0.000000000e+00 0.000000000e+00 0.000000000e+00 
0.000000000e+00 0.000000000e+00 0.000000000e+00 0.000000000e+00 0.000000000e+00 
massfraction-H2O
0.000000000e+00 0.000000000e+00 0.000000000e+00 0.000000000e+00 0.000000000e+00 
0.000000000e+00 0.000000000e+00 0.000000000e+00 0.000000000e+00 0.000000000e+00 
0.000000000e+00 0.000000000e+00 0.000000000e+00 0.000000000e+00 0.000000000e+00 
0.000000000e+00 0.000000000e+00 0.000000000e+00 0.000000000e+00 0.000000000e+00 
0.000000000e+00 0.000000000e+00 0.000000000e+00 0.000000000e+00 0.000000000e+00 
0.000000000e+00 0.000000000e+00 0.000000000e+00 0.000000000e+00 0.000000000e+00 
0.000000000e+00 0.000000000e+00 0.000000000e+00 0.000000000e+00 7.473636226e-10 
6.704904762e-09 5.661605380e-08 4.477776480e-07 3.298568610e-06 2.247871580e-05 
1.404067548e-04 7.919404418e-04 3.923740446e-03 1.628177044e-02 5.344401242e-02 
1.345216911e-01 2.627147260e-01 4.149986142e-01 5.595213718e-01 6.769915444e-01 
7.631619120e-01 8.205763804e-01 8.512856299e-01 8.536282150e-01 8.237913014e-01 
7.608460445e-01 6.721182369e-01 5.714486351e-01 4.716283199e-01 3.802585207e-01 
3.004168549e-01 2.325140399e-01 1.756080654e-01 1.281559592e-01 8.867565296e-02 
5.665623307e-02 3.252680755e-02 1.587025346e-02 5.724443625e-03 1.494413047e-03 
3.185727268e-04 5.980892101e-05 1.015843337e-05 1.579303347e-06 2.264729727e-07 
3.014154664e-08 3.742962289e-09 4.356910684e-10 0.000000000e+00 0.000000000e+00 
0.000000000e+00 0.000000000e+00 0.000000000e+00 0.000000000e+00 0.000000000e+00 
0.000000000e+00 0.000000000e+00 0.000000000e+00 0.000000000e+00 0.000000000e+00 
0.000000000e+00 0.000000000e+00 0.000000000e+00 0.000000000e+00 0.000000000e+00 
0.000000000e+00 0.000000000e+00 0.000000000e+00 0.000000000e+00 0.000000000e+00 
0.000000000e+00 0.000000000e+00 0.000000000e+00 0.000000000e+00 0.000000000e+00 
0.000000000e+00 0.000000000e+00 0.000000000e+00 0.000000000e+00 0.000000000e+00 
0.000000000e+00 0.000000000e+00 0.000000000e+00 0.000000000e+00 0.000000000e+00 
0.000000000e+00 0.000000000e+00 0.000000000e+00 0.000000000e+00 0.000000000e+00 
0.000000000e+00 0.000000000e+00 0.000000000e+00 0.000000000e+00 0.000000000e+00 
0.000000000e+00 0.000000000e+00 0.000000000e+00 0.000000000e+00 0.000000000e+00 
0.000000000e+00 0.000000000e+00 0.000000000e+00 0.000000000e+00 0.000000000e+00 
0.000000000e+00 0.000000000e+00 0.000000000e+00 0.000000000e+00 0.000000000e+00 
0.000000000e+00 0.000000000e+00 0.000000000e+00 0.000000000e+00 0.000000000e+00 
0.000000000e+00 0.000000000e+00 0.000000000e+00 0.000000000e+00 0.000000000e+00 
0.000000000e+00 0.000000000e+00 0.000000000e+00 0.000000000e+00 0.000000000e+00 
0.000000000e+00 0.000000000e+00 0.000000000e+00 0.000000000e+00 0.000000000e+00 
massfraction-H2O2
0.000000000e+00 0.000000000e+00 0.000000000e+00 0.000000000e+00 0.000000000e+00 
0.000000000e+00 0.000000000e+00 0.000000000e+00 0.000000000e+00 0.000000000e+00 
0.000000000e+00 0.000000000e+00 0.000000000e+00 0.000000000e+00 0.000000000e+00 
0.000000000e+00 0.000000000e+00 0.000000000e+00 0.000000000e+00 0.000000000e+00 
0.000000000e+00 0.000000000e+00 0.000000000e+00 0.000000000e+00 0.000000000e+00 
0.000000000e+00 0.000000000e+00 0.000000000e+00 0.000000000e+00 0.000000000e+00 
0.000000000e+00 0.000000000e+00 0.000000000e+00 0.000000000e+00 0.000000000e+00 
0.000000000e+00 0.000000000e+00 0.000000000e+00 0.000000000e+00 0.000000000e+00 
0.000000000e+00 0.000000000e+00 2.138325072e-10 8.817630454e-10 2.466048220e-09 
3.968373638e-09 4.425634424e-09 7.689397968e-09 2.532076678e-08 1.052988830e-07 
4.299962817e-07 1.473562375e-06 3.904778561e-06 7.952673654e-06 1.298716472e-05 
1.777092005e-05 2.101794079e-05 2.228023410e-05 2.204938068e-05 2.106417896e-05 
1.985555004e-05 1.865732740e-05 1.743314997e-05 1.609545814e-05 1.558600489e-05 
2.050645560e-05 3.774034990e-05 5.248061614e-05 3.470918401e-05 1.021919551e-05 
2.094001750e-06 3.650603283e-07 5.705312693e-08 8.133214008e-09 1.067423693e-09 
1.298480157e-10 0.000000000e+00 0.000000000e+00 0.000000000e+00 0.000000000e+00 
0.000000000e+00 0.000000000e+00 0.000000000e+00 0.000000000e+00 0.000000000e+00 
0.000000000e+00 0.000000000e+00 0.000000000e+00 0.000000000e+00 0.000000000e+00 
0.000000000e+00 0.000000000e+00 0.000000000e+00 0.000000000e+00 0.000000000e+00 
0.000000000e+00 0.000000000e+00 0.000000000e+00 0.000000000e+00 0.000000000e+00 
0.000000000e+00 0.000000000e+00 0.000000000e+00 0.000000000e+00 0.000000000e+00 
0.000000000e+00 0.000000000e+00 0.000000000e+00 0.000000000e+00 0.000000000e+00 
0.000000000e+00 0.000000000e+00 0.000000000e+00 0.000000000e+00 0.000000000e+00 
0.000000000e+00 0.000000000e+00 0.000000000e+00 0.000000000e+00 0.000000000e+00 
0.000000000e+00 0.000000000e+00 0.000000000e+00 0.000000000e+00 0.000000000e+00 
0.000000000e+00 0.000000000e+00 0.000000000e+00 0.000000000e+00 0.000000000e+00 
0.000000000e+00 0.000000000e+00 0.000000000e+00 0.000000000e+00 0.000000000e+00 
0.000000000e+00 0.000000000e+00 0.000000000e+00 0.000000000e+00 0.000000000e+00 
0.000000000e+00 0.000000000e+00 0.000000000e+00 0.000000000e+00 0.000000000e+00 
0.000000000e+00 0.000000000e+00 0.000000000e+00 0.000000000e+00 0.000000000e+00 
0.000000000e+00 0.000000000e+00 0.000000000e+00 0.000000000e+00 0.000000000e+00 
0.000000000e+00 0.000000000e+00 0.000000000e+00 0.000000000e+00 0.000000000e+00 
PREMIX_CDOT
0.000000000e+00 1.017772756e-18 9.362475495e-19 8.611782907e-19 7.920007272e-19 
7.282088609e-19 6.693480255e-19 6.150088887e-19 5.648222411e-19 5.184544287e-19 
4.756029004e-19 4.359945145e-19 3.993805816e-19 3.655348431e-19 3.342511410e-19 
3.053413402e-19 2.786334902e-19 2.539701956e-19 2.312071684e-19 2.102119485e-19 
1.908628768e-19 1.730497403e-19 1.566948755e-19 1.420360083e-19 1.331783123e-19 
1.811463280e-19 8.799247283e-19 8.559200368e-18 7.717899761e-17 3.088805009e-16 
-1.083425762e-14 -4.525763322e-13 -1.206680288e-11 -2.692010859e-10 -5.314356385e-09 
-9.418105018e-08 -1.500476749e-06 -2.141001041e-05 -2.718022430e-04 -3.040322012e-03 
-2.948186474e-02 -2.397899614e-01 -1.525058747e+00 -6.715367556e+00 -1.813108456e+01 
-2.972454142e+01 -3.303603234e+01 -2.783716938e+01 -1.411258450e+01 2.231837254e+01 
1.216453523e+02 3.688076444e+02 9.138575254e+02 1.921832630e+03 3.316734019e+03 
4.544113903e+03 5.025723889e+03 4.836608287e+03 4.394024036e+03 3.917883092e+03 
3.426329993e+03 2.898045662e+03 2.335794395e+03 1.720436948e+03 9.384760096e+02 
6.072829419e+01 -2.100116459e+02 4.428625572e+01 2.359396198e+01 -1.588154275e+00 
-2.896019988e-01 -1.476882008e-02 -5.193367584e-04 -1.421547261e-05 -2.933442303e-07 
-3.295401490e-09 7.317296315e-11 6.874407322e-12 3.263052759e-13 1.279452238e-14 
4.545622696e-16 1.501031443e-17 4.632782609e-19 1.336703647e-20 3.604378682e-22 
9.086964766e-24 2.146156315e-25 4.746176006e-27 9.931532137e-29 1.924882438e-30 
3.682439733e-32 5.691203138e-34 1.574241986e-35 -4.156849678e-38 -1.619127417e-38 
1.821665434e-40 7.070077231e-41 -2.541559891e-42 8.483618515e-44 -7.294269201e-45 
-2.864772475e-46 -1.860538202e-47 2.754232564e-51 -3.369004475e-50 -1.984372400e-51 
-5.499106452e-53 -6.605510669e-54 1.298419990e-55 6.531771099e-57 5.747989700e-58 
8.561017650e-60 2.025655825e-61 -2.878252130e-62 -3.000753293e-64 2.134178828e-65 
-9.146131606e-67 1.267542935e-67 7.241490262e-69 8.194769627e-70 9.744957579e-71 
1.123694605e-71 1.281930455e-72 1.468402040e-73 1.787933033e-74 3.420625424e-75 
1.816156947e-75 1.639717320e-75 1.620489699e-75 1.618412427e-75 1.618189873e-75 
1.618166221e-75 1.618163726e-75 1.618163465e-75 1.618163438e-75 1.618163435e-75 
1.618163435e-75 1.618163435e-75 1.618163435e-75 1.618163435e-75 1.618163435e-75 
1.618163435e-75 1.618163435e-75 1.618163435e-75 1.618163435e-75 1.618163435e-75 
1.618163435e-75 1.618163435e-75 1.618163435e-75 1.618163435e-75 1.618163435e-75 
1.618163435e-75 1.618163435e-75 1.618163435e-75 1.618163435e-75 1.618163435e-75 
1.618163435e-75 1.618163435e-75 1.618163435e-75 1.618163435e-75 0.000000000e+00 

