HEADER
PREMIX_CHI 0.0000
C  0.335782
NUMOFSPECIES  13
GRIDPOINTS 160
PRESSURE 101325.00
BODY
MIXTURE_FRACTION
1.000000000e+00 9.999999990e-01 1.000000000e+00 9.999999990e-01 1.000000000e+00 
9.999999990e-01 1.000000000e+00 9.999999990e-01 1.000000000e+00 9.999999990e-01 
1.000000000e+00 9.999999990e-01 1.000000000e+00 9.999999990e-01 1.000000000e+00 
9.999999990e-01 1.000000000e+00 9.999999990e-01 1.000000000e+00 9.999999990e-01 
1.000000000e+00 9.999999990e-01 1.000000000e+00 9.999999990e-01 1.000000000e+00 
9.999999990e-01 1.000000000e+00 1.000000000e+00 1.000000000e+00 1.000000000e+00 
1.000000000e+00 1.000000000e+00 1.000000000e+00 9.999999999e-01 9.999999995e-01 
9.999999962e-01 9.999999721e-01 9.999998046e-01 9.999987094e-01 9.999920020e-01 
9.999537832e-01 9.997529427e-01 9.987916956e-01 9.946888554e-01 9.796614644e-01 
9.354480012e-01 8.396707504e-01 6.960969139e-01 5.433248798e-01 4.142765963e-01 
3.166227119e-01 2.449183804e-01 1.917498449e-01 1.515907774e-01 1.205493078e-01 
9.595511093e-02 7.603082403e-02 5.963922292e-02 4.608035950e-02 3.492480597e-02 
2.587954745e-02 1.869141421e-02 1.309642236e-02 8.817275073e-03 5.597231127e-03 
3.250134563e-03 1.685806184e-03 8.046104483e-04 3.707951704e-04 1.663158753e-04 
7.201244345e-05 2.991543697e-05 1.189513603e-05 4.526712109e-06 1.650270638e-06 
5.771571786e-07 1.939385523e-07 6.270888436e-08 1.954019946e-08 5.875875766e-09 
1.707401867e-09 4.800234481e-10 1.307274575e-10 3.452511794e-11 8.851730258e-12 
2.205376560e-12 5.344584699e-13 1.261004423e-13 2.899123956e-14 6.500147984e-15 
1.422422679e-15 3.040260580e-16 6.351605824e-17 1.297919656e-17 2.595927338e-18 
5.085051734e-19 9.761656234e-20 1.837529328e-20 3.393718622e-21 6.153010952e-22 
1.095724261e-22 1.917522308e-23 3.299299989e-24 5.584128007e-25 9.301322678e-26 
1.525413105e-26 2.464198238e-27 3.922797457e-28 6.156442587e-29 9.529154384e-30 
1.455264198e-30 2.193614901e-31 3.264931395e-32 4.800020624e-33 6.973071654e-34 
1.001314026e-34 1.421777102e-35 1.996891959e-36 2.775129807e-37 3.817321698e-38 
5.198994127e-39 7.012951768e-40 9.372097198e-41 1.241247207e-41 1.629649997e-42 
2.121640875e-43 2.739780953e-44 3.510341230e-45 4.463686327e-46 5.634669812e-47 
7.063041767e-48 8.793870896e-49 1.087798540e-49 1.337243920e-50 1.634101281e-51 
1.985476099e-52 2.399262286e-53 2.884211351e-54 3.450012049e-55 4.107383250e-56 
4.868183308e-57 5.745539698e-58 6.754003385e-59 7.909733080e-60 9.230715432e-61 
1.073702825e-61 1.245115510e-62 1.439836123e-63 1.660714258e-64 1.910976214e-65 
2.194289065e-66 2.514837219e-67 2.877413648e-68 3.287525472e-69 3.751483335e-70 
4.276135638e-71 4.864816692e-72 5.475148183e-73 5.595024056e-74 0.000000000e+00 
PROGRESS VARIABLE
7.769015290e-22 7.769208111e-22 7.769398849e-22 7.769587714e-22 7.769774912e-22 
7.769960675e-22 7.770145414e-22 7.770330802e-22 7.770526853e-22 7.770798311e-22 
7.771566078e-22 7.775547752e-22 7.800124008e-22 7.955268122e-22 8.928677317e-22 
1.496607149e-21 5.191949323e-21 2.748708721e-20 1.599344531e-19 9.338160542e-19 
5.376142448e-18 3.039928338e-17 1.685462727e-16 9.151024279e-16 4.859100922e-15 
2.520012090e-14 1.274715465e-13 6.280132664e-13 3.009050968e-12 1.400042236e-11 
6.316121780e-11 2.758930636e-10 1.165481158e-09 4.758786431e-09 1.879369241e-08 
7.201354231e-08 2.697379116e-07 1.001520763e-06 3.763889262e-06 1.463938028e-05 
5.953987603e-05 2.498957414e-04 1.045197347e-03 4.156578380e-03 1.486194622e-02 
4.461779600e-02 1.048599806e-01 1.868769711e-01 2.616480348e-01 3.098075412e-01 
3.315983061e-01 3.357816551e-01 3.300491369e-01 3.183847616e-01 3.019959217e-01 
2.805542907e-01 2.534120798e-01 2.206069727e-01 1.834634913e-01 1.446115036e-01 
1.073989090e-01 7.493846193e-02 4.918050824e-02 3.038459756e-02 1.737710473e-02 
8.690397223e-03 3.456588778e-03 1.017872109e-03 2.402741894e-04 4.980824623e-05 
9.430816694e-06 1.660291722e-06 2.747922192e-07 4.313422556e-08 6.472009469e-09 
9.349169948e-10 1.308582605e-10 1.784143506e-11 2.378812981e-12 3.108972470e-13 
3.986355634e-14 5.012964574e-15 6.175823066e-16 7.443065172e-17 8.762800627e-18 
1.006566340e-18 1.127108229e-19 1.229637484e-20 1.306704050e-21 1.352632043e-22 
1.364226639e-23 1.341114024e-24 1.285676650e-25 1.202626197e-26 1.098318192e-27 
9.799438877e-29 8.547350787e-30 7.292918285e-31 6.091023201e-32 4.982796576e-33 
3.995020150e-34 3.141158366e-35 2.423486764e-36 1.835773011e-37 1.366045008e-38 
9.991063103e-40 7.185963585e-41 5.085154268e-42 3.542270996e-43 2.430102016e-44 
1.642604329e-45 1.094465896e-46 7.191543280e-48 4.662054204e-49 2.982963213e-50 
1.884557246e-51 1.176069158e-52 7.252465453e-54 4.421107980e-55 2.665194815e-56 
1.589408329e-57 9.380019562e-59 5.480039649e-60 3.170460822e-61 1.817038286e-62 
1.031930376e-63 5.809255623e-65 3.242732510e-66 1.795381922e-67 9.862569215e-69 
5.377014050e-70 2.910306025e-71 1.564260968e-72 8.351756361e-74 4.430658185e-75 
2.336198856e-76 1.225066058e-77 6.427331800e-79 3.725287986e-80 5.653987591e-81 
3.830361323e-81 3.544731077e-81 3.339040205e-81 3.138307787e-81 2.938642552e-81 
2.739791651e-81 2.541688633e-81 2.344277459e-81 2.147503490e-81 1.951312956e-81 
1.755652860e-81 1.560470893e-81 1.365715370e-81 1.171335154e-81 9.772795911e-82 
7.834984383e-82 5.899418022e-82 3.965600715e-82 2.033038537e-82 0.000000000e+00 
TEMPERATURE
3.000000000e+02 3.000000000e+02 3.000000000e+02 3.000000000e+02 3.000000000e+02 
3.000000000e+02 3.000000000e+02 3.000000000e+02 3.000000000e+02 3.000000000e+02 
3.000000000e+02 3.000000000e+02 3.000000000e+02 3.000000000e+02 3.000000000e+02 
3.000000000e+02 3.000000000e+02 3.000000000e+02 3.000000000e+02 3.000000000e+02 
3.000000000e+02 3.000000000e+02 3.000000000e+02 3.000000000e+02 3.000000000e+02 
3.000000000e+02 3.000000000e+02 3.000000000e+02 3.000000000e+02 3.000000000e+02 
3.000000001e+02 3.000000004e+02 3.000000022e+02 3.000000112e+02 3.000000553e+02 
3.000002605e+02 3.000011703e+02 3.000049983e+02 3.000202261e+02 3.000772557e+02 
3.002773442e+02 3.009310177e+02 3.029030694e+02 3.083280680e+02 3.216607991e+02 
3.500566037e+02 4.007788415e+02 4.760199107e+02 5.717083943e+02 6.812679510e+02 
7.979478280e+02 9.156084150e+02 1.027911231e+03 1.129795491e+03 1.216585642e+03 
1.283656519e+03 1.326575695e+03 1.341549957e+03 1.325957387e+03 1.278726540e+03 
1.200457576e+03 1.093403293e+03 9.616584516e+02 8.119157286e+02 6.539987817e+02 
5.030975928e+02 3.860329319e+02 3.259695689e+02 3.061872339e+02 3.012767318e+02 
3.002381130e+02 3.000408597e+02 3.000065111e+02 3.000009695e+02 3.000001355e+02 
3.000000179e+02 3.000000022e+02 3.000000003e+02 3.000000000e+02 3.000000000e+02 
3.000000000e+02 3.000000000e+02 3.000000000e+02 3.000000000e+02 3.000000000e+02 
3.000000000e+02 3.000000000e+02 3.000000000e+02 3.000000000e+02 3.000000000e+02 
3.000000000e+02 3.000000000e+02 3.000000000e+02 3.000000000e+02 3.000000000e+02 
3.000000000e+02 3.000000000e+02 3.000000000e+02 3.000000000e+02 3.000000000e+02 
3.000000000e+02 3.000000000e+02 3.000000000e+02 3.000000000e+02 3.000000000e+02 
3.000000000e+02 3.000000000e+02 3.000000000e+02 3.000000000e+02 3.000000000e+02 
3.000000000e+02 3.000000000e+02 3.000000000e+02 3.000000000e+02 3.000000000e+02 
3.000000000e+02 3.000000000e+02 3.000000000e+02 3.000000000e+02 3.000000000e+02 
3.000000000e+02 3.000000000e+02 3.000000000e+02 3.000000000e+02 3.000000000e+02 
3.000000000e+02 3.000000000e+02 3.000000000e+02 3.000000000e+02 3.000000000e+02 
3.000000000e+02 3.000000000e+02 3.000000000e+02 3.000000000e+02 3.000000000e+02 
3.000000000e+02 3.000000000e+02 3.000000000e+02 3.000000000e+02 3.000000000e+02 
3.000000000e+02 3.000000000e+02 3.000000000e+02 3.000000000e+02 3.000000000e+02 
3.000000000e+02 3.000000000e+02 3.000000000e+02 3.000000000e+02 3.000000000e+02 
3.000000000e+02 3.000000000e+02 3.000000000e+02 3.000000000e+02 3.000000000e+02 
3.000000000e+02 3.000000000e+02 3.000000000e+02 3.000000000e+02 3.000000000e+02 
Cp
1.432478610e+04 1.432478610e+04 1.432478610e+04 1.432478610e+04 1.432478610e+04 
1.432478610e+04 1.432478610e+04 1.432478610e+04 1.432478610e+04 1.432478610e+04 
1.432478610e+04 1.432478610e+04 1.432478610e+04 1.432478610e+04 1.432478610e+04 
1.432478610e+04 1.432478610e+04 1.432478610e+04 1.432478610e+04 1.432478610e+04 
1.432478610e+04 1.432478610e+04 1.432478610e+04 1.432478610e+04 1.432478610e+04 
1.432478610e+04 1.432478610e+04 1.432478610e+04 1.432478610e+04 1.432478610e+04 
1.432478611e+04 1.432478611e+04 1.432478612e+04 1.432478615e+04 1.432478629e+04 
1.432478687e+04 1.432478899e+04 1.432479607e+04 1.432481536e+04 1.432484292e+04 
1.432471301e+04 1.432317781e+04 1.431348611e+04 1.426627029e+04 1.408054456e+04 
1.351101620e+04 1.224585064e+04 1.032133123e+04 8.263080039e+03 6.535642525e+03 
5.254539146e+03 4.342467592e+03 3.684113619e+03 3.182960022e+03 2.786465009e+03 
2.463560207e+03 2.193891941e+03 1.964932955e+03 1.769526153e+03 1.603687654e+03 
1.464748858e+03 1.350050192e+03 1.255844217e+03 1.168878636e+03 1.086164617e+03 
1.013888077e+03 9.615226809e+02 9.340715250e+02 9.231869485e+02 9.191935039e+02 
9.176646576e+02 9.170500114e+02 9.167996497e+02 9.166994419e+02 9.166606617e+02 
9.166462432e+02 9.166411010e+02 9.166393409e+02 9.166387620e+02 9.166385788e+02 
9.166385229e+02 9.166385065e+02 9.166385018e+02 9.166385005e+02 9.166385002e+02 
9.166385001e+02 9.166385001e+02 9.166385000e+02 9.166385000e+02 9.166385000e+02 
9.166385000e+02 9.166385000e+02 9.166385000e+02 9.166385000e+02 9.166385000e+02 
9.166385000e+02 9.166385000e+02 9.166385000e+02 9.166385000e+02 9.166385000e+02 
9.166385000e+02 9.166385000e+02 9.166385000e+02 9.166385000e+02 9.166385000e+02 
9.166385000e+02 9.166385000e+02 9.166385000e+02 9.166385000e+02 9.166385000e+02 
9.166385000e+02 9.166385000e+02 9.166385000e+02 9.166385000e+02 9.166385000e+02 
9.166385000e+02 9.166385000e+02 9.166385000e+02 9.166385000e+02 9.166385000e+02 
9.166385000e+02 9.166385000e+02 9.166385000e+02 9.166385000e+02 9.166385000e+02 
9.166385000e+02 9.166385000e+02 9.166385000e+02 9.166385000e+02 9.166385000e+02 
9.166385000e+02 9.166385000e+02 9.166385000e+02 9.166385000e+02 9.166385000e+02 
9.166385000e+02 9.166385000e+02 9.166385000e+02 9.166385000e+02 9.166385000e+02 
9.166385000e+02 9.166385000e+02 9.166385000e+02 9.166385000e+02 9.166385000e+02 
9.166385000e+02 9.166385000e+02 9.166385000e+02 9.166385000e+02 9.166385000e+02 
9.166385000e+02 9.166385000e+02 9.166385000e+02 9.166385000e+02 9.166385000e+02 
9.166385000e+02 9.166385000e+02 9.166385000e+02 9.166385000e+02 9.166385000e+02 
MMW
2.015880000e+00 2.015880000e+00 2.015880000e+00 2.015880000e+00 2.015880000e+00 
2.015880000e+00 2.015880000e+00 2.015880000e+00 2.015880000e+00 2.015880000e+00 
2.015880000e+00 2.015880000e+00 2.015880000e+00 2.015880000e+00 2.015880000e+00 
2.015880000e+00 2.015880000e+00 2.015880000e+00 2.015880000e+00 2.015880000e+00 
2.015880000e+00 2.015880000e+00 2.015880000e+00 2.015880000e+00 2.015880000e+00 
2.015880000e+00 2.015880000e+00 2.015880000e+00 2.015880000e+00 2.015880000e+00 
2.015880000e+00 2.015879999e+00 2.015879998e+00 2.015879991e+00 2.015879964e+00 
2.015879869e+00 2.015879557e+00 2.015878677e+00 2.015876969e+00 2.015878484e+00 
2.015920358e+00 2.016226294e+00 2.017896033e+00 2.025493855e+00 2.054651333e+00 
2.146848991e+00 2.379616547e+00 2.842488333e+00 3.583194425e+00 4.588968874e+00 
5.815365712e+00 7.219497292e+00 8.775387512e+00 1.045895966e+01 1.225010146e+01 
1.413215692e+01 1.608772719e+01 1.809324161e+01 2.011510517e+01 2.210845125e+01 
2.401871076e+01 2.578720620e+01 2.736204165e+01 2.871090465e+01 2.982308662e+01 
3.068942265e+01 3.128981421e+01 3.164296267e+01 3.182865851e+01 3.192094338e+01 
3.196476878e+01 3.198460373e+01 3.199314531e+01 3.199664657e+01 3.199801472e+01 
3.199852533e+01 3.199870770e+01 3.199877016e+01 3.199879070e+01 3.199879720e+01 
3.199879919e+01 3.199879977e+01 3.199879994e+01 3.199879998e+01 3.199880000e+01 
3.199880000e+01 3.199880000e+01 3.199880000e+01 3.199880000e+01 3.199880000e+01 
3.199880000e+01 3.199880000e+01 3.199880000e+01 3.199880000e+01 3.199880000e+01 
3.199880000e+01 3.199880000e+01 3.199880000e+01 3.199880000e+01 3.199880000e+01 
3.199880000e+01 3.199880000e+01 3.199880000e+01 3.199880000e+01 3.199880000e+01 
3.199880000e+01 3.199880000e+01 3.199880000e+01 3.199880000e+01 3.199880000e+01 
3.199880000e+01 3.199880000e+01 3.199880000e+01 3.199880000e+01 3.199880000e+01 
3.199880000e+01 3.199880000e+01 3.199880000e+01 3.199880000e+01 3.199880000e+01 
3.199880000e+01 3.199880000e+01 3.199880000e+01 3.199880000e+01 3.199880000e+01 
3.199880000e+01 3.199880000e+01 3.199880000e+01 3.199880000e+01 3.199880000e+01 
3.199880000e+01 3.199880000e+01 3.199880000e+01 3.199880000e+01 3.199880000e+01 
3.199880000e+01 3.199880000e+01 3.199880000e+01 3.199880000e+01 3.199880000e+01 
3.199880000e+01 3.199880000e+01 3.199880000e+01 3.199880000e+01 3.199880000e+01 
3.199880000e+01 3.199880000e+01 3.199880000e+01 3.199880000e+01 3.199880000e+01 
3.199880000e+01 3.199880000e+01 3.199880000e+01 3.199880000e+01 3.199880000e+01 
3.199880000e+01 3.199880000e+01 3.199880000e+01 3.199880000e+01 3.199880000e+01 
rho
8.188905810e-02 8.188905810e-02 8.188905810e-02 8.188905810e-02 8.188905810e-02 
8.188905810e-02 8.188905810e-02 8.188905810e-02 8.188905810e-02 8.188905810e-02 
8.188905810e-02 8.188905810e-02 8.188905810e-02 8.188905810e-02 8.188905810e-02 
8.188905810e-02 8.188905810e-02 8.188905810e-02 8.188905810e-02 8.188905810e-02 
8.188905810e-02 8.188905810e-02 8.188905810e-02 8.188905810e-02 8.188905810e-02 
8.188905810e-02 8.188905810e-02 8.188905810e-02 8.188905810e-02 8.188905810e-02 
8.188905808e-02 8.188905797e-02 8.188905741e-02 8.188905466e-02 8.188904154e-02 
8.188898166e-02 8.188872065e-02 8.188764004e-02 8.188341438e-02 8.186791397e-02 
8.181506109e-02 8.164973410e-02 8.118533122e-02 8.005718639e-02 7.784351750e-02 
7.473872365e-02 7.235768256e-02 7.277061189e-02 7.637975468e-02 8.208798734e-02 
8.881472778e-02 9.609031937e-02 1.040382759e-01 1.128161060e-01 1.227098580e-01 
1.341658773e-01 1.477900212e-01 1.643584312e-01 1.848737263e-01 2.106993014e-01 
2.438289846e-01 2.874129748e-01 3.467449153e-01 4.309415572e-01 5.557226589e-01 
7.433937976e-01 9.877819448e-01 1.182993982e+00 1.266816495e+00 1.291197215e+00 
1.297442739e+00 1.299101331e+00 1.299597037e+00 1.299763271e+00 1.299822461e+00 
1.299843713e+00 1.299851189e+00 1.299853734e+00 1.299854570e+00 1.299854834e+00 
1.299854915e+00 1.299854939e+00 1.299854945e+00 1.299854947e+00 1.299854948e+00 
1.299854948e+00 1.299854948e+00 1.299854948e+00 1.299854948e+00 1.299854948e+00 
1.299854948e+00 1.299854948e+00 1.299854948e+00 1.299854948e+00 1.299854948e+00 
1.299854948e+00 1.299854948e+00 1.299854948e+00 1.299854948e+00 1.299854948e+00 
1.299854948e+00 1.299854948e+00 1.299854948e+00 1.299854948e+00 1.299854948e+00 
1.299854948e+00 1.299854948e+00 1.299854948e+00 1.299854948e+00 1.299854948e+00 
1.299854948e+00 1.299854948e+00 1.299854948e+00 1.299854948e+00 1.299854948e+00 
1.299854948e+00 1.299854948e+00 1.299854948e+00 1.299854948e+00 1.299854948e+00 
1.299854948e+00 1.299854948e+00 1.299854948e+00 1.299854948e+00 1.299854948e+00 
1.299854948e+00 1.299854948e+00 1.299854948e+00 1.299854948e+00 1.299854948e+00 
1.299854948e+00 1.299854948e+00 1.299854948e+00 1.299854948e+00 1.299854948e+00 
1.299854948e+00 1.299854948e+00 1.299854948e+00 1.299854948e+00 1.299854948e+00 
1.299854948e+00 1.299854948e+00 1.299854948e+00 1.299854948e+00 1.299854948e+00 
1.299854948e+00 1.299854948e+00 1.299854948e+00 1.299854948e+00 1.299854948e+00 
1.299854948e+00 1.299854948e+00 1.299854948e+00 1.299854948e+00 1.299854948e+00 
1.299854948e+00 1.299854948e+00 1.299854948e+00 1.299854948e+00 1.299854948e+00 
mu
9.000028555e-06 9.000028555e-06 9.000028555e-06 9.000028555e-06 9.000028555e-06 
9.000028555e-06 9.000028555e-06 9.000028555e-06 9.000028555e-06 9.000028555e-06 
9.000028555e-06 9.000028555e-06 9.000028555e-06 9.000028555e-06 9.000028555e-06 
9.000028555e-06 9.000028555e-06 9.000028555e-06 9.000028555e-06 9.000028555e-06 
9.000028555e-06 9.000028555e-06 9.000028555e-06 9.000028555e-06 9.000028555e-06 
9.000028555e-06 9.000028555e-06 9.000028555e-06 9.000028555e-06 9.000028555e-06 
9.000028556e-06 9.000028563e-06 9.000028599e-06 9.000028783e-06 9.000029671e-06 
9.000033798e-06 9.000052065e-06 9.000128920e-06 9.000435214e-06 9.001587458e-06 
9.005663642e-06 9.019163996e-06 9.060772348e-06 9.178940257e-06 9.483188707e-06 
1.017727735e-05 1.154928439e-05 1.387273734e-05 1.725717068e-05 2.157849481e-05 
2.653744126e-05 3.178106348e-05 3.696762163e-05 4.181960555e-05 4.611695418e-05 
4.967950642e-05 5.235476240e-05 5.401930751e-05 5.459017951e-05 5.403388015e-05 
5.236315045e-05 4.962238977e-05 4.587543311e-05 4.121716912e-05 3.580422849e-05 
3.000779750e-05 2.490791505e-05 2.199429776e-05 2.097733295e-05 2.072060481e-05 
2.066651581e-05 2.065646695e-05 2.065482080e-05 2.065459866e-05 2.065458245e-05 
2.065458667e-05 2.065458957e-05 2.065459075e-05 2.065459115e-05 2.065459129e-05 
2.065459133e-05 2.065459134e-05 2.065459134e-05 2.065459134e-05 2.065459134e-05 
2.065459134e-05 2.065459134e-05 2.065459134e-05 2.065459134e-05 2.065459134e-05 
2.065459134e-05 2.065459134e-05 2.065459134e-05 2.065459134e-05 2.065459134e-05 
2.065459134e-05 2.065459134e-05 2.065459134e-05 2.065459134e-05 2.065459134e-05 
2.065459134e-05 2.065459134e-05 2.065459134e-05 2.065459134e-05 2.065459134e-05 
2.065459134e-05 2.065459134e-05 2.065459134e-05 2.065459134e-05 2.065459134e-05 
2.065459134e-05 2.065459134e-05 2.065459134e-05 2.065459134e-05 2.065459134e-05 
2.065459134e-05 2.065459134e-05 2.065459134e-05 2.065459134e-05 2.065459134e-05 
2.065459134e-05 2.065459134e-05 2.065459134e-05 2.065459134e-05 2.065459134e-05 
2.065459134e-05 2.065459134e-05 2.065459134e-05 2.065459134e-05 2.065459134e-05 
2.065459134e-05 2.065459134e-05 2.065459134e-05 2.065459134e-05 2.065459134e-05 
2.065459134e-05 2.065459134e-05 2.065459134e-05 2.065459134e-05 2.065459134e-05 
2.065459134e-05 2.065459134e-05 2.065459134e-05 2.065459134e-05 2.065459134e-05 
2.065459134e-05 2.065459134e-05 2.065459134e-05 2.065459134e-05 2.065459134e-05 
2.065459134e-05 2.065459134e-05 2.065459134e-05 2.065459134e-05 2.065459134e-05 
2.065459134e-05 2.065459134e-05 2.065459134e-05 2.065459134e-05 2.065459134e-05 
TC
1.868277014e-01 1.868277014e-01 1.868277014e-01 1.868277014e-01 1.868277014e-01 
1.868277014e-01 1.868277014e-01 1.868277014e-01 1.868277014e-01 1.868277014e-01 
1.868277014e-01 1.868277014e-01 1.868277014e-01 1.868277014e-01 1.868277014e-01 
1.868277014e-01 1.868277014e-01 1.868277014e-01 1.868277014e-01 1.868277014e-01 
1.868277014e-01 1.868277014e-01 1.868277014e-01 1.868277014e-01 1.868277014e-01 
1.868277014e-01 1.868277014e-01 1.868277014e-01 1.868277014e-01 1.868277014e-01 
1.868277015e-01 1.868277017e-01 1.868277026e-01 1.868277075e-01 1.868277304e-01 
1.868278348e-01 1.868282892e-01 1.868301700e-01 1.868375405e-01 1.868647238e-01 
1.869584125e-01 1.872573420e-01 1.881280739e-01 1.903909999e-01 1.954400121e-01 
2.045865394e-01 2.173927539e-01 2.314891727e-01 2.450397781e-01 2.573789635e-01 
2.677450316e-01 2.750369237e-01 2.779656407e-01 2.759329852e-01 2.687300380e-01 
2.564413325e-01 2.395031381e-01 2.187662500e-01 1.954358279e-01 1.708642528e-01 
1.462877922e-01 1.226331924e-01 1.004793728e-01 8.018225566e-02 6.203078866e-02 
4.656692100e-02 3.529668898e-02 2.955207730e-02 2.750227788e-02 2.686115467e-02 
2.665228622e-02 2.657756577e-02 2.654903203e-02 2.653794798e-02 2.653371198e-02 
2.653214486e-02 2.653158703e-02 2.653139623e-02 2.653133350e-02 2.653131364e-02 
2.653130759e-02 2.653130580e-02 2.653130530e-02 2.653130516e-02 2.653130512e-02 
2.653130511e-02 2.653130511e-02 2.653130511e-02 2.653130511e-02 2.653130511e-02 
2.653130511e-02 2.653130511e-02 2.653130511e-02 2.653130511e-02 2.653130511e-02 
2.653130511e-02 2.653130511e-02 2.653130511e-02 2.653130511e-02 2.653130511e-02 
2.653130511e-02 2.653130511e-02 2.653130511e-02 2.653130511e-02 2.653130511e-02 
2.653130511e-02 2.653130511e-02 2.653130511e-02 2.653130511e-02 2.653130511e-02 
2.653130511e-02 2.653130511e-02 2.653130511e-02 2.653130511e-02 2.653130511e-02 
2.653130511e-02 2.653130511e-02 2.653130511e-02 2.653130511e-02 2.653130511e-02 
2.653130511e-02 2.653130511e-02 2.653130511e-02 2.653130511e-02 2.653130511e-02 
2.653130511e-02 2.653130511e-02 2.653130511e-02 2.653130511e-02 2.653130511e-02 
2.653130511e-02 2.653130511e-02 2.653130511e-02 2.653130511e-02 2.653130511e-02 
2.653130511e-02 2.653130511e-02 2.653130511e-02 2.653130511e-02 2.653130511e-02 
2.653130511e-02 2.653130511e-02 2.653130511e-02 2.653130511e-02 2.653130511e-02 
2.653130511e-02 2.653130511e-02 2.653130511e-02 2.653130511e-02 2.653130511e-02 
2.653130511e-02 2.653130511e-02 2.653130511e-02 2.653130511e-02 2.653130511e-02 
2.653130511e-02 2.653130511e-02 2.653130511e-02 2.653130511e-02 2.653130511e-02 
net_rxn-H2
-2.043120864e-20 -2.018065941e-20 -1.993267597e-20 -1.968698760e-20 -1.944333241e-20 
-1.920145598e-20 -1.896111002e-20 -1.872205116e-20 -1.848403970e-20 -1.824683840e-20 
-1.801021131e-20 -1.777392253e-20 -1.753773502e-20 -1.730140946e-20 -1.706470481e-20 
-1.682739903e-20 -1.658953800e-20 -1.635422862e-20 -1.615828187e-20 -1.640208827e-20 
-2.133108179e-20 -7.501066514e-20 -6.247839182e-19 -6.106220278e-18 -5.941090889e-17 
-5.643904287e-16 -5.217391981e-15 -4.684724812e-14 -4.078430426e-13 -3.436015009e-12 
-2.795597590e-11 -2.191568904e-10 -1.650978146e-09 -1.191280477e-08 -8.197816717e-08 
-5.347156887e-07 -3.275061727e-06 -1.855250453e-05 -9.466398630e-05 -4.127333524e-04 
-1.336650582e-03 -1.238300815e-03 2.318756434e-02 2.121839285e-01 9.842924257e-01 
1.987247048e+00 -3.796061867e+00 -3.431040541e+01 -9.864750215e+01 -1.798905493e+02 
-2.669640648e+02 -3.865508519e+02 -5.920449893e+02 -9.276679959e+02 -1.381086933e+03 
-1.853052019e+03 -2.179318987e+03 -2.213730587e+03 -1.924184912e+03 -1.422626604e+03 
-8.966651958e+02 -4.927825355e+02 -2.440091000e+02 -1.021464206e+02 -2.501407628e+01 
3.694683404e-01 7.295247288e-01 3.297619884e-02 -7.049530814e-04 -1.869027222e-04 
-2.136194591e-05 -2.056516842e-06 -1.758671603e-07 -1.349911740e-08 -9.356041884e-10 
-5.885585875e-11 -3.376309382e-12 -1.773885858e-13 -8.569748437e-15 -3.820909406e-16 
-1.577621352e-17 -6.051368513e-19 -2.162737351e-20 -7.221949042e-22 -2.259078773e-23 
-6.635787133e-25 -1.834567535e-26 -4.784043004e-28 -1.179139768e-29 -2.752239748e-31 
-6.094766026e-33 -1.282735930e-34 -2.570101790e-36 -4.910053199e-38 -8.957853541e-40 
-1.562910428e-41 -2.611443108e-43 -4.184299981e-45 -6.437512727e-47 -9.521643755e-49 
-1.355970510e-50 -1.868536071e-52 -2.618266862e-54 -5.814280379e-56 -4.835691935e-57 
-7.339915457e-58 -1.178748651e-58 -1.875673732e-59 -2.943596248e-60 -4.556190420e-61 
-6.958077898e-62 -1.048836578e-62 -1.561066835e-63 -2.295041486e-64 -3.334045827e-65 
-4.787598661e-66 -6.797965445e-67 -9.547771246e-68 -1.326877223e-68 -1.825182088e-69 
-2.485803321e-70 -3.353113770e-71 -4.481095722e-72 -5.934794988e-73 -7.791871421e-74 
-1.014423522e-74 -1.309975819e-75 -1.678405029e-76 -2.134229435e-77 -2.694113628e-78 
-3.377063381e-79 -4.204627462e-80 -5.201108438e-81 -6.393785598e-82 -7.813154414e-83 
-9.493188415e-84 -1.147163088e-84 -1.379032555e-85 -1.649559742e-86 -1.963869679e-87 
-2.327632219e-88 -2.747124023e-89 -3.229302368e-90 -3.781893243e-91 -4.413496633e-92 
-5.133712372e-93 -5.953290566e-94 -6.884311327e-95 -7.940399466e-96 -9.136980936e-97 
-1.049158920e-97 -1.202423149e-98 -1.375782702e-99 -1.571873212e-100 -1.793737042e-101 
-2.044899079e-102 -2.329458065e-103 -2.652196617e-104 -3.018710927e-105 -3.435531865e-106 
net_rxn-H
1.021560432e-20 1.009032970e-20 9.966337983e-21 9.843493798e-21 9.721666204e-21 
9.600727988e-21 9.480555011e-21 9.361025582e-21 9.242019850e-21 9.123419200e-21 
9.005105654e-21 8.886961266e-21 8.768867512e-21 8.650704730e-21 8.532352407e-21 
8.413699514e-21 8.294768998e-21 8.177114310e-21 8.079140933e-21 8.201044136e-21 
1.066554085e-20 3.750533133e-20 3.123919209e-19 3.053109012e-18 2.970542268e-17 
2.821943600e-16 2.608674132e-15 2.342309356e-14 2.039093451e-13 1.717744035e-12 
1.397263092e-11 1.094764431e-10 8.236766386e-10 5.926455789e-09 4.053054723e-08 
2.608712895e-07 1.552941941e-06 8.259924575e-06 3.605657633e-05 9.017131801e-05 
-4.539616568e-04 -9.607846002e-03 -9.875316127e-02 -7.716325098e-01 -4.644537358e+00 
-1.953925619e+01 -5.133824247e+01 -8.191919607e+01 -8.597022937e+01 -6.593213561e+01 
-3.331472901e+01 1.476437222e+01 9.070232234e+01 2.044402670e+02 3.460469585e+02 
4.769131531e+02 5.417071507e+02 5.014815237e+02 3.652164713e+02 1.896578169e+02 
4.189511482e+01 -4.828399620e+01 -1.038459738e+02 -1.553570717e+02 -1.802990055e+02 
-1.312024651e+02 -4.559683149e+01 -7.004477586e+00 -6.412069283e-01 -4.829971782e-02 
-3.448422580e-03 -2.425086751e-04 -1.693656450e-05 -1.176375017e-06 -8.127469413e-08 
-5.584819012e-09 -3.816274277e-10 -2.592961135e-11 -1.751742248e-12 -1.176800331e-13 
-7.862688379e-15 -5.225991610e-16 -3.456108044e-17 -2.274601850e-18 -1.489995647e-19 
-9.715685751e-21 -6.306772624e-22 -4.075825168e-23 -2.622551377e-24 -1.680180639e-25 
-1.071850057e-26 -6.808955559e-28 -4.307424967e-29 -2.713739756e-30 -1.702764620e-31 
-1.064142772e-32 -6.624104302e-34 -4.107331405e-35 -2.537004190e-36 -1.561116183e-37 
-9.570305409e-39 -5.845437670e-40 -3.557404362e-41 -2.157242148e-42 -1.303582983e-43 
-7.850140407e-45 -4.711292996e-46 -2.818070828e-47 -1.680111519e-48 -9.984450827e-50 
-5.914740982e-51 -3.492999278e-52 -2.056545676e-53 -1.207205863e-54 -7.065673511e-56 
-4.123645424e-57 -2.399887969e-58 -1.392865015e-59 -8.062358669e-61 -4.654541930e-62 
-2.680281184e-63 -1.539569434e-64 -8.821871953e-66 -5.043034070e-67 -2.876205938e-68 
-1.636712275e-69 -9.293440004e-71 -5.265749689e-72 -2.977499172e-73 -1.680272953e-74 
-9.464018190e-76 -5.320757232e-77 -2.986182479e-78 -1.673266401e-79 -9.363094120e-81 
-5.234352539e-82 -2.925808259e-83 -1.638619809e-84 -9.227292649e-86 -5.491656012e-87 
-1.976068118e-88 -1.340725652e-88 3.088083318e-88 -2.520739187e-88 1.610467615e-88 
-1.781699885e-89 -5.953443657e-89 8.715359575e-90 -1.664443899e-88 1.016656381e-88 
-1.514387981e-88 2.450986561e-89 -1.228483244e-88 -9.398611179e-89 -1.244404848e-89 
-4.584723611e-89 1.129926432e-89 1.382292225e-90 3.089853876e-92 5.197791133e-93 
net_rxn-O
3.007827678e-21 3.007768477e-21 3.007709181e-21 3.007649728e-21 3.007590057e-21 
3.007530104e-21 3.007469804e-21 3.007409091e-21 3.007347897e-21 3.007286149e-21 
3.007223774e-21 3.007160693e-21 3.007096824e-21 3.007032079e-21 3.006966346e-21 
3.006899315e-21 3.006828514e-21 3.006727788e-21 3.006315316e-21 3.002599327e-21 
2.964429378e-21 2.574221056e-21 -1.333857385e-21 -3.957106695e-20 -4.044538270e-19 
-3.795045086e-18 -3.442404058e-17 -3.029373583e-16 -2.583122513e-15 -2.130248460e-14 
-1.695616622e-13 -1.299910303e-12 -9.578098583e-12 -6.772817292e-11 -4.601014125e-10 
-3.034253902e-09 -2.018746156e-08 -1.492483233e-07 -1.388840461e-06 -1.622146766e-05 
-2.063476175e-04 -2.526128335e-03 -2.777089226e-02 -2.588133085e-01 -1.880818247e+00 
-9.535608335e+00 -3.130295481e+01 -6.921323266e+01 -1.188404372e+02 -1.855820427e+02 
-2.807124442e+02 -3.982751352e+02 -5.081853750e+02 -5.613718412e+02 -4.845961162e+02 
-1.811842162e+02 4.141718577e+02 1.225169314e+03 1.964002845e+03 2.228247283e+03 
1.775104053e+03 8.056426209e+02 -6.146040612e+01 -3.489011930e+02 -2.271868454e+02 
-8.478363883e+01 -1.993573258e+01 -2.518261305e+00 -1.985186021e-01 -1.178862702e-02 
-5.832683729e-04 -2.521594715e-05 -9.764299874e-07 -3.437257655e-08 -1.110244562e-09 
-3.308984266e-11 -9.131529843e-13 -2.340288264e-14 -5.595340399e-16 -1.258616891e-17 
-2.705693331e-19 -5.704898537e-21 -1.221068959e-22 -2.728317150e-24 -6.325086866e-26 
-1.419347979e-27 -2.435032008e-29 1.813995453e-31 5.692155143e-32 4.779724545e-33 
3.321035363e-34 2.171870464e-35 1.387478059e-36 8.769317855e-38 5.507923963e-39 
3.443216037e-40 2.143528965e-41 1.329145189e-42 8.209877127e-44 5.051861273e-45 
3.097006844e-46 1.891618027e-47 1.151197011e-48 6.980962724e-50 4.218471361e-51 
2.540351703e-52 1.524602181e-53 9.119443290e-55 5.436939897e-56 3.231027134e-57 
1.914045042e-58 1.130355153e-59 6.655103019e-61 3.906589325e-62 2.286493593e-63 
1.334435964e-64 7.766178925e-66 4.507393313e-67 2.609026967e-68 1.506238849e-69 
8.673710102e-71 4.983756135e-72 2.870992118e-73 1.793772852e-74 2.548921889e-75 
1.671128573e-75 1.621170868e-75 1.618333840e-75 1.618173070e-75 1.618163979e-75 
1.618163465e-75 1.618163436e-75 1.618163435e-75 1.618163435e-75 1.618163435e-75 
1.618163435e-75 1.618163435e-75 1.618163435e-75 1.618163435e-75 1.618163435e-75 
1.618163435e-75 1.618163435e-75 1.618163435e-75 1.618163435e-75 1.618163435e-75 
1.618163435e-75 1.618163435e-75 1.618163435e-75 1.618163435e-75 1.618163435e-75 
1.618163435e-75 1.618163435e-75 1.618163435e-75 1.618163435e-75 1.618163435e-75 
1.618163435e-75 1.618163435e-75 1.618163435e-75 1.618163435e-75 1.618163435e-75 
net_rxn-O2
8.397777572e-37 8.400888841e-37 8.403968356e-37 8.407019484e-37 8.410045485e-37 
8.413049587e-37 8.416035313e-37 8.419008596e-37 8.421991657e-37 8.425113817e-37 
8.429201485e-37 8.439576366e-37 8.490260006e-37 8.796504153e-37 1.070433137e-36 
2.252383051e-36 9.485482716e-36 5.312367179e-35 3.123598764e-34 1.826963608e-33 
1.051377319e-32 5.887837285e-32 2.847112085e-31 -1.352213478e-30 -1.989815032e-28 
-1.309581610e-26 -7.851177062e-25 -4.431885737e-23 -2.354278725e-21 -1.172924348e-19 
-5.459550351e-18 -2.364446338e-16 -9.485701806e-15 -3.508415965e-13 -1.190194661e-11 
-3.682602378e-10 -1.032880003e-08 -2.608206710e-07 -5.884248554e-06 -1.175414015e-04 
-2.055517205e-03 -3.096275556e-02 -3.910867475e-01 -3.947715690e+00 -2.940169257e+01 
-1.462552740e+02 -4.585772084e+02 -9.480570557e+02 -1.446704122e+03 -1.815572897e+03 
-2.066571873e+03 -2.406966278e+03 -3.214764298e+03 -4.850850660e+03 -7.431489348e+03 
-1.061947510e+04 -1.358958724e+04 -1.528814873e+04 -1.493930723e+04 -1.250921283e+04 
-8.802969365e+03 -5.140272676e+03 -2.745190734e+03 -1.927822345e+03 -1.750358293e+03 
-1.282096654e+03 -6.063761531e+02 -1.273627487e+02 -1.379919761e+01 -1.190373029e+00 
-9.486706988e-02 -7.181530358e-03 -5.229092074e-04 -3.706770674e-05 -2.582812691e-06 
-1.779623460e-07 -1.216360348e-08 -8.258987014e-10 -5.574652770e-11 -3.741997663e-12 
-2.498647496e-13 -1.660041644e-14 -1.097544574e-15 -7.222263613e-17 -4.730607679e-18 
-3.084517948e-19 -2.002223258e-20 -1.293948844e-21 -8.325762017e-23 -5.334028640e-24 
-3.402774506e-25 -2.161621006e-26 -1.367466656e-27 -8.615236669e-29 -5.405721041e-30 
-3.378305430e-31 -2.102936571e-32 -1.303943451e-33 -8.054158947e-35 -4.956033546e-36 
-3.038259110e-37 -1.855735370e-38 -1.129359592e-39 -6.848538607e-41 -4.138449823e-42 
-2.492162955e-43 -1.495681512e-44 -8.946453638e-46 -5.333804836e-47 -3.169736742e-48 
-1.877736906e-49 -1.108913083e-50 -6.528860230e-52 -3.832483976e-53 -2.243120361e-54 
-1.309122620e-55 -7.618859788e-57 -4.421891119e-58 -2.559535358e-59 -1.477664962e-60 
-8.509017354e-62 -4.887630726e-63 -2.800657377e-64 -1.601000342e-65 -9.131038362e-67 
-5.196058790e-68 -2.950406600e-69 -1.671772852e-70 -9.454882226e-72 -5.351354265e-73 
-3.167404843e-74 -3.308664750e-75 -1.713130085e-75 -1.623495807e-75 -1.618463163e-75 
-1.618180353e-75 -1.618164400e-75 -1.618163491e-75 -1.618163438e-75 -1.618163435e-75 
-1.618163435e-75 -1.618163435e-75 -1.618163435e-75 -1.618163435e-75 -1.618163435e-75 
-1.618163435e-75 -1.618163435e-75 -1.618163435e-75 -1.618163435e-75 -1.618163435e-75 
-1.618163435e-75 -1.618163435e-75 -1.618163435e-75 -1.618163435e-75 -1.618163435e-75 
-1.618163435e-75 -1.618163435e-75 -1.618163435e-75 -1.618163435e-75 -1.618163435e-75 
net_rxn-OH
-1.787662586e-19 -1.766523283e-19 -1.745600446e-19 -1.724871234e-19 -1.704313550e-19 
-1.683905929e-19 -1.663627421e-19 -1.643457493e-19 -1.623375920e-19 -1.603362686e-19 
-1.583397883e-19 -1.563461607e-19 -1.543533859e-19 -1.523594444e-19 -1.503623027e-19 
-1.483600865e-19 -1.463531779e-19 -1.443677332e-19 -1.427137157e-19 -1.447627329e-19 
-1.862659388e-19 -6.383139916e-19 -5.268268566e-18 -5.143213425e-17 -5.003716578e-16 
-4.753529148e-15 -4.394466428e-14 -3.946002768e-13 -3.435556094e-12 -2.894772490e-11 
-2.355855927e-10 -1.847914226e-09 -1.393898000e-08 -1.008652095e-07 -6.983604431e-07 
-4.613537907e-06 -2.899573459e-05 -1.728654628e-04 -9.749419139e-04 -5.188098603e-03 
-2.591987544e-02 -1.194132360e-01 -4.767063138e-01 -1.353398555e+00 -7.021513450e-01 
1.444152983e+01 6.878443030e+01 1.512910586e+02 1.694202610e+02 6.971510857e+01 
-1.082121771e+02 -3.337800385e+02 -5.624386501e+02 -7.094132142e+02 -6.424187752e+02 
-2.604232968e+02 3.818042447e+02 1.017130081e+03 1.304174538e+03 1.098947765e+03 
5.982449261e+02 2.077341882e+02 2.538821366e+02 6.411219164e+02 7.062817267e+02 
1.417180749e+02 -1.219454859e+02 -3.125608289e+01 -2.797259845e+00 -1.628706254e-01 
-7.551792864e-03 -3.030194146e-04 -1.117159655e-05 -4.071165444e-07 -1.593997964e-08 
-6.994738643e-10 -3.324088446e-11 -1.600961546e-12 -7.445156033e-14 -3.265016472e-15 
-1.338327355e-16 -5.116791617e-18 -1.825998947e-19 -6.093236038e-21 -1.905357966e-22 
-5.595699615e-24 -1.546770541e-25 -4.032537764e-27 -9.933313021e-29 -2.314827103e-30 
-5.101981464e-32 -1.058113365e-33 -2.018776648e-35 -3.206293603e-37 -1.695136097e-39 
2.342871851e-40 2.058473098e-41 1.377614437e-42 8.672834154e-44 5.362097292e-45 
3.290971682e-46 2.010630644e-47 1.223700090e-48 7.420727192e-50 4.484225930e-51 
2.700389944e-52 1.620649958e-53 9.693955513e-55 5.779459561e-56 3.434577360e-57 
2.034627224e-58 1.201565960e-59 7.074365275e-61 4.152699032e-62 2.430539516e-63 
1.418503578e-64 8.255437419e-66 4.791352820e-67 2.773391873e-68 1.601128087e-69 
9.219969793e-71 5.296005751e-72 3.034659583e-73 1.734767504e-74 9.893949454e-76 
5.630186820e-77 3.196897271e-78 1.811407879e-79 1.024274438e-80 5.780478267e-82 
3.256133218e-83 1.831024380e-84 1.028119295e-85 5.766909943e-87 3.234273578e-88 
1.816906557e-89 1.026187219e-90 5.873919656e-92 3.457838724e-93 2.226867453e-94 
1.080096990e-95 5.084492435e-96 -1.056723579e-95 8.677661390e-96 -5.539130574e-96 
6.129799026e-97 2.047950898e-96 -2.998007500e-97 5.725564247e-96 -3.497222866e-96 
5.209382837e-96 -8.431212790e-97 4.225891650e-96 3.233052847e-96 4.280660791e-97 
1.577111069e-96 -3.886863492e-97 -4.754983187e-98 -1.062886918e-99 -1.788001770e-100 
net_rxn-HO2
-3.813523137e-33 -3.813523034e-33 -3.813522932e-33 -3.813522831e-33 -3.813522731e-33 
-3.813522631e-33 -3.813522533e-33 -3.813522439e-33 -3.813522373e-33 -3.813522486e-33 
-3.813523765e-33 -3.813532588e-33 -3.813589745e-33 -3.813953333e-33 -3.816237316e-33 
-3.830406024e-33 -3.917131914e-33 -4.440378561e-33 -7.548800429e-33 -2.571110106e-32 
-1.299672006e-31 -7.171309906e-31 -3.951490009e-30 -2.092952625e-29 -7.764606431e-29 
1.693424152e-27 1.329199899e-25 7.621355642e-24 4.037793912e-22 2.003188272e-20 
9.283720939e-19 4.003245268e-17 1.599099281e-15 5.888907126e-14 1.988961275e-12 
6.125739706e-11 1.709431462e-09 4.290874878e-08 9.605926073e-07 1.897827951e-05 
3.261974182e-04 4.769961252e-03 5.704125050e-02 5.187788411e-01 3.184911224e+00 
1.143246882e+01 2.214965841e+01 2.571461561e+01 2.440716932e+01 2.340826370e+01 
2.179603446e+01 1.731233328e+01 1.298089529e+01 9.076441465e+00 5.553341445e+00 
2.268120147e+00 -1.220753230e+00 -5.856633505e+00 -1.324801576e+01 -2.558777843e+01 
-4.480524518e+01 -7.011665926e+01 -9.415427722e+01 -9.549623278e+01 7.049611646e+00 
3.378481388e+02 4.334457860e+02 1.183854694e+02 1.369390539e+01 1.212471065e+00 
9.765435676e-02 7.416840538e-03 5.402571246e-04 3.828042932e-05 2.665980944e-06 
1.836299755e-07 1.254861605e-08 8.519644622e-10 5.750374388e-11 3.859895739e-12 
2.577358857e-13 1.712332881e-14 1.132116654e-15 7.449760199e-17 4.879618576e-18 
3.181678123e-19 2.065291898e-20 1.334707332e-21 8.588017727e-23 5.502046830e-24 
3.509959535e-25 2.229710563e-26 1.410540904e-27 8.886610629e-29 5.575997492e-30 
3.484719700e-31 2.169177610e-32 1.345016762e-33 8.307859349e-35 5.112145154e-36 
3.133962158e-37 1.914189743e-38 1.164933633e-39 7.064262807e-41 4.268808112e-42 
2.570664354e-43 1.542794439e-44 9.228260702e-46 5.501815976e-47 3.269581243e-48 
1.936884312e-49 1.143843073e-50 6.734514783e-52 3.953204555e-53 2.313777091e-54 
1.350359071e-55 7.858848570e-57 4.561177612e-58 2.640158940e-59 1.524210380e-60 
8.777045479e-62 5.041587693e-63 2.888876135e-64 1.651430739e-65 9.418659700e-67 
5.359730859e-68 3.043340686e-69 1.724415842e-70 9.751035302e-72 5.503226856e-73 
3.100262446e-74 1.743750930e-75 9.795803333e-77 5.500338012e-78 3.091692761e-79 
1.745166428e-80 9.956723978e-82 5.817532271e-83 3.561813582e-84 2.441440935e-85 
1.409321168e-86 5.290031524e-87 -1.000671424e-86 8.266981243e-87 -5.272309683e-87 
5.836165790e-88 1.949577668e-87 -2.853972802e-88 5.450509903e-87 -3.329217261e-87 
4.959125572e-87 -8.026179729e-88 4.022881019e-87 3.077737910e-87 4.075019067e-88 
1.501347103e-87 -3.700139678e-88 -4.526555150e-89 -1.011826134e-90 -1.702106675e-91 
net_rxn-H2O
1.859740352e-19 1.837348895e-19 1.815186734e-19 1.793229675e-19 1.771454312e-19 
1.749837907e-19 1.728358273e-19 1.706993658e-19 1.685722639e-19 1.664524016e-19 
1.643376702e-19 1.622259613e-19 1.601151566e-19 1.580031171e-19 1.558876887e-19 
1.537668867e-19 1.516411184e-19 1.495381198e-19 1.477865414e-19 1.499611777e-19 
1.939670504e-19 6.732451044e-19 5.581994421e-18 5.452481658e-17 5.304815978e-16 
5.039520262e-15 4.658780617e-14 4.183273687e-13 3.642072916e-12 3.068729846e-11 
2.497385038e-10 1.958894779e-09 1.477586749e-08 1.069195785e-07 7.402780705e-07 
4.890723244e-06 3.074664812e-05 1.835247266e-04 1.039846477e-03 5.625010972e-03 
2.963545400e-02 1.587522297e-01 9.101124539e-01 5.545841635e+00 3.193521902e+01 
1.445332842e+02 4.459212861e+02 9.460058191e+02 1.550262942e+03 2.153160154e+03 
2.735853408e+03 3.495830762e+03 4.775734768e+03 6.837319982e+03 9.589188522e+03 
1.243595844e+04 1.443348741e+04 1.476558091e+04 1.324662513e+04 1.044699712e+04 
7.339806244e+03 4.751628355e+03 3.005669494e+03 1.986747218e+03 1.446773133e+03 
9.837221248e+02 3.332816800e+02 4.297404661e+01 3.185953134e+00 1.747625033e-01 
7.840254491e-03 3.045835201e-04 1.083860501e-05 3.839087171e-07 1.499331247e-08 
6.754573317e-10 3.321170767e-11 1.641353554e-12 7.752827338e-14 3.428971051e-15 
1.411761248e-16 5.409667546e-18 1.932682356e-19 6.452839891e-21 2.018383914e-22 
5.928627302e-24 1.639040876e-25 4.274127820e-27 1.053452222e-28 2.458856835e-30 
5.445045851e-32 1.145985969e-33 2.296095146e-35 4.386551477e-37 8.002734693e-39 
1.396258816e-40 2.332973068e-42 3.738084847e-44 5.750964045e-46 8.505881181e-48 
1.210877793e-49 1.661040570e-51 2.198053540e-53 2.808906460e-55 3.469963220e-57 
4.147957599e-59 4.802698988e-61 5.391196412e-63 5.872578603e-65 6.212985583e-67 
6.389590103e-69 6.393079599e-71 6.228242993e-73 5.912678141e-75 5.473973210e-77 
4.945945498e-79 4.364606947e-81 3.764470212e-83 3.175648813e-85 2.621992708e-87 
2.120290271e-89 1.680399813e-91 1.306070228e-93 9.961734455e-96 7.460894425e-98 
5.490382620e-100 3.972225848e-102 2.827121363e-104 1.980567945e-106 1.366537575e-108 
9.291548177e-111 6.229222920e-113 4.120023959e-115 2.689800504e-117 1.734229879e-119 
1.104465202e-121 6.938258086e-124 4.251739309e-126 2.356699709e-128 4.628559057e-131 
-3.292738946e-132 -1.498670366e-133 -5.609262568e-135 -2.034525333e-136 -7.318733936e-138 
-2.621389556e-139 -9.356677022e-141 -3.329349172e-142 -1.181307445e-143 -4.180842197e-145 
-1.477166220e-146 -5.255776592e-148 -2.246965947e-149 -2.819132510e-150 -1.818978196e-150 
-9.614239169e-151 -4.398025534e-153 -1.799875483e-152 -6.110980715e-154 -2.136395237e-155 
net_rxn-H2O2
3.917860966e-33 3.917860953e-33 3.917860939e-33 3.917860927e-33 3.917860914e-33 
3.917860902e-33 3.917860889e-33 3.917860877e-33 3.917860866e-33 3.917860854e-33 
3.917860843e-33 3.917860832e-33 3.917860823e-33 3.917860831e-33 3.917860937e-33 
3.917861655e-33 3.917866107e-33 3.917893066e-33 3.918053945e-33 3.919003345e-33 
3.924580316e-33 3.957644970e-33 4.158193084e-33 5.234675548e-33 -3.759578296e-33 
-1.047273824e-30 -5.861238904e-29 -2.570121518e-27 -7.719845477e-26 3.921595949e-25 
2.986788941e-22 3.014352433e-20 2.185075975e-18 1.317081367e-16 6.896598292e-15 
3.188376791e-13 1.308330346e-11 4.764383221e-10 1.534302571e-08 4.342554409e-07 
1.070108729e-05 2.260757658e-04 3.975846057e-03 5.475565874e-02 5.247768455e-01 
2.935608644e+00 8.159092809e+00 1.048839660e+01 6.071918888e+00 6.940982212e-01 
-1.874154722e+00 -2.335163892e+00 -1.984673018e+00 -1.532979663e+00 -1.197649889e+00 
-1.005082366e+00 -1.043679103e+00 -1.625875831e+00 -3.278826409e+00 -6.422769756e+00 
-1.061053250e+01 -1.354929760e+01 -1.089113909e+01 1.854129049e+00 2.275374865e+01 
3.442495142e+01 2.639721235e+01 6.749078284e+00 5.570294139e-01 2.628533341e-02 
9.773043957e-04 3.290685346e-05 1.073936021e-06 3.473196372e-08 1.098956633e-09 
3.315182598e-11 9.334969862e-13 2.425003416e-14 5.786328438e-16 1.267988203e-17 
2.556686928e-19 4.756638235e-21 8.190616990e-23 1.309378270e-24 1.949113650e-26 
2.709310791e-28 3.526034511e-30 4.307339039e-32 4.950528721e-34 5.365138407e-36 
5.494274048e-38 5.327260946e-40 4.899832669e-42 4.282725990e-44 3.563367685e-46 
2.826837900e-48 2.141215643e-50 1.549385633e-52 1.064201676e-54 6.496197927e-57 
1.075418631e-59 -1.516404595e-60 -8.879095019e-62 -4.456146922e-63 -2.163873010e-64 
-1.030453525e-65 -4.822040712e-67 -2.218925752e-68 -1.004604442e-69 -4.477179321e-71 
-1.965079831e-72 -8.498165322e-74 -3.622734689e-75 -1.523020916e-76 -6.317126967e-78 
-2.586183010e-79 -1.045446174e-80 -4.174642857e-82 -1.647329401e-83 -6.426126278e-85 
-2.479054366e-86 -9.461223686e-88 -3.573433208e-89 -1.336133344e-90 -4.947480965e-92 
-1.814797925e-93 -6.596538358e-95 -2.376698776e-96 -8.490224691e-98 -3.007836540e-99 
-1.056969226e-100 -3.684655209e-102 -1.274283302e-103 -4.371278605e-105 -1.486806888e-106 
-5.010285591e-108 -1.670370350e-109 -5.495730117e-111 -1.776752588e-112 -5.601718585e-114 
-1.701646663e-115 -5.180393743e-117 -4.157351162e-118 -2.468471759e-118 -1.938669740e-118 
-1.553730844e-118 -1.261830066e-118 -1.170686213e-118 -9.106108515e-119 -4.939820855e-119 
-2.203019834e-119 -1.090216322e-119 -8.067103000e-120 -3.374305262e-120 -3.135880494e-120 
-2.081954601e-120 -9.785677618e-122 -3.025521603e-122 -9.421162722e-124 -2.977957697e-125 
massfraction-H2
1.000000000e+00 1.000000000e+00 1.000000000e+00 1.000000000e+00 1.000000000e+00 
1.000000000e+00 1.000000000e+00 1.000000000e+00 1.000000000e+00 1.000000000e+00 
1.000000000e+00 1.000000000e+00 1.000000000e+00 1.000000000e+00 1.000000000e+00 
1.000000000e+00 1.000000000e+00 1.000000000e+00 1.000000000e+00 1.000000000e+00 
1.000000000e+00 1.000000000e+00 1.000000000e+00 1.000000000e+00 1.000000000e+00 
1.000000000e+00 1.000000000e+00 1.000000000e+00 1.000000000e+00 1.000000000e+00 
9.999999999e-01 9.999999997e-01 9.999999988e-01 9.999999952e-01 9.999999811e-01 
9.999999270e-01 9.999997226e-01 9.999989420e-01 9.999958438e-01 9.999828148e-01 
9.999251067e-01 9.996646900e-01 9.985208933e-01 9.938626956e-01 9.772365283e-01 
9.290574941e-01 8.257797525e-01 6.723955257e-01 5.109070174e-01 3.763782343e-01 
2.763721258e-01 2.044083782e-01 1.521898268e-01 1.137358360e-01 8.501259499e-02 
6.336496545e-02 4.703817254e-02 3.481339386e-02 2.576095896e-02 1.911016100e-02 
1.421202776e-02 1.054877562e-02 7.742828147e-03 5.541812193e-03 3.788407644e-03 
2.402292214e-03 1.376705514e-03 7.186137244e-04 3.508649098e-04 1.621958107e-04 
7.123117459e-05 2.977780137e-05 1.187242042e-05 4.523174981e-06 1.649747532e-06 
5.770832288e-07 1.939284966e-07 6.270756127e-08 1.954003010e-08 5.875854582e-09 
1.707399269e-09 4.800231351e-10 1.307274204e-10 0.000000000e+00 0.000000000e+00 
0.000000000e+00 0.000000000e+00 0.000000000e+00 0.000000000e+00 0.000000000e+00 
0.000000000e+00 0.000000000e+00 0.000000000e+00 0.000000000e+00 0.000000000e+00 
0.000000000e+00 0.000000000e+00 0.000000000e+00 0.000000000e+00 0.000000000e+00 
0.000000000e+00 0.000000000e+00 0.000000000e+00 0.000000000e+00 0.000000000e+00 
0.000000000e+00 0.000000000e+00 0.000000000e+00 0.000000000e+00 0.000000000e+00 
0.000000000e+00 0.000000000e+00 0.000000000e+00 0.000000000e+00 0.000000000e+00 
0.000000000e+00 0.000000000e+00 0.000000000e+00 0.000000000e+00 0.000000000e+00 
0.000000000e+00 0.000000000e+00 0.000000000e+00 0.000000000e+00 0.000000000e+00 
0.000000000e+00 0.000000000e+00 0.000000000e+00 0.000000000e+00 0.000000000e+00 
0.000000000e+00 0.000000000e+00 0.000000000e+00 0.000000000e+00 0.000000000e+00 
0.000000000e+00 0.000000000e+00 0.000000000e+00 0.000000000e+00 0.000000000e+00 
0.000000000e+00 0.000000000e+00 0.000000000e+00 0.000000000e+00 0.000000000e+00 
0.000000000e+00 0.000000000e+00 0.000000000e+00 0.000000000e+00 0.000000000e+00 
0.000000000e+00 0.000000000e+00 0.000000000e+00 0.000000000e+00 0.000000000e+00 
0.000000000e+00 0.000000000e+00 0.000000000e+00 0.000000000e+00 0.000000000e+00 
massfraction-H
0.000000000e+00 0.000000000e+00 0.000000000e+00 0.000000000e+00 0.000000000e+00 
0.000000000e+00 0.000000000e+00 0.000000000e+00 0.000000000e+00 0.000000000e+00 
0.000000000e+00 0.000000000e+00 0.000000000e+00 0.000000000e+00 0.000000000e+00 
0.000000000e+00 0.000000000e+00 0.000000000e+00 0.000000000e+00 0.000000000e+00 
0.000000000e+00 0.000000000e+00 0.000000000e+00 0.000000000e+00 0.000000000e+00 
0.000000000e+00 0.000000000e+00 0.000000000e+00 0.000000000e+00 0.000000000e+00 
0.000000000e+00 2.751608926e-10 1.159208844e-09 4.706978163e-09 1.838261331e-08 
6.889257669e-08 2.471619861e-07 8.466371055e-07 2.761119607e-06 8.546479470e-06 
2.501812138e-05 6.895578622e-05 1.778194363e-04 4.243823862e-04 9.185782612e-04 
1.743432248e-03 2.792019955e-03 3.723790812e-03 4.277875640e-03 4.478686623e-03 
4.468528586e-03 4.353510154e-03 4.180833493e-03 3.964293039e-03 3.697920720e-03 
3.369982963e-03 2.976313489e-03 2.528940288e-03 2.056248478e-03 1.594524509e-03 
1.175431674e-03 8.165381214e-04 5.211269532e-04 2.883349833e-04 1.238025905e-04 
3.419805706e-05 5.073433726e-06 4.639959360e-07 3.497589732e-08 2.504142624e-09 
1.768180871e-10 0.000000000e+00 0.000000000e+00 0.000000000e+00 0.000000000e+00 
0.000000000e+00 0.000000000e+00 0.000000000e+00 0.000000000e+00 0.000000000e+00 
0.000000000e+00 0.000000000e+00 0.000000000e+00 0.000000000e+00 0.000000000e+00 
0.000000000e+00 0.000000000e+00 0.000000000e+00 0.000000000e+00 0.000000000e+00 
0.000000000e+00 0.000000000e+00 0.000000000e+00 0.000000000e+00 0.000000000e+00 
0.000000000e+00 0.000000000e+00 0.000000000e+00 0.000000000e+00 0.000000000e+00 
0.000000000e+00 0.000000000e+00 0.000000000e+00 0.000000000e+00 0.000000000e+00 
0.000000000e+00 0.000000000e+00 0.000000000e+00 0.000000000e+00 0.000000000e+00 
0.000000000e+00 0.000000000e+00 0.000000000e+00 0.000000000e+00 0.000000000e+00 
0.000000000e+00 0.000000000e+00 0.000000000e+00 0.000000000e+00 0.000000000e+00 
0.000000000e+00 0.000000000e+00 0.000000000e+00 0.000000000e+00 0.000000000e+00 
0.000000000e+00 0.000000000e+00 0.000000000e+00 0.000000000e+00 0.000000000e+00 
0.000000000e+00 0.000000000e+00 0.000000000e+00 0.000000000e+00 0.000000000e+00 
0.000000000e+00 0.000000000e+00 0.000000000e+00 0.000000000e+00 0.000000000e+00 
0.000000000e+00 0.000000000e+00 0.000000000e+00 0.000000000e+00 0.000000000e+00 
0.000000000e+00 0.000000000e+00 0.000000000e+00 0.000000000e+00 0.000000000e+00 
0.000000000e+00 0.000000000e+00 0.000000000e+00 0.000000000e+00 0.000000000e+00 
0.000000000e+00 0.000000000e+00 0.000000000e+00 0.000000000e+00 0.000000000e+00 
massfraction-O
0.000000000e+00 0.000000000e+00 0.000000000e+00 0.000000000e+00 0.000000000e+00 
0.000000000e+00 0.000000000e+00 0.000000000e+00 0.000000000e+00 0.000000000e+00 
0.000000000e+00 0.000000000e+00 0.000000000e+00 0.000000000e+00 0.000000000e+00 
0.000000000e+00 0.000000000e+00 0.000000000e+00 0.000000000e+00 0.000000000e+00 
0.000000000e+00 0.000000000e+00 0.000000000e+00 0.000000000e+00 0.000000000e+00 
0.000000000e+00 0.000000000e+00 0.000000000e+00 0.000000000e+00 0.000000000e+00 
0.000000000e+00 0.000000000e+00 0.000000000e+00 0.000000000e+00 0.000000000e+00 
1.422265986e-10 8.682694255e-10 5.016172090e-09 2.731460341e-08 1.395614959e-07 
6.656247527e-07 2.944758760e-06 1.198329145e-05 4.428812699e-05 1.455685261e-04 
4.115266416e-04 9.592378569e-04 1.797732771e-03 2.781251429e-03 3.789454721e-03 
4.832367412e-03 5.985379708e-03 7.306361559e-03 8.807179761e-03 1.042941566e-02 
1.201882421e-02 1.330002833e-02 1.389165812e-02 1.341352470e-02 1.168487470e-02 
8.918769844e-03 5.757335067e-03 3.024232600e-03 1.256918029e-03 4.117803218e-04 
1.063329501e-04 2.351475740e-05 5.703932128e-06 1.526483419e-06 4.025133492e-07 
9.997331553e-08 2.321997708e-08 5.053234623e-09 1.034029813e-09 1.996536182e-10 
0.000000000e+00 0.000000000e+00 0.000000000e+00 0.000000000e+00 0.000000000e+00 
0.000000000e+00 0.000000000e+00 0.000000000e+00 0.000000000e+00 0.000000000e+00 
0.000000000e+00 0.000000000e+00 0.000000000e+00 0.000000000e+00 0.000000000e+00 
0.000000000e+00 0.000000000e+00 0.000000000e+00 0.000000000e+00 0.000000000e+00 
0.000000000e+00 0.000000000e+00 0.000000000e+00 0.000000000e+00 0.000000000e+00 
0.000000000e+00 0.000000000e+00 0.000000000e+00 0.000000000e+00 0.000000000e+00 
0.000000000e+00 0.000000000e+00 0.000000000e+00 0.000000000e+00 0.000000000e+00 
0.000000000e+00 0.000000000e+00 0.000000000e+00 0.000000000e+00 0.000000000e+00 
0.000000000e+00 0.000000000e+00 0.000000000e+00 0.000000000e+00 0.000000000e+00 
0.000000000e+00 0.000000000e+00 0.000000000e+00 0.000000000e+00 0.000000000e+00 
0.000000000e+00 0.000000000e+00 0.000000000e+00 0.000000000e+00 0.000000000e+00 
0.000000000e+00 0.000000000e+00 0.000000000e+00 0.000000000e+00 0.000000000e+00 
0.000000000e+00 0.000000000e+00 0.000000000e+00 0.000000000e+00 0.000000000e+00 
0.000000000e+00 0.000000000e+00 0.000000000e+00 0.000000000e+00 0.000000000e+00 
0.000000000e+00 0.000000000e+00 0.000000000e+00 0.000000000e+00 0.000000000e+00 
0.000000000e+00 0.000000000e+00 0.000000000e+00 0.000000000e+00 0.000000000e+00 
0.000000000e+00 0.000000000e+00 0.000000000e+00 0.000000000e+00 0.000000000e+00 
massfraction-O2
0.000000000e+00 0.000000000e+00 0.000000000e+00 0.000000000e+00 0.000000000e+00 
0.000000000e+00 0.000000000e+00 0.000000000e+00 0.000000000e+00 0.000000000e+00 
0.000000000e+00 0.000000000e+00 0.000000000e+00 0.000000000e+00 0.000000000e+00 
0.000000000e+00 0.000000000e+00 0.000000000e+00 0.000000000e+00 0.000000000e+00 
0.000000000e+00 0.000000000e+00 0.000000000e+00 0.000000000e+00 0.000000000e+00 
0.000000000e+00 0.000000000e+00 0.000000000e+00 0.000000000e+00 0.000000000e+00 
0.000000000e+00 0.000000000e+00 0.000000000e+00 0.000000000e+00 1.181042275e-10 
9.762774822e-10 7.645583322e-09 5.650144181e-08 3.922798423e-07 2.545846004e-06 
1.535343470e-05 8.541422209e-05 4.339093440e-04 1.980725991e-03 7.901525522e-03 
2.632470990e-02 6.936026684e-02 1.407275032e-01 2.274449478e-01 3.138142245e-01 
3.920295681e-01 4.598099666e-01 5.177610364e-01 5.678794023e-01 6.129914833e-01 
6.560807439e-01 6.995497476e-01 7.445796334e-01 7.907755497e-01 8.362783354e-01 
8.783890633e-01 9.145127624e-01 9.430766636e-01 9.640735902e-01 9.788344876e-01 
9.889073106e-01 9.951667057e-01 9.982635142e-01 9.994088609e-01 9.997879959e-01 
9.999193380e-01 9.999685619e-01 9.999878528e-01 9.999954337e-01 9.999983438e-01 
9.999994220e-01 9.999998059e-01 9.999999373e-01 9.999999805e-01 9.999999941e-01 
9.999999983e-01 9.999999995e-01 9.999999999e-01 1.000000000e+00 1.000000000e+00 
1.000000000e+00 1.000000000e+00 1.000000000e+00 1.000000000e+00 1.000000000e+00 
1.000000000e+00 1.000000000e+00 1.000000000e+00 1.000000000e+00 1.000000000e+00 
1.000000000e+00 1.000000000e+00 1.000000000e+00 1.000000000e+00 1.000000000e+00 
1.000000000e+00 1.000000000e+00 1.000000000e+00 1.000000000e+00 1.000000000e+00 
1.000000000e+00 1.000000000e+00 1.000000000e+00 1.000000000e+00 1.000000000e+00 
1.000000000e+00 1.000000000e+00 1.000000000e+00 1.000000000e+00 1.000000000e+00 
1.000000000e+00 1.000000000e+00 1.000000000e+00 1.000000000e+00 1.000000000e+00 
1.000000000e+00 1.000000000e+00 1.000000000e+00 1.000000000e+00 1.000000000e+00 
1.000000000e+00 1.000000000e+00 1.000000000e+00 1.000000000e+00 1.000000000e+00 
1.000000000e+00 1.000000000e+00 1.000000000e+00 1.000000000e+00 1.000000000e+00 
1.000000000e+00 1.000000000e+00 1.000000000e+00 1.000000000e+00 1.000000000e+00 
1.000000000e+00 1.000000000e+00 1.000000000e+00 1.000000000e+00 1.000000000e+00 
1.000000000e+00 1.000000000e+00 1.000000000e+00 1.000000000e+00 1.000000000e+00 
1.000000000e+00 1.000000000e+00 1.000000000e+00 1.000000000e+00 1.000000000e+00 
1.000000000e+00 1.000000000e+00 1.000000000e+00 1.000000000e+00 1.000000000e+00 
massfraction-OH
0.000000000e+00 0.000000000e+00 0.000000000e+00 0.000000000e+00 0.000000000e+00 
0.000000000e+00 0.000000000e+00 0.000000000e+00 0.000000000e+00 0.000000000e+00 
0.000000000e+00 0.000000000e+00 0.000000000e+00 0.000000000e+00 0.000000000e+00 
0.000000000e+00 0.000000000e+00 0.000000000e+00 0.000000000e+00 0.000000000e+00 
0.000000000e+00 0.000000000e+00 0.000000000e+00 0.000000000e+00 0.000000000e+00 
0.000000000e+00 0.000000000e+00 0.000000000e+00 0.000000000e+00 0.000000000e+00 
0.000000000e+00 0.000000000e+00 0.000000000e+00 0.000000000e+00 0.000000000e+00 
3.681807825e-10 2.313033906e-09 1.377376387e-08 7.745368859e-08 4.095711319e-07 
2.026820317e-06 9.329565820e-06 3.958060644e-05 1.520947997e-04 5.104046946e-04 
1.399128376e-03 2.880879114e-03 4.245936586e-03 4.643704527e-03 4.219103809e-03 
3.665161934e-03 3.462407752e-03 3.804421353e-03 4.723679356e-03 6.113434755e-03 
7.697969937e-03 9.048688193e-03 9.711854409e-03 9.425530113e-03 8.287790264e-03 
6.722712171e-03 5.234087428e-03 4.097478889e-03 3.181954291e-03 2.121806979e-03 
9.404214685e-04 2.367685379e-04 5.154852603e-05 1.287932603e-05 3.306190050e-06 
8.074727252e-07 1.846708667e-07 3.956959135e-08 7.970142889e-09 1.514394939e-09 
2.723329410e-10 0.000000000e+00 0.000000000e+00 0.000000000e+00 0.000000000e+00 
0.000000000e+00 0.000000000e+00 0.000000000e+00 0.000000000e+00 0.000000000e+00 
0.000000000e+00 0.000000000e+00 0.000000000e+00 0.000000000e+00 0.000000000e+00 
0.000000000e+00 0.000000000e+00 0.000000000e+00 0.000000000e+00 0.000000000e+00 
0.000000000e+00 0.000000000e+00 0.000000000e+00 0.000000000e+00 0.000000000e+00 
0.000000000e+00 0.000000000e+00 0.000000000e+00 0.000000000e+00 0.000000000e+00 
0.000000000e+00 0.000000000e+00 0.000000000e+00 0.000000000e+00 0.000000000e+00 
0.000000000e+00 0.000000000e+00 0.000000000e+00 0.000000000e+00 0.000000000e+00 
0.000000000e+00 0.000000000e+00 0.000000000e+00 0.000000000e+00 0.000000000e+00 
0.000000000e+00 0.000000000e+00 0.000000000e+00 0.000000000e+00 0.000000000e+00 
0.000000000e+00 0.000000000e+00 0.000000000e+00 0.000000000e+00 0.000000000e+00 
0.000000000e+00 0.000000000e+00 0.000000000e+00 0.000000000e+00 0.000000000e+00 
0.000000000e+00 0.000000000e+00 0.000000000e+00 0.000000000e+00 0.000000000e+00 
0.000000000e+00 0.000000000e+00 0.000000000e+00 0.000000000e+00 0.000000000e+00 
0.000000000e+00 0.000000000e+00 0.000000000e+00 0.000000000e+00 0.000000000e+00 
0.000000000e+00 0.000000000e+00 0.000000000e+00 0.000000000e+00 0.000000000e+00 
0.000000000e+00 0.000000000e+00 0.000000000e+00 0.000000000e+00 0.000000000e+00 
massfraction-HO2
0.000000000e+00 0.000000000e+00 0.000000000e+00 0.000000000e+00 0.000000000e+00 
0.000000000e+00 0.000000000e+00 0.000000000e+00 0.000000000e+00 0.000000000e+00 
0.000000000e+00 0.000000000e+00 0.000000000e+00 0.000000000e+00 0.000000000e+00 
0.000000000e+00 0.000000000e+00 0.000000000e+00 0.000000000e+00 0.000000000e+00 
0.000000000e+00 0.000000000e+00 0.000000000e+00 0.000000000e+00 0.000000000e+00 
0.000000000e+00 0.000000000e+00 0.000000000e+00 0.000000000e+00 0.000000000e+00 
0.000000000e+00 0.000000000e+00 0.000000000e+00 0.000000000e+00 0.000000000e+00 
0.000000000e+00 1.267607894e-10 9.374698118e-10 6.512957391e-09 4.228388756e-08 
2.548692153e-07 1.413277055e-06 7.101167651e-06 3.143050732e-05 1.163068274e-04 
3.326228991e-04 6.851770141e-04 1.016334288e-03 1.174334975e-03 1.165038153e-03 
1.064874495e-03 9.357937418e-04 8.125877428e-04 7.076353560e-04 6.234397003e-04 
5.587601867e-04 5.114510571e-04 4.799735097e-04 4.644363463e-04 4.675598993e-04 
4.955943647e-04 5.584920003e-04 6.671920635e-04 8.248362117e-04 1.006396699e-03 
1.087926572e-03 7.885913822e-04 2.944509382e-04 7.260022585e-05 1.465039186e-05 
2.614879589e-06 4.252872452e-07 6.393152390e-08 8.957270775e-09 1.176470890e-09 
1.455097380e-10 0.000000000e+00 0.000000000e+00 0.000000000e+00 0.000000000e+00 
0.000000000e+00 0.000000000e+00 0.000000000e+00 0.000000000e+00 0.000000000e+00 
0.000000000e+00 0.000000000e+00 0.000000000e+00 0.000000000e+00 0.000000000e+00 
0.000000000e+00 0.000000000e+00 0.000000000e+00 0.000000000e+00 0.000000000e+00 
0.000000000e+00 0.000000000e+00 0.000000000e+00 0.000000000e+00 0.000000000e+00 
0.000000000e+00 0.000000000e+00 0.000000000e+00 0.000000000e+00 0.000000000e+00 
0.000000000e+00 0.000000000e+00 0.000000000e+00 0.000000000e+00 0.000000000e+00 
0.000000000e+00 0.000000000e+00 0.000000000e+00 0.000000000e+00 0.000000000e+00 
0.000000000e+00 0.000000000e+00 0.000000000e+00 0.000000000e+00 0.000000000e+00 
0.000000000e+00 0.000000000e+00 0.000000000e+00 0.000000000e+00 0.000000000e+00 
0.000000000e+00 0.000000000e+00 0.000000000e+00 0.000000000e+00 0.000000000e+00 
0.000000000e+00 0.000000000e+00 0.000000000e+00 0.000000000e+00 0.000000000e+00 
0.000000000e+00 0.000000000e+00 0.000000000e+00 0.000000000e+00 0.000000000e+00 
0.000000000e+00 0.000000000e+00 0.000000000e+00 0.000000000e+00 0.000000000e+00 
0.000000000e+00 0.000000000e+00 0.000000000e+00 0.000000000e+00 0.000000000e+00 
0.000000000e+00 0.000000000e+00 0.000000000e+00 0.000000000e+00 0.000000000e+00 
0.000000000e+00 0.000000000e+00 0.000000000e+00 0.000000000e+00 0.000000000e+00 
massfraction-H2O
0.000000000e+00 0.000000000e+00 0.000000000e+00 0.000000000e+00 0.000000000e+00 
0.000000000e+00 0.000000000e+00 0.000000000e+00 0.000000000e+00 0.000000000e+00 
0.000000000e+00 0.000000000e+00 0.000000000e+00 0.000000000e+00 0.000000000e+00 
0.000000000e+00 0.000000000e+00 0.000000000e+00 0.000000000e+00 0.000000000e+00 
0.000000000e+00 0.000000000e+00 0.000000000e+00 0.000000000e+00 0.000000000e+00 
0.000000000e+00 0.000000000e+00 0.000000000e+00 0.000000000e+00 0.000000000e+00 
0.000000000e+00 0.000000000e+00 0.000000000e+00 0.000000000e+00 3.308801504e-10 
2.591264246e-09 1.924338855e-08 1.349751235e-07 8.902290080e-07 5.493299495e-06 
3.152502105e-05 1.669773099e-04 8.073189124e-04 3.498095255e-03 1.314703686e-02 
4.065997183e-02 9.739933935e-02 1.759106092e-01 2.486163696e-01 2.960558929e-01 
3.175115150e-01 3.210134180e-01 3.139256142e-01 3.001672359e-01 2.811178070e-01 
2.568938420e-01 2.275588119e-01 1.939753584e-01 1.580812818e-01 1.225488383e-01 
9.004865353e-02 6.251773105e-02 4.079290502e-02 2.473070506e-02 1.360011373e-02 
6.425394348e-03 2.346822581e-03 6.466043407e-04 1.488335046e-04 3.059939906e-05 
5.761163652e-06 1.003553191e-06 1.627355775e-07 2.468631642e-08 3.518075526e-09 
4.727928125e-10 0.000000000e+00 0.000000000e+00 0.000000000e+00 0.000000000e+00 
0.000000000e+00 0.000000000e+00 0.000000000e+00 0.000000000e+00 0.000000000e+00 
0.000000000e+00 0.000000000e+00 0.000000000e+00 0.000000000e+00 0.000000000e+00 
0.000000000e+00 0.000000000e+00 0.000000000e+00 0.000000000e+00 0.000000000e+00 
0.000000000e+00 0.000000000e+00 0.000000000e+00 0.000000000e+00 0.000000000e+00 
0.000000000e+00 0.000000000e+00 0.000000000e+00 0.000000000e+00 0.000000000e+00 
0.000000000e+00 0.000000000e+00 0.000000000e+00 0.000000000e+00 0.000000000e+00 
0.000000000e+00 0.000000000e+00 0.000000000e+00 0.000000000e+00 0.000000000e+00 
0.000000000e+00 0.000000000e+00 0.000000000e+00 0.000000000e+00 0.000000000e+00 
0.000000000e+00 0.000000000e+00 0.000000000e+00 0.000000000e+00 0.000000000e+00 
0.000000000e+00 0.000000000e+00 0.000000000e+00 0.000000000e+00 0.000000000e+00 
0.000000000e+00 0.000000000e+00 0.000000000e+00 0.000000000e+00 0.000000000e+00 
0.000000000e+00 0.000000000e+00 0.000000000e+00 0.000000000e+00 0.000000000e+00 
0.000000000e+00 0.000000000e+00 0.000000000e+00 0.000000000e+00 0.000000000e+00 
0.000000000e+00 0.000000000e+00 0.000000000e+00 0.000000000e+00 0.000000000e+00 
0.000000000e+00 0.000000000e+00 0.000000000e+00 0.000000000e+00 0.000000000e+00 
0.000000000e+00 0.000000000e+00 0.000000000e+00 0.000000000e+00 0.000000000e+00 
massfraction-H2O2
0.000000000e+00 0.000000000e+00 0.000000000e+00 0.000000000e+00 0.000000000e+00 
0.000000000e+00 0.000000000e+00 0.000000000e+00 0.000000000e+00 0.000000000e+00 
0.000000000e+00 0.000000000e+00 0.000000000e+00 0.000000000e+00 0.000000000e+00 
0.000000000e+00 0.000000000e+00 0.000000000e+00 0.000000000e+00 0.000000000e+00 
0.000000000e+00 0.000000000e+00 0.000000000e+00 0.000000000e+00 0.000000000e+00 
0.000000000e+00 0.000000000e+00 0.000000000e+00 0.000000000e+00 0.000000000e+00 
0.000000000e+00 0.000000000e+00 0.000000000e+00 0.000000000e+00 0.000000000e+00 
0.000000000e+00 0.000000000e+00 1.811284319e-10 1.259396994e-09 8.184802638e-09 
4.941931622e-08 2.750436357e-07 1.393933217e-06 6.287304595e-06 2.405104531e-05 
7.111400178e-05 1.433273625e-04 1.825675248e-04 1.544986080e-04 9.936507701e-05 
5.585864481e-05 3.114577453e-05 1.931849007e-05 1.473815480e-05 1.390383666e-05 
1.491134472e-05 1.678680997e-05 1.918803140e-05 2.246986109e-05 2.791598979e-05 
3.774738599e-05 5.427826772e-05 7.757271754e-05 1.018489866e-04 1.132044122e-04 
9.612382806e-05 5.581808600e-05 1.910037590e-05 4.399673587e-06 8.472477751e-07 
1.471505941e-07 2.354803586e-08 3.501426099e-09 4.864055522e-10 0.000000000e+00 
0.000000000e+00 0.000000000e+00 0.000000000e+00 0.000000000e+00 0.000000000e+00 
0.000000000e+00 0.000000000e+00 0.000000000e+00 0.000000000e+00 0.000000000e+00 
0.000000000e+00 0.000000000e+00 0.000000000e+00 0.000000000e+00 0.000000000e+00 
0.000000000e+00 0.000000000e+00 0.000000000e+00 0.000000000e+00 0.000000000e+00 
0.000000000e+00 0.000000000e+00 0.000000000e+00 0.000000000e+00 0.000000000e+00 
0.000000000e+00 0.000000000e+00 0.000000000e+00 0.000000000e+00 0.000000000e+00 
0.000000000e+00 0.000000000e+00 0.000000000e+00 0.000000000e+00 0.000000000e+00 
0.000000000e+00 0.000000000e+00 0.000000000e+00 0.000000000e+00 0.000000000e+00 
0.000000000e+00 0.000000000e+00 0.000000000e+00 0.000000000e+00 0.000000000e+00 
0.000000000e+00 0.000000000e+00 0.000000000e+00 0.000000000e+00 0.000000000e+00 
0.000000000e+00 0.000000000e+00 0.000000000e+00 0.000000000e+00 0.000000000e+00 
0.000000000e+00 0.000000000e+00 0.000000000e+00 0.000000000e+00 0.000000000e+00 
0.000000000e+00 0.000000000e+00 0.000000000e+00 0.000000000e+00 0.000000000e+00 
0.000000000e+00 0.000000000e+00 0.000000000e+00 0.000000000e+00 0.000000000e+00 
0.000000000e+00 0.000000000e+00 0.000000000e+00 0.000000000e+00 0.000000000e+00 
0.000000000e+00 0.000000000e+00 0.000000000e+00 0.000000000e+00 0.000000000e+00 
0.000000000e+00 0.000000000e+00 0.000000000e+00 0.000000000e+00 0.000000000e+00 
PREMIX_CDOT
0.000000000e+00 2.018065941e-20 1.993267597e-20 1.968698760e-20 1.944333241e-20 
1.920145598e-20 1.896111002e-20 1.872205116e-20 1.848403970e-20 1.824683840e-20 
1.801021131e-20 1.777392253e-20 1.753773502e-20 1.730140946e-20 1.706470481e-20 
1.682739903e-20 1.658953800e-20 1.635422862e-20 1.615828187e-20 1.640208827e-20 
2.133108179e-20 7.501066514e-20 6.247839182e-19 6.106220278e-18 5.941090889e-17 
5.643904287e-16 5.217391982e-15 4.684724816e-14 4.078430449e-13 3.436015126e-12 
2.795598136e-11 2.191571268e-10 1.650987632e-09 1.191315561e-08 8.199006912e-08 
5.350839489e-07 3.285390527e-06 1.881332520e-05 1.005482349e-04 5.302747540e-04 
3.392167787e-03 3.220105638e-02 3.678991832e-01 3.735531761e+00 2.841740014e+01 
1.442680270e+02 4.623732703e+02 9.823674611e+02 1.545351624e+03 1.995463446e+03 
2.333535938e+03 2.793517130e+03 3.806809288e+03 5.778518656e+03 8.812576281e+03 
1.247252711e+04 1.576890623e+04 1.750187932e+04 1.686349214e+04 1.393183944e+04 
9.699634560e+03 5.633055211e+03 2.989199834e+03 2.029968766e+03 1.775372369e+03 
1.281727186e+03 6.056466284e+02 1.273297725e+02 1.379990256e+01 1.190559932e+00 
9.488843182e-02 7.183586874e-03 5.230850746e-04 3.708120586e-05 2.583748295e-06 
1.780212019e-07 1.216697979e-08 8.260760900e-10 5.575509745e-11 3.742379754e-12 
2.498805258e-13 1.660102158e-14 1.097566201e-15 7.222335833e-17 4.730630270e-18 
3.084524583e-19 2.002225092e-20 1.293949322e-21 8.325763196e-23 5.334028915e-24 
3.402774567e-25 2.161621019e-26 1.367466659e-27 8.615236674e-29 5.405721042e-30 
3.378305430e-31 2.102936571e-32 1.303943451e-33 8.054158947e-35 4.956033546e-36 
3.038259110e-37 1.855735370e-38 1.129359592e-39 6.848538607e-41 4.138449823e-42 
2.492162955e-43 1.495681512e-44 8.946453638e-46 5.333804836e-47 3.169736742e-48 
1.877736906e-49 1.108913083e-50 6.528860230e-52 3.832483976e-53 2.243120361e-54 
1.309122620e-55 7.618859789e-57 4.421891120e-58 2.559535359e-59 1.477664964e-60 
8.509017379e-62 4.887630760e-63 2.800657422e-64 1.601000402e-65 9.131039141e-67 
5.196059805e-68 2.950407910e-69 1.671774530e-70 9.454903568e-72 5.351381206e-73 
3.167438614e-74 3.308706796e-75 1.713135286e-75 1.623496446e-75 1.618463241e-75 
1.618180363e-75 1.618164401e-75 1.618163491e-75 1.618163438e-75 1.618163435e-75 
1.618163435e-75 1.618163435e-75 1.618163435e-75 1.618163435e-75 1.618163435e-75 
1.618163435e-75 1.618163435e-75 1.618163435e-75 1.618163435e-75 1.618163435e-75 
1.618163435e-75 1.618163435e-75 1.618163435e-75 1.618163435e-75 1.618163435e-75 
1.618163435e-75 1.618163435e-75 1.618163435e-75 1.618163435e-75 0.000000000e+00 

