HEADER
PREMIX_CHI 0.0000
C  0.936245
NUMOFSPECIES  13
GRIDPOINTS 160
PRESSURE 101325.00
BODY
MIXTURE_FRACTION
1.000000000e+00 9.999999990e-01 1.000000000e+00 9.999999990e-01 1.000000000e+00 
9.999999990e-01 1.000000000e+00 9.999999990e-01 1.000000000e+00 9.999999990e-01 
1.000000000e+00 9.999999990e-01 1.000000000e+00 9.999999990e-01 1.000000000e+00 
9.999999990e-01 1.000000000e+00 9.999999990e-01 1.000000000e+00 9.999999990e-01 
1.000000000e+00 9.999999990e-01 1.000000000e+00 9.999999990e-01 1.000000000e+00 
9.999999990e-01 1.000000000e+00 1.000000000e+00 1.000000000e+00 1.000000000e+00 
1.000000000e+00 1.000000000e+00 1.000000000e+00 9.999999997e-01 9.999999969e-01 
9.999999726e-01 9.999997767e-01 9.999982999e-01 9.999880036e-01 9.999221866e-01 
9.995419983e-01 9.976109560e-01 9.894360384e-01 9.628911509e-01 9.013938232e-01 
8.003930700e-01 6.765094635e-01 5.543063559e-01 4.498043591e-01 3.672795859e-01 
3.043846417e-01 2.566337059e-01 2.199466794e-01 1.911634884e-01 1.677829220e-01 
1.476619118e-01 1.289830235e-01 1.107621047e-01 9.315486699e-02 7.681575267e-02 
6.222287861e-02 4.952789061e-02 3.864809598e-02 2.939327530e-02 2.158350983e-02 
1.510007436e-02 9.837782920e-03 5.703210734e-03 2.729780117e-03 9.971034182e-04 
2.742445344e-04 6.196587947e-05 1.252108954e-05 2.396545660e-06 4.650190979e-07 
9.941766316e-08 2.461452060e-08 6.862357351e-09 2.014406777e-09 5.914065416e-10 
1.692755858e-10 4.677265697e-11 1.244128420e-11 3.185694210e-12 7.860118413e-13 
1.871083208e-13 4.303011740e-14 9.572594471e-15 2.062533878e-15 4.309187834e-16 
8.739650886e-17 1.722475481e-17 3.302210650e-18 6.163963282e-19 1.121268625e-19 
1.989418030e-20 3.445597667e-21 5.829950380e-22 9.643884264e-23 1.560764876e-23 
2.472978170e-24 3.838730513e-25 5.841385020e-26 8.719087680e-27 1.277349919e-27 
1.837723090e-28 2.597891376e-29 3.610473798e-30 4.935531482e-31 6.639685490e-32 
8.794593977e-33 1.147475800e-33 1.475467803e-34 1.870544258e-35 2.339089121e-36 
2.886354945e-37 3.516057703e-38 4.229999716e-39 5.027747959e-40 5.906393157e-41 
6.860411000e-42 7.881640670e-43 8.959388341e-44 1.008065498e-44 1.123047936e-45 
1.239237961e-46 1.354887015e-47 1.468202645e-48 1.577406778e-49 1.680792777e-50 
1.776778475e-51 1.863952751e-52 1.941113727e-53 2.007297269e-54 2.061795099e-55 
2.104162458e-56 2.134215801e-57 2.152021499e-58 2.157876863e-59 2.152285049e-60 
2.135925527e-61 2.109621799e-62 2.074307962e-63 2.030995550e-64 1.980741892e-65 
1.924620946e-66 1.863697347e-67 1.799004132e-68 1.731524385e-69 1.662176845e-70 
1.591805351e-71 1.521171842e-72 1.450952540e-73 1.381736381e-74 1.314020459e-75 
1.248153676e-76 1.183744937e-77 1.113703064e-78 9.645837382e-80 0.000000000e+00 
PROGRESS VARIABLE
1.232260244e-19 1.234361539e-19 1.236695769e-19 1.239090905e-19 1.241502103e-19 
1.243919121e-19 1.246341146e-19 1.248769959e-19 1.251208081e-19 1.253658289e-19 
1.256123503e-19 1.258606813e-19 1.261111885e-19 1.263645861e-19 1.266240717e-19 
1.269108548e-19 1.273753776e-19 1.290803865e-19 1.394129585e-19 2.087502237e-19 
6.736144397e-19 3.732769353e-18 2.341690041e-17 1.470309992e-16 9.034517781e-16 
5.406506221e-15 3.144372111e-14 1.774378164e-13 9.701520990e-13 5.134482611e-12 
2.630601372e-11 1.307821755e-10 6.353466821e-10 3.062068601e-09 1.503080471e-08 
7.771181560e-08 4.330274042e-07 2.578686274e-06 1.579733477e-05 9.501793474e-05 
5.380878570e-04 2.753404695e-03 1.206387394e-02 4.220934227e-02 1.120030506e-01 
2.266438340e-01 3.672474072e-01 5.058628403e-01 6.242812753e-01 7.176588820e-01 
7.886322244e-01 8.421481857e-01 8.824467541e-01 9.120933195e-01 9.312656387e-01 
9.362450587e-01 0.000000000e+00 0.000000000e+00 0.000000000e+00 0.000000000e+00 
0.000000000e+00 0.000000000e+00 0.000000000e+00 0.000000000e+00 0.000000000e+00 
0.000000000e+00 0.000000000e+00 0.000000000e+00 0.000000000e+00 0.000000000e+00 
0.000000000e+00 0.000000000e+00 0.000000000e+00 0.000000000e+00 0.000000000e+00 
0.000000000e+00 0.000000000e+00 0.000000000e+00 0.000000000e+00 0.000000000e+00 
0.000000000e+00 0.000000000e+00 0.000000000e+00 0.000000000e+00 0.000000000e+00 
0.000000000e+00 0.000000000e+00 0.000000000e+00 0.000000000e+00 0.000000000e+00 
0.000000000e+00 0.000000000e+00 0.000000000e+00 0.000000000e+00 0.000000000e+00 
0.000000000e+00 0.000000000e+00 0.000000000e+00 0.000000000e+00 0.000000000e+00 
0.000000000e+00 0.000000000e+00 0.000000000e+00 0.000000000e+00 0.000000000e+00 
0.000000000e+00 0.000000000e+00 0.000000000e+00 0.000000000e+00 0.000000000e+00 
0.000000000e+00 0.000000000e+00 0.000000000e+00 0.000000000e+00 0.000000000e+00 
0.000000000e+00 0.000000000e+00 0.000000000e+00 0.000000000e+00 0.000000000e+00 
0.000000000e+00 0.000000000e+00 0.000000000e+00 0.000000000e+00 0.000000000e+00 
0.000000000e+00 0.000000000e+00 0.000000000e+00 0.000000000e+00 0.000000000e+00 
0.000000000e+00 0.000000000e+00 0.000000000e+00 0.000000000e+00 0.000000000e+00 
0.000000000e+00 0.000000000e+00 0.000000000e+00 0.000000000e+00 0.000000000e+00 
0.000000000e+00 0.000000000e+00 0.000000000e+00 0.000000000e+00 0.000000000e+00 
0.000000000e+00 0.000000000e+00 0.000000000e+00 0.000000000e+00 0.000000000e+00 
0.000000000e+00 0.000000000e+00 0.000000000e+00 0.000000000e+00 0.000000000e+00 
0.000000000e+00 0.000000000e+00 0.000000000e+00 0.000000000e+00 0.000000000e+00 
TEMPERATURE
3.000000000e+02 3.000000000e+02 3.000000000e+02 3.000000000e+02 3.000000000e+02 
3.000000000e+02 3.000000000e+02 3.000000000e+02 3.000000000e+02 3.000000000e+02 
3.000000000e+02 3.000000000e+02 3.000000000e+02 3.000000000e+02 3.000000000e+02 
3.000000000e+02 3.000000000e+02 3.000000000e+02 3.000000000e+02 3.000000000e+02 
3.000000000e+02 3.000000000e+02 3.000000000e+02 3.000000000e+02 3.000000000e+02 
3.000000000e+02 3.000000000e+02 3.000000000e+02 3.000000000e+02 3.000000001e+02 
3.000000004e+02 3.000000027e+02 3.000000160e+02 3.000000915e+02 3.000004982e+02 
3.000025716e+02 3.000125357e+02 3.000574592e+02 3.002464212e+02 3.009827494e+02 
3.036135115e+02 3.120804719e+02 3.358655061e+02 3.915754380e+02 4.963563648e+02 
6.549928459e+02 8.572175159e+02 1.088025876e+03 1.336432669e+03 1.594975225e+03 
1.857328187e+03 2.116297097e+03 2.362608560e+03 2.584358007e+03 2.767871473e+03 
2.903202093e+03 2.990117810e+03 3.036527564e+03 3.051756933e+03 3.041875871e+03 
3.008175102e+03 2.945899398e+03 2.841489198e+03 2.671204627e+03 2.411204764e+03 
2.058688730e+03 1.633891661e+03 1.173685707e+03 7.553056757e+02 4.799133918e+02 
3.521881809e+02 3.117915812e+02 3.022713952e+02 3.003907687e+02 3.000611719e+02 
3.000087985e+02 3.000011709e+02 3.000001450e+02 3.000000168e+02 3.000000018e+02 
3.000000002e+02 3.000000000e+02 3.000000000e+02 3.000000000e+02 3.000000000e+02 
3.000000000e+02 3.000000000e+02 3.000000000e+02 3.000000000e+02 3.000000000e+02 
3.000000000e+02 3.000000000e+02 3.000000000e+02 3.000000000e+02 3.000000000e+02 
3.000000000e+02 3.000000000e+02 3.000000000e+02 3.000000000e+02 3.000000000e+02 
3.000000000e+02 3.000000000e+02 3.000000000e+02 3.000000000e+02 3.000000000e+02 
3.000000000e+02 3.000000000e+02 3.000000000e+02 3.000000000e+02 3.000000000e+02 
3.000000000e+02 3.000000000e+02 3.000000000e+02 3.000000000e+02 3.000000000e+02 
3.000000000e+02 3.000000000e+02 3.000000000e+02 3.000000000e+02 3.000000000e+02 
3.000000000e+02 3.000000000e+02 3.000000000e+02 3.000000000e+02 3.000000000e+02 
3.000000000e+02 3.000000000e+02 3.000000000e+02 3.000000000e+02 3.000000000e+02 
3.000000000e+02 3.000000000e+02 3.000000000e+02 3.000000000e+02 3.000000000e+02 
3.000000000e+02 3.000000000e+02 3.000000000e+02 3.000000000e+02 3.000000000e+02 
3.000000000e+02 3.000000000e+02 3.000000000e+02 3.000000000e+02 3.000000000e+02 
3.000000000e+02 3.000000000e+02 3.000000000e+02 3.000000000e+02 3.000000000e+02 
3.000000000e+02 3.000000000e+02 3.000000000e+02 3.000000000e+02 3.000000000e+02 
3.000000000e+02 3.000000000e+02 3.000000000e+02 3.000000000e+02 3.000000000e+02 
Cp
1.432478610e+04 1.432478610e+04 1.432478610e+04 1.432478610e+04 1.432478610e+04 
1.432478610e+04 1.432478610e+04 1.432478610e+04 1.432478610e+04 1.432478610e+04 
1.432478610e+04 1.432478610e+04 1.432478610e+04 1.432478610e+04 1.432478610e+04 
1.432478610e+04 1.432478610e+04 1.432478610e+04 1.432478610e+04 1.432478610e+04 
1.432478610e+04 1.432478610e+04 1.432478610e+04 1.432478610e+04 1.432478610e+04 
1.432478610e+04 1.432478610e+04 1.432478610e+04 1.432478610e+04 1.432478610e+04 
1.432478611e+04 1.432478611e+04 1.432478613e+04 1.432478625e+04 1.432478686e+04 
1.432478979e+04 1.432480249e+04 1.432485065e+04 1.432499320e+04 1.432517830e+04 
1.432375697e+04 1.430892494e+04 1.422627353e+04 1.391611492e+04 1.313150682e+04 
1.178581395e+04 1.017555086e+04 8.759712284e+03 7.563786398e+03 6.591182051e+03 
5.828892788e+03 5.230755493e+03 4.751864372e+03 4.356894606e+03 4.017105979e+03 
3.707128653e+03 3.405440412e+03 3.102610743e+03 2.805875505e+03 2.528532524e+03 
2.279360024e+03 2.060647593e+03 1.869830665e+03 1.701545627e+03 1.550214713e+03 
1.412532105e+03 1.287432471e+03 1.176682515e+03 1.069858373e+03 9.754545132e+02 
9.332369134e+02 9.203694896e+02 9.173634689e+02 9.167662731e+02 9.166596766e+02 
9.166419777e+02 9.166391149e+02 9.166386273e+02 9.166385311e+02 9.166385084e+02 
9.166385024e+02 9.166385007e+02 9.166385002e+02 9.166385001e+02 9.166385001e+02 
9.166385000e+02 9.166385000e+02 9.166385000e+02 9.166385000e+02 9.166385000e+02 
9.166385000e+02 9.166385000e+02 9.166385000e+02 9.166385000e+02 9.166385000e+02 
9.166385000e+02 9.166385000e+02 9.166385000e+02 9.166385000e+02 9.166385000e+02 
9.166385000e+02 9.166385000e+02 9.166385000e+02 9.166385000e+02 9.166385000e+02 
9.166385000e+02 9.166385000e+02 9.166385000e+02 9.166385000e+02 9.166385000e+02 
9.166385000e+02 9.166385000e+02 9.166385000e+02 9.166385000e+02 9.166385000e+02 
9.166385000e+02 9.166385000e+02 9.166385000e+02 9.166385000e+02 9.166385000e+02 
9.166385000e+02 9.166385000e+02 9.166385000e+02 9.166385000e+02 9.166385000e+02 
9.166385000e+02 9.166385000e+02 9.166385000e+02 9.166385000e+02 9.166385000e+02 
9.166385000e+02 9.166385000e+02 9.166385000e+02 9.166385000e+02 9.166385000e+02 
9.166385000e+02 9.166385000e+02 9.166385000e+02 9.166385000e+02 9.166385000e+02 
9.166385000e+02 9.166385000e+02 9.166385000e+02 9.166385000e+02 9.166385000e+02 
9.166385000e+02 9.166385000e+02 9.166385000e+02 9.166385000e+02 9.166385000e+02 
9.166385000e+02 9.166385000e+02 9.166385000e+02 9.166385000e+02 9.166385000e+02 
9.166385000e+02 9.166385000e+02 9.166385000e+02 9.166385000e+02 9.166385000e+02 
MMW
2.015880000e+00 2.015880000e+00 2.015880000e+00 2.015880000e+00 2.015880000e+00 
2.015880000e+00 2.015880000e+00 2.015880000e+00 2.015880000e+00 2.015880000e+00 
2.015880000e+00 2.015880000e+00 2.015880000e+00 2.015880000e+00 2.015880000e+00 
2.015880000e+00 2.015880000e+00 2.015880000e+00 2.015880000e+00 2.015880000e+00 
2.015880000e+00 2.015880000e+00 2.015880000e+00 2.015880000e+00 2.015880000e+00 
2.015880000e+00 2.015880000e+00 2.015880000e+00 2.015880000e+00 2.015880000e+00 
2.015880000e+00 2.015880000e+00 2.015879999e+00 2.015879995e+00 2.015879983e+00 
2.015879961e+00 2.015880084e+00 2.015882088e+00 2.015899568e+00 2.016021954e+00 
2.016758545e+00 2.020579253e+00 2.037055346e+00 2.092646547e+00 2.233992072e+00 
2.512687511e+00 2.966672041e+00 3.610572194e+00 4.434332388e+00 5.409446201e+00 
6.497427884e+00 7.663131226e+00 8.874592678e+00 1.010093032e+01 1.131799698e+01 
1.252202526e+01 1.374642184e+01 1.505152644e+01 1.648141437e+01 1.804350011e+01 
1.972121974e+01 2.148719469e+01 2.330544921e+01 2.512312752e+01 2.686096114e+01 
2.842619333e+01 2.973800869e+01 3.073596217e+01 3.139740416e+01 3.177667314e+01 
3.193696176e+01 3.198455029e+01 3.199580075e+01 3.199817689e+01 3.199866116e+01 
3.199876477e+01 3.199878992e+01 3.199879694e+01 3.199879907e+01 3.199879972e+01 
3.199879992e+01 3.199879998e+01 3.199879999e+01 3.199880000e+01 3.199880000e+01 
3.199880000e+01 3.199880000e+01 3.199880000e+01 3.199880000e+01 3.199880000e+01 
3.199880000e+01 3.199880000e+01 3.199880000e+01 3.199880000e+01 3.199880000e+01 
3.199880000e+01 3.199880000e+01 3.199880000e+01 3.199880000e+01 3.199880000e+01 
3.199880000e+01 3.199880000e+01 3.199880000e+01 3.199880000e+01 3.199880000e+01 
3.199880000e+01 3.199880000e+01 3.199880000e+01 3.199880000e+01 3.199880000e+01 
3.199880000e+01 3.199880000e+01 3.199880000e+01 3.199880000e+01 3.199880000e+01 
3.199880000e+01 3.199880000e+01 3.199880000e+01 3.199880000e+01 3.199880000e+01 
3.199880000e+01 3.199880000e+01 3.199880000e+01 3.199880000e+01 3.199880000e+01 
3.199880000e+01 3.199880000e+01 3.199880000e+01 3.199880000e+01 3.199880000e+01 
3.199880000e+01 3.199880000e+01 3.199880000e+01 3.199880000e+01 3.199880000e+01 
3.199880000e+01 3.199880000e+01 3.199880000e+01 3.199880000e+01 3.199880000e+01 
3.199880000e+01 3.199880000e+01 3.199880000e+01 3.199880000e+01 3.199880000e+01 
3.199880000e+01 3.199880000e+01 3.199880000e+01 3.199880000e+01 3.199880000e+01 
3.199880000e+01 3.199880000e+01 3.199880000e+01 3.199880000e+01 3.199880000e+01 
3.199880000e+01 3.199880000e+01 3.199880000e+01 3.199880000e+01 3.199880000e+01 
rho
8.188905810e-02 8.188905810e-02 8.188905810e-02 8.188905810e-02 8.188905810e-02 
8.188905810e-02 8.188905810e-02 8.188905810e-02 8.188905810e-02 8.188905810e-02 
8.188905810e-02 8.188905810e-02 8.188905810e-02 8.188905810e-02 8.188905810e-02 
8.188905810e-02 8.188905810e-02 8.188905810e-02 8.188905810e-02 8.188905810e-02 
8.188905810e-02 8.188905810e-02 8.188905810e-02 8.188905810e-02 8.188905810e-02 
8.188905810e-02 8.188905810e-02 8.188905810e-02 8.188905810e-02 8.188905808e-02 
8.188905798e-02 8.188905737e-02 8.188905369e-02 8.188903294e-02 8.188892144e-02 
8.188835456e-02 8.188563988e-02 8.187346163e-02 8.182264355e-02 8.162742689e-02 
8.094970406e-02 7.890267911e-02 7.391283831e-02 6.512727290e-02 5.484922388e-02 
4.675029752e-02 4.217556958e-02 4.044075579e-02 4.043557423e-02 4.133151446e-02 
4.263195733e-02 4.412778014e-02 4.577613385e-02 4.763115951e-02 4.983174649e-02 
5.256295370e-02 5.602525240e-02 6.040679201e-02 6.581531934e-02 7.228725825e-02 
7.989380668e-02 8.888823067e-02 9.995256035e-02 1.146169900e-01 1.357594000e-01 
1.682714638e-01 2.218048725e-01 3.191372156e-01 5.065863105e-01 8.069154153e-01 
1.105099227e+00 1.250139043e+00 1.289966368e+00 1.298138729e+00 1.299584315e+00 
1.299815395e+00 1.299849465e+00 1.299854195e+00 1.299854837e+00 1.299854929e+00 
1.299854944e+00 1.299854947e+00 1.299854948e+00 1.299854948e+00 1.299854948e+00 
1.299854948e+00 1.299854948e+00 1.299854948e+00 1.299854948e+00 1.299854948e+00 
1.299854948e+00 1.299854948e+00 1.299854948e+00 1.299854948e+00 1.299854948e+00 
1.299854948e+00 1.299854948e+00 1.299854948e+00 1.299854948e+00 1.299854948e+00 
1.299854948e+00 1.299854948e+00 1.299854948e+00 1.299854948e+00 1.299854948e+00 
1.299854948e+00 1.299854948e+00 1.299854948e+00 1.299854948e+00 1.299854948e+00 
1.299854948e+00 1.299854948e+00 1.299854948e+00 1.299854948e+00 1.299854948e+00 
1.299854948e+00 1.299854948e+00 1.299854948e+00 1.299854948e+00 1.299854948e+00 
1.299854948e+00 1.299854948e+00 1.299854948e+00 1.299854948e+00 1.299854948e+00 
1.299854948e+00 1.299854948e+00 1.299854948e+00 1.299854948e+00 1.299854948e+00 
1.299854948e+00 1.299854948e+00 1.299854948e+00 1.299854948e+00 1.299854948e+00 
1.299854948e+00 1.299854948e+00 1.299854948e+00 1.299854948e+00 1.299854948e+00 
1.299854948e+00 1.299854948e+00 1.299854948e+00 1.299854948e+00 1.299854948e+00 
1.299854948e+00 1.299854948e+00 1.299854948e+00 1.299854948e+00 1.299854948e+00 
1.299854948e+00 1.299854948e+00 1.299854948e+00 1.299854948e+00 1.299854948e+00 
1.299854948e+00 1.299854948e+00 1.299854948e+00 1.299854948e+00 1.299854948e+00 
mu
9.000028555e-06 9.000028555e-06 9.000028555e-06 9.000028555e-06 9.000028555e-06 
9.000028555e-06 9.000028555e-06 9.000028555e-06 9.000028555e-06 9.000028555e-06 
9.000028555e-06 9.000028555e-06 9.000028555e-06 9.000028555e-06 9.000028555e-06 
9.000028555e-06 9.000028555e-06 9.000028555e-06 9.000028555e-06 9.000028555e-06 
9.000028555e-06 9.000028555e-06 9.000028555e-06 9.000028555e-06 9.000028555e-06 
9.000028555e-06 9.000028555e-06 9.000028555e-06 9.000028555e-06 9.000028556e-06 
9.000028563e-06 9.000028608e-06 9.000028872e-06 9.000030368e-06 9.000038425e-06 
9.000079507e-06 9.000277029e-06 9.001168398e-06 9.004923722e-06 9.019591536e-06 
9.072142857e-06 9.241543393e-06 9.715976154e-06 1.081815051e-05 1.289568398e-05 
1.618195988e-05 2.080239730e-05 2.678206824e-05 3.399931659e-05 4.216505700e-05 
5.088717178e-05 5.975874099e-05 6.838147723e-05 7.636789105e-05 8.336306115e-05 
8.913271804e-05 9.362052487e-05 9.686265011e-05 9.891425014e-05 9.984795636e-05 
9.971996346e-05 9.849803416e-05 9.597043415e-05 9.169758296e-05 8.519883295e-05 
7.634608294e-05 6.533926653e-05 5.254598290e-05 3.936321329e-05 2.901182135e-05 
2.328667993e-05 2.126836561e-05 2.077373582e-05 2.067511347e-05 2.065780296e-05 
2.065505284e-05 2.065465263e-05 2.065459889e-05 2.065459221e-05 2.065459143e-05 
2.065459135e-05 2.065459134e-05 2.065459134e-05 2.065459134e-05 2.065459134e-05 
2.065459134e-05 2.065459134e-05 2.065459134e-05 2.065459134e-05 2.065459134e-05 
2.065459134e-05 2.065459134e-05 2.065459134e-05 2.065459134e-05 2.065459134e-05 
2.065459134e-05 2.065459134e-05 2.065459134e-05 2.065459134e-05 2.065459134e-05 
2.065459134e-05 2.065459134e-05 2.065459134e-05 2.065459134e-05 2.065459134e-05 
2.065459134e-05 2.065459134e-05 2.065459134e-05 2.065459134e-05 2.065459134e-05 
2.065459134e-05 2.065459134e-05 2.065459134e-05 2.065459134e-05 2.065459134e-05 
2.065459134e-05 2.065459134e-05 2.065459134e-05 2.065459134e-05 2.065459134e-05 
2.065459134e-05 2.065459134e-05 2.065459134e-05 2.065459134e-05 2.065459134e-05 
2.065459134e-05 2.065459134e-05 2.065459134e-05 2.065459134e-05 2.065459134e-05 
2.065459134e-05 2.065459134e-05 2.065459134e-05 2.065459134e-05 2.065459134e-05 
2.065459134e-05 2.065459134e-05 2.065459134e-05 2.065459134e-05 2.065459134e-05 
2.065459134e-05 2.065459134e-05 2.065459134e-05 2.065459134e-05 2.065459134e-05 
2.065459134e-05 2.065459134e-05 2.065459134e-05 2.065459134e-05 2.065459134e-05 
2.065459134e-05 2.065459134e-05 2.065459134e-05 2.065459134e-05 2.065459134e-05 
2.065459134e-05 2.065459134e-05 2.065459134e-05 2.065459134e-05 2.065459134e-05 
TC
1.868277014e-01 1.868277014e-01 1.868277014e-01 1.868277014e-01 1.868277014e-01 
1.868277014e-01 1.868277014e-01 1.868277014e-01 1.868277014e-01 1.868277014e-01 
1.868277014e-01 1.868277014e-01 1.868277014e-01 1.868277014e-01 1.868277014e-01 
1.868277014e-01 1.868277014e-01 1.868277014e-01 1.868277014e-01 1.868277014e-01 
1.868277014e-01 1.868277014e-01 1.868277014e-01 1.868277014e-01 1.868277014e-01 
1.868277014e-01 1.868277014e-01 1.868277014e-01 1.868277014e-01 1.868277015e-01 
1.868277016e-01 1.868277027e-01 1.868277090e-01 1.868277446e-01 1.868279357e-01 
1.868289078e-01 1.868335662e-01 1.868544952e-01 1.869420815e-01 1.872805239e-01 
1.884708622e-01 1.921791698e-01 2.019084474e-01 2.220459135e-01 2.542803468e-01 
2.968066567e-01 3.461360219e-01 3.977105611e-01 4.474521598e-01 4.923327283e-01 
5.302326935e-01 5.593586182e-01 5.781340035e-01 5.852255201e-01 5.794851194e-01 
5.603927483e-01 5.288045354e-01 4.877866982e-01 4.421063060e-01 3.959265735e-01 
3.515762055e-01 3.098103046e-01 2.702713684e-01 2.319001531e-01 1.938228302e-01 
1.564021673e-01 1.207381329e-01 8.775263872e-02 5.937261489e-02 3.987348974e-02 
3.040382440e-02 2.740184801e-02 2.669928356e-02 2.656049121e-02 2.653599527e-02 
2.653202563e-02 2.653141735e-02 2.653132452e-02 2.653130912e-02 2.653130608e-02 
2.653130536e-02 2.653130517e-02 2.653130512e-02 2.653130511e-02 2.653130511e-02 
2.653130511e-02 2.653130511e-02 2.653130511e-02 2.653130511e-02 2.653130511e-02 
2.653130511e-02 2.653130511e-02 2.653130511e-02 2.653130511e-02 2.653130511e-02 
2.653130511e-02 2.653130511e-02 2.653130511e-02 2.653130511e-02 2.653130511e-02 
2.653130511e-02 2.653130511e-02 2.653130511e-02 2.653130511e-02 2.653130511e-02 
2.653130511e-02 2.653130511e-02 2.653130511e-02 2.653130511e-02 2.653130511e-02 
2.653130511e-02 2.653130511e-02 2.653130511e-02 2.653130511e-02 2.653130511e-02 
2.653130511e-02 2.653130511e-02 2.653130511e-02 2.653130511e-02 2.653130511e-02 
2.653130511e-02 2.653130511e-02 2.653130511e-02 2.653130511e-02 2.653130511e-02 
2.653130511e-02 2.653130511e-02 2.653130511e-02 2.653130511e-02 2.653130511e-02 
2.653130511e-02 2.653130511e-02 2.653130511e-02 2.653130511e-02 2.653130511e-02 
2.653130511e-02 2.653130511e-02 2.653130511e-02 2.653130511e-02 2.653130511e-02 
2.653130511e-02 2.653130511e-02 2.653130511e-02 2.653130511e-02 2.653130511e-02 
2.653130511e-02 2.653130511e-02 2.653130511e-02 2.653130511e-02 2.653130511e-02 
2.653130511e-02 2.653130511e-02 2.653130511e-02 2.653130511e-02 2.653130511e-02 
2.653130511e-02 2.653130511e-02 2.653130511e-02 2.653130511e-02 2.653130511e-02 
net_rxn-H2
-5.594098034e-19 -9.410723563e-19 -1.041181103e-18 -1.064732079e-18 -1.067477716e-18 
-1.064573515e-18 -1.060131942e-18 -1.055263844e-18 -1.050265391e-18 -1.045212061e-18 
-1.040119629e-18 -1.034987647e-18 -1.029811130e-18 -1.024583645e-18 -1.019298097e-18 
-1.013946893e-18 -1.008521929e-18 -1.003014531e-18 -9.974153632e-19 -9.917143296e-19 
-9.859004486e-19 -9.799617097e-19 -9.738849001e-19 -9.676553483e-19 -9.612547619e-19 
-9.545928082e-19 -9.452218943e-19 -8.563636669e-19 1.584727773e-18 6.913696453e-17 
1.811020257e-15 4.336310922e-14 9.557833908e-13 1.930133866e-11 3.551271847e-10 
5.917153350e-09 8.869322445e-08 1.187154759e-06 1.406726462e-05 1.458891017e-04 
1.299666886e-03 9.594634153e-03 5.486171520e-02 2.198394334e-01 5.673381197e-01 
9.598422659e-01 1.202960035e+00 1.260629616e+00 1.150831256e+00 8.467013333e-01 
2.476322458e-01 -8.264615207e-01 -2.745041206e+00 -6.391099688e+00 -1.297674018e+01 
-2.153023950e+01 -2.644412644e+01 -2.385833302e+01 -1.753659334e+01 -1.198239284e+01 
-8.302171043e+00 -6.067530458e+00 -4.673558443e+00 -3.554918102e+00 -2.404057620e+00 
-1.415016509e+00 -7.452469239e-01 -1.755554726e-01 -8.337102283e-03 -2.237234880e-04 
-5.809729756e-06 -3.262459628e-07 -2.882737968e-08 -2.624302934e-09 -2.150871232e-10 
-1.551265056e-11 -9.869253270e-13 -5.575393063e-14 -2.815581780e-15 -1.278907752e-16 
-5.254389426e-18 -1.962606666e-19 -6.695729501e-21 -2.095439239e-22 -6.039167694e-24 
-1.608743230e-25 -3.974402651e-27 -9.134777298e-29 -1.959020341e-30 -3.930850498e-32 
-7.398750627e-34 -1.309499432e-35 -2.184325913e-37 -3.441357349e-39 -5.131296163e-41 
-7.255180385e-43 -9.745182188e-45 -1.245691694e-46 -1.517866982e-48 -1.765891222e-50 
-1.965490815e-52 -2.110809684e-54 -2.416720092e-56 -6.265372682e-58 -6.305123238e-59 
-8.804683099e-60 -1.242290972e-60 -1.726294831e-61 -2.359834589e-62 -3.174643457e-63 
-4.204973196e-64 -5.486444274e-65 -7.054677648e-66 -8.943662978e-67 -1.118392397e-67 
-1.380057475e-68 -1.681138255e-69 -2.022496484e-70 -2.403925119e-71 -2.824033143e-72 
-3.280179210e-73 -3.768461374e-74 -4.283766580e-75 -4.819879578e-76 -5.369646937e-77 
-5.925188151e-78 -6.478142809e-79 -7.019940630e-80 -7.542080086e-81 -8.036401207e-82 
-8.495339150e-83 -8.912146900e-84 -9.281077900e-85 -9.597522319e-86 -9.858093661e-87 
-1.006066539e-87 -1.020435991e-88 -1.028949458e-89 -1.031749093e-90 -1.029075470e-91 
-1.021253465e-92 -1.008676822e-93 -9.917921611e-95 -9.710831287e-96 -9.470552673e-97 
-9.202220703e-98 -8.910925734e-99 -8.601607037e-100 -8.278965047e-101 -7.947392556e-102 
-7.610924216e-103 -7.273203144e-104 -6.937462910e-105 -6.606522939e-106 -6.282795204e-107 
-5.968300066e-108 -5.664689149e-109 -5.373272916e-110 -5.095047162e-111 -4.830676113e-112 
net_rxn-H
2.797049017e-19 4.705361782e-19 5.205905514e-19 5.323660395e-19 5.337388581e-19 
5.322867577e-19 5.300659709e-19 5.276319221e-19 5.251326956e-19 5.226060307e-19 
5.200598143e-19 5.174938236e-19 5.149055650e-19 5.122918223e-19 5.096490484e-19 
5.069734463e-19 5.042609646e-19 5.015072654e-19 4.987076816e-19 4.958571648e-19 
4.929502243e-19 4.899808549e-19 4.869424493e-19 4.838276451e-19 4.806262833e-19 
4.772571000e-19 4.712822759e-19 3.859299551e-19 -2.051583188e-18 -6.960063252e-17 
-1.811485438e-15 -4.336361806e-14 -9.557842963e-13 -1.930134283e-11 -3.551272169e-10 
-5.917153693e-09 -8.869323018e-08 -1.187154886e-06 -1.406726746e-05 -1.458891589e-04 
-1.299667880e-03 -9.594648721e-03 -5.486188879e-02 -2.198409926e-01 -5.673497870e-01 
-9.600237639e-01 -1.205799410e+00 -1.282658985e+00 -1.248088360e+00 -1.140906510e+00 
-9.579198170e-01 -6.632781318e-01 -1.396067870e-01 1.013198264e+00 3.411689179e+00 
6.532510882e+00 7.784208162e+00 5.915578646e+00 2.909875421e+00 4.999097172e-01 
-1.102898172e+00 -2.146035601e+00 -2.700061051e+00 -2.592036496e+00 -1.867021220e+00 
-1.070886147e+00 -5.486327481e-01 -2.515924950e-01 -4.780448558e-02 -1.305007980e-03 
-9.749950307e-06 -1.708068586e-07 -7.716414265e-09 -4.421476219e-10 -2.355957892e-11 
-1.087142664e-12 -4.341729055e-14 -1.526316129e-15 -4.843055871e-17 -1.434293715e-18 
-4.126002828e-20 -1.193895931e-21 -3.520731179e-23 -1.044050985e-24 -3.035109184e-26 
-8.630951669e-28 -2.084201812e-29 -6.963486831e-31 -1.816495271e-32 -4.722136484e-34 
-1.433983373e-35 -1.035736137e-36 4.211470649e-38 3.503708970e-39 1.046152699e-39 
4.102055758e-41 1.805970047e-42 -6.842748371e-45 -6.985005343e-45 2.407261727e-46 
-1.235301779e-47 3.689126163e-49 -1.191723213e-51 -2.665111606e-51 2.753056473e-53 
-1.910968743e-54 -2.099031393e-55 3.086793231e-57 -8.309668345e-59 -4.843163686e-60 
2.683982113e-61 3.077398053e-62 -7.110020898e-64 -1.085406293e-65 -7.883776497e-67 
2.625495950e-68 1.442932568e-70 -2.028204305e-71 -1.819274506e-72 -1.041867081e-73 
-2.232260916e-75 -4.243444678e-77 -2.700959632e-78 -1.971160823e-79 -1.686744056e-80 
-2.250550871e-81 -2.521040022e-82 -2.787472478e-83 -3.031783844e-84 -3.260507711e-85 
-3.439587375e-86 -2.653926423e-87 3.634361537e-88 3.003533763e-89 1.426729247e-88 
4.585892054e-88 3.157431214e-88 3.219445977e-89 -4.493264710e-88 -2.435424768e-88 
-5.976973055e-88 1.639867354e-88 5.418623898e-88 4.851346117e-88 -2.458958562e-88 
1.751412571e-89 -1.365312815e-88 1.757144145e-88 -3.376177577e-89 1.925406525e-88 
-1.441136926e-88 9.049169793e-89 -1.102029404e-88 -1.030379234e-88 -7.246119453e-89 
-1.439201387e-89 -2.964081360e-89 4.969351263e-91 2.004020371e-94 2.837555341e-95 
net_rxn-O
-4.323365837e-18 -4.303450066e-18 -4.283591458e-18 -4.263767946e-18 -4.243957563e-18 
-4.224138320e-18 -4.204288082e-18 -4.184384445e-18 -4.164404600e-18 -4.144325198e-18 
-4.124122199e-18 -4.103770715e-18 -4.083244835e-18 -4.062517436e-18 -4.041559963e-18 
-4.020342199e-18 -3.998831986e-18 -3.976994916e-18 -3.954793979e-18 -3.932189138e-18 
-3.909136853e-18 -3.885589501e-18 -3.861494697e-18 -3.836794484e-18 -3.811424360e-18 
-3.785312410e-18 -3.758381131e-18 -3.730579021e-18 -3.702203033e-18 -3.676927968e-18 
-3.688930415e-18 -4.034664253e-18 -7.157942732e-18 -3.220339574e-17 -2.217080779e-16 
-1.594379928e-15 -1.145307744e-14 -8.882401934e-14 -8.510489268e-13 -1.029661691e-11 
-1.358664098e-10 -1.715493516e-09 -1.964123730e-08 -2.001279227e-07 -2.232163807e-06 
-3.855610501e-05 -6.770674716e-04 -7.146622554e-03 -4.377852772e-02 -1.820181875e-01 
-5.977692049e-01 -1.677735464e+00 -4.203433095e+00 -9.491487663e+00 -1.823147302e+01 
-2.603404957e+01 -2.253662284e+01 -6.066680185e+00 1.231516641e+01 2.535123789e+01 
3.235550674e+01 3.326596370e+01 2.707329101e+01 1.520571927e+01 4.115999218e+00 
-2.624249716e+00 -6.976340215e+00 -8.628205564e+00 -1.840903213e+00 -1.089651772e-01 
-7.821322953e-03 -5.524588882e-04 -3.302970265e-05 -1.658002108e-06 -7.114478483e-08 
-2.644946015e-09 -8.599525772e-11 -2.463736957e-12 -6.261730068e-14 -1.420715905e-15 
-2.895284931e-17 -5.332978831e-19 -8.941011963e-21 -1.376618552e-22 -1.972076711e-24 
-2.684240147e-26 -3.588334474e-28 -4.924603529e-30 -7.217002974e-32 -1.139419039e-33 
-1.887505095e-35 -3.156710245e-37 -5.172106450e-39 -8.160043904e-41 -1.229731647e-42 
-1.764913366e-44 -2.411402752e-46 -3.136793823e-48 -3.870170598e-50 -4.690931977e-52 
-4.827991301e-54 -6.867361785e-56 -5.519111156e-58 8.034345064e-59 -9.476079969e-61 
6.131569307e-62 6.787932971e-63 -9.992788499e-65 2.689105220e-66 1.567763173e-67 
-8.678739553e-69 -9.949749490e-70 2.312421130e-71 3.673331858e-73 2.894012316e-74 
9.918349718e-76 1.640695339e-75 1.622092233e-75 1.618611270e-75 1.618212500e-75 
1.618168814e-75 1.618164046e-75 1.618163504e-75 1.618163443e-75 1.618163436e-75 
1.618163435e-75 1.618163435e-75 1.618163435e-75 1.618163435e-75 1.618163435e-75 
1.618163435e-75 1.618163435e-75 1.618163435e-75 1.618163435e-75 1.618163435e-75 
1.618163435e-75 1.618163435e-75 1.618163435e-75 1.618163435e-75 1.618163435e-75 
1.618163435e-75 1.618163435e-75 1.618163435e-75 1.618163435e-75 1.618163435e-75 
1.618163435e-75 1.618163435e-75 1.618163435e-75 1.618163435e-75 1.618163435e-75 
1.618163435e-75 1.618163435e-75 1.618163435e-75 1.618163435e-75 1.618163435e-75 
1.618163435e-75 1.618163435e-75 1.618163435e-75 1.618163435e-75 1.618163435e-75 
net_rxn-O2
1.411842223e-33 2.735469088e-33 3.072037018e-33 3.141559534e-33 3.138946121e-33 
3.116926244e-33 3.089732662e-33 3.061182993e-33 3.032281419e-33 3.003273762e-33 
2.974201821e-33 2.945052366e-33 2.915796923e-33 2.886402279e-33 2.856833394e-33 
2.827056278e-33 2.797055061e-33 2.766953117e-33 2.737855416e-33 2.717582743e-33 
2.758873777e-33 3.208152242e-33 6.286537407e-33 2.588011891e-32 1.464899449e-31 
8.661579092e-31 4.893789181e-30 1.607355380e-29 -7.281349402e-28 -5.695555166e-26 
-3.481920694e-24 -1.933760632e-22 -9.811469947e-21 -4.524722605e-19 -1.884257446e-17 
-7.034312271e-16 -2.335250312e-14 -6.832064584e-13 -1.743339609e-11 -3.831723485e-10 
-7.134764979e-09 -1.098235811e-07 -1.341145914e-06 -1.198765776e-05 -6.980508471e-05 
-2.528720976e-04 -6.718873369e-04 -2.370874951e-03 -1.275110179e-02 -6.492440685e-02 
-2.862331533e-01 -1.112321156e+00 -3.897868444e+00 -1.245845999e+01 -3.495015883e+01 
-7.858619534e+01 -1.295761992e+02 -1.572583158e+02 -1.570460174e+02 -1.462740073e+02 
-1.353225923e+02 -1.240647658e+02 -1.062443132e+02 -7.572238770e+01 -3.859848814e+01 
-9.102288226e+00 7.436086835e+00 1.078341019e+01 2.127415173e+00 1.673191323e-01 
1.297253043e-02 8.138452659e-04 3.952063534e-05 1.491682916e-06 4.461672822e-08 
1.015512344e-09 1.252447888e-11 -3.470650932e-13 -3.601605179e-14 -1.917923359e-15 
-8.254038058e-17 -3.126224074e-18 -1.070974448e-19 -3.356182158e-21 -9.679575272e-23 
-2.580754994e-24 -6.374663334e-26 -1.472086182e-27 -3.167279310e-29 -6.389485415e-31 
-1.219954316e-32 -2.407428180e-34 -2.130255756e-36 5.660538540e-38 3.239741890e-38 
1.290752192e-39 5.717895636e-41 -2.192122239e-43 -2.217751791e-43 7.641988719e-45 
-3.921710540e-46 1.171173578e-47 -3.783374418e-50 -8.460859767e-50 8.740034612e-52 
-6.066728978e-53 -6.663777927e-54 9.799011381e-56 -2.638797223e-57 -1.538553991e-58 
8.507416387e-60 9.752315137e-61 -2.279595501e-62 -3.729742219e-64 -2.857894339e-65 
3.953860003e-67 -4.878980630e-68 -7.064655357e-69 -8.209252763e-70 -9.296302596e-71 
-1.048598184e-71 -1.199328612e-72 -1.376994952e-73 -1.692596325e-74 -3.323386287e-75 
-1.806340236e-75 -1.638737424e-75 -1.620392921e-75 -1.618402967e-75 -1.618188958e-75 
-1.618166133e-75 -1.618163718e-75 -1.618163464e-75 -1.618163438e-75 -1.618163435e-75 
-1.618163435e-75 -1.618163435e-75 -1.618163435e-75 -1.618163435e-75 -1.618163435e-75 
-1.618163435e-75 -1.618163435e-75 -1.618163435e-75 -1.618163435e-75 -1.618163435e-75 
-1.618163435e-75 -1.618163435e-75 -1.618163435e-75 -1.618163435e-75 -1.618163435e-75 
-1.618163435e-75 -1.618163435e-75 -1.618163435e-75 -1.618163435e-75 -1.618163435e-75 
-1.618163435e-75 -1.618163435e-75 -1.618163435e-75 -1.618163435e-75 -1.618163435e-75 
net_rxn-OH
4.471900739e-18 1.209593994e-18 3.227889148e-19 8.195206810e-20 1.667117875e-20 
-9.626565498e-22 -5.692059000e-21 -6.936542348e-21 -7.243274833e-21 -7.298687869e-21 
-7.286968336e-21 -7.257266814e-21 -7.222597298e-21 -7.186355700e-21 -7.149392829e-21 
-7.111889140e-21 -7.073847901e-21 -7.035223575e-21 -6.995954572e-21 -6.955971071e-21 
-6.915196331e-21 -6.873546225e-21 -6.830928167e-21 -6.787239667e-21 -6.742366688e-21 
-6.696181212e-21 -6.648540219e-21 -6.599307597e-21 -6.548663644e-21 -6.500702200e-21 
-6.511574021e-21 -7.660312424e-21 -4.004329083e-20 -1.053446786e-18 -3.203686551e-17 
-9.003142821e-16 -2.253939404e-14 -4.891490695e-13 -8.855261638e-12 -1.254086383e-10 
-1.251428810e-09 -7.699517036e-09 -2.759125436e-08 -3.587961329e-07 -4.362549437e-05 
-2.442729282e-03 -4.504064233e-02 -3.514601765e-01 -1.520784670e+00 -4.439023369e+00 
-1.010518981e+01 -1.920401945e+01 -3.144490568e+01 -4.405761090e+01 -4.827642310e+01 
-3.054063713e+01 8.651590337e+00 4.455184288e+01 6.090526057e+01 6.327200147e+01 
6.007946054e+01 5.424144331e+01 4.367207268e+01 2.485228412e+01 1.357740249e+00 
-1.688557644e+01 -2.269612890e+01 -1.192611600e+01 -1.714604781e+00 -1.225639721e-01 
-9.272510222e-03 -6.541459340e-04 -3.922339610e-05 -1.990546360e-06 -8.687782541e-08 
-3.312835492e-09 -1.122578052e-10 -3.456427472e-12 -9.971832833e-14 -2.800245148e-15 
-7.924506449e-17 -2.292198741e-18 -6.692657801e-20 -1.921264712e-21 -5.293952152e-23 
-1.378858150e-24 -3.369118851e-26 -7.702273071e-28 -1.647524343e-29 -3.301593570e-31 
-6.210275621e-33 -1.098754283e-34 -1.832376375e-36 -2.886397103e-38 -4.303229582e-40 
-6.083616321e-42 -8.170556394e-44 -1.044286800e-45 -1.272275579e-47 -1.480040691e-49 
-1.645686447e-51 -1.754545833e-53 -1.790314407e-55 -1.664528119e-57 -1.750662413e-59 
-8.457451852e-62 5.905571341e-63 -1.172803894e-64 2.768361717e-66 1.659422411e-67 
-9.230912665e-69 -1.057698750e-69 2.457899909e-71 3.887526118e-73 2.904319176e-74 
-6.657864753e-76 2.395137411e-77 4.176306409e-78 4.760479320e-79 5.215627249e-80 
5.718575223e-81 6.496211548e-82 7.377211454e-83 8.296795569e-84 9.241396759e-85 
1.019884659e-85 1.115083865e-86 1.208362741e-87 1.298252841e-88 1.383352928e-89 
1.462350162e-90 1.533769295e-91 1.595060940e-92 1.649705212e-93 1.646477282e-94 
1.528842983e-96 -9.106218005e-96 -9.304901362e-97 1.547424453e-95 8.379451346e-96 
2.056052163e-95 -5.641005263e-96 -1.863966440e-95 -1.668827226e-95 8.458635903e-96 
-6.024729908e-97 4.696575270e-96 -6.044446113e-96 1.161380157e-96 -6.623256278e-96 
4.957404612e-96 -3.112847591e-96 3.790899779e-96 3.544428483e-96 2.492611587e-96 
4.950746502e-97 1.019622101e-96 -1.709420141e-98 -6.893682103e-102 -9.760980852e-103 
net_rxn-HO2
-5.569594212e-34 -5.572526636e-34 -5.575212251e-34 -5.577829317e-34 -5.580428397e-34 
-5.583025340e-34 -5.585626574e-34 -5.588236007e-34 -5.590856911e-34 -5.593492453e-34 
-5.596145876e-34 -5.598820723e-34 -5.601522147e-34 -5.604266471e-34 -5.607151677e-34 
-5.610870351e-34 -5.620384693e-34 -5.670806683e-34 -6.006301179e-34 -8.292380881e-34 
-2.365707831e-33 -1.248235141e-32 -7.759436854e-32 -4.865710822e-31 -2.989582760e-30 
-1.789144819e-29 -1.040460981e-28 -5.868311741e-28 -3.202266369e-27 -1.680496758e-26 
-8.310794198e-26 -4.420014449e-25 -1.223245504e-23 -9.028757444e-22 -5.464489583e-20 
-2.676417553e-18 -1.091708167e-16 -3.730498364e-15 -1.058763143e-13 -2.458411403e-12 
-4.563979357e-11 -6.270359080e-10 -5.398132541e-09 -2.460099144e-08 -5.681763982e-08 
-8.473296823e-08 -2.078314756e-07 -1.565628453e-06 -9.917468229e-06 -3.753129060e-05 
-1.309174514e-04 -6.334235771e-04 -3.155995774e-03 -1.223994543e-02 -3.361802223e-02 
-6.233668855e-02 -7.368338632e-02 -5.061205237e-02 -7.618597605e-03 3.790420131e-02 
8.425512650e-02 1.317358900e-01 1.465100063e-01 5.675808263e-02 -7.195971615e-02 
-8.106939534e-02 -7.497001668e-02 8.706592487e-02 9.436215183e-02 -2.017321337e-02 
-1.618323534e-03 2.784429935e-05 1.412832581e-05 1.382815786e-06 8.563502281e-08 
4.033226788e-09 1.568112528e-10 5.314583104e-12 1.647822249e-13 4.898667656e-15 
1.449255641e-16 4.326576123e-18 1.288568195e-19 3.741062907e-21 1.037197893e-22 
2.711431428e-24 6.633471426e-26 1.524759710e-27 3.273404758e-29 6.596721301e-31 
1.258905748e-32 2.483690592e-34 2.197688927e-36 -5.838600979e-38 -3.341789859e-38 
-1.331409882e-39 -5.898005304e-41 2.261172602e-43 2.287609429e-43 -7.882706046e-45 
4.045241693e-46 -1.208064730e-47 3.902548080e-50 8.727370962e-50 -9.015339620e-52 
6.257826719e-53 6.873682295e-54 -1.010767342e-55 2.721917499e-57 1.587017371e-58 
-8.775394083e-60 -1.005950628e-60 2.351401173e-62 3.847226504e-64 2.947916023e-65 
-4.078403854e-67 5.032664963e-68 7.287185422e-69 8.467821829e-70 9.588962754e-71 
1.081461384e-71 1.235437496e-72 1.403677991e-73 1.578998487e-74 1.758936187e-75 
1.941042402e-76 2.122205553e-77 2.299713875e-78 2.470777482e-79 2.632726389e-80 
2.783072205e-81 2.919305839e-82 3.038059472e-83 3.141891250e-84 3.181482687e-85 
1.792809294e-86 -6.997960745e-87 -7.173159999e-88 1.474775944e-86 7.978589835e-87 
1.957296724e-86 -5.369996463e-87 -1.774421861e-86 -1.588657226e-86 8.052285460e-87 
-5.735303585e-88 4.470953133e-87 -5.754072645e-87 1.105587786e-87 -6.305076934e-87 
4.719252308e-87 -2.963307280e-87 3.608786034e-87 3.374155149e-87 2.372867237e-87 
4.712914051e-88 9.706397463e-88 -1.627300085e-89 -6.562511580e-93 -9.292066114e-94 
net_rxn-H2O
1.311699996e-19 3.564392251e-18 4.481393095e-18 4.714181918e-18 4.761025243e-18 
4.757387734e-18 4.740046112e-18 4.718952909e-18 4.696780570e-18 4.674229916e-18 
4.651468981e-18 4.628521805e-18 4.605372998e-18 4.581995614e-18 4.558358404e-18 
4.534427535e-18 4.510166798e-18 4.485537405e-18 4.460497615e-18 4.435002274e-18 
4.409002273e-18 4.382443902e-18 4.355268076e-18 4.327409427e-18 4.298795205e-18 
4.269344300e-18 4.238969290e-18 4.207612041e-18 4.175607115e-18 4.147096736e-18 
4.160626903e-18 4.551353276e-18 8.113301178e-18 3.788728330e-17 3.048546188e-16 
3.543924639e-15 6.318543825e-14 1.391517494e-12 3.008394489e-11 5.785710461e-10 
9.562155114e-09 1.344335043e-07 1.567370485e-06 1.413048518e-05 1.273894082e-04 
2.915786987e-03 4.923016252e-02 3.830214347e-01 1.674654154e+00 4.980359492e+00 
1.169977370e+01 2.348471954e+01 4.243460225e+01 7.139893686e+01 1.110589335e+02 
1.502237557e+02 1.621967069e+02 1.367662899e+02 9.845798020e+01 6.909260304e+01 
5.220557381e+01 4.463677109e+01 4.272501090e+01 4.175614430e+01 3.747209020e+01 
3.118314935e+01 2.360273859e+01 1.010884728e+01 1.377554228e+00 8.201930485e-02 
5.195058313e-03 3.184019310e-04 1.567325918e-05 6.222821324e-07 2.113501934e-08 
6.633161586e-10 2.127633525e-11 7.595673487e-13 3.006780148e-14 1.225898358e-15 
4.821126747e-17 1.770037629e-18 5.997635136e-20 1.871752129e-21 5.388131927e-23 
1.434560366e-24 3.543178205e-26 8.142513304e-28 1.746065780e-29 3.503311277e-31 
6.593637849e-33 1.166938677e-34 1.946420169e-36 3.066375145e-38 4.571920158e-40 
6.463911309e-42 8.681849876e-44 1.109704696e-45 1.352083335e-47 1.572860609e-49 
1.749553978e-51 1.863572848e-53 1.903500249e-55 1.866932181e-57 1.760484739e-59 
1.598093914e-61 1.398161537e-63 1.180315037e-65 9.625151388e-68 7.590210402e-70 
5.794144580e-72 4.286005809e-74 3.075173289e-76 2.142165294e-78 1.450121588e-80 
9.548045287e-83 6.120168502e-85 3.822272654e-87 2.327826802e-89 1.383576136e-91 
8.031993691e-94 4.557727145e-96 2.529923620e-98 1.374748118e-100 7.318317281e-103 
3.819264335e-105 1.955332104e-107 9.825445748e-110 4.843211921e-112 2.323902700e-114 
1.022510910e-116 2.013801155e-119 -7.947926491e-121 -3.165628313e-122 -1.020718949e-123 
-3.185866450e-125 -9.842020367e-127 -3.019637014e-128 -9.207982467e-130 -2.791726532e-131 
-8.418105958e-133 -2.525333854e-134 -7.539006614e-136 -2.240407378e-137 -6.629486153e-139 
-1.953321543e-140 -5.684950915e-142 -1.294421857e-143 2.102018473e-144 1.675687671e-144 
6.655794719e-145 3.331531809e-145 3.194797073e-145 3.191769995e-145 -1.241107877e-147 
1.016466787e-147 3.673993863e-147 8.028719398e-148 2.373854099e-149 6.812546846e-151 
net_rxn-H2O2
5.745441682e-34 5.747389168e-34 5.748478609e-34 5.748757801e-34 5.748775055e-34 
5.748718278e-34 5.748641124e-34 5.748558215e-34 5.748473427e-34 5.748387725e-34 
5.748301288e-34 5.748214080e-34 5.748126005e-34 5.748036945e-34 5.747946772e-34 
5.747855349e-34 5.747762529e-34 5.747668154e-34 5.748308550e-34 5.757719432e-34 
5.821496695e-34 6.241976335e-34 8.948934711e-34 2.595334659e-33 1.300312169e-32 
7.497122346e-32 4.332672882e-31 2.441344734e-30 1.332683372e-29 7.012933892e-29 
3.455673166e-28 1.071160186e-27 -2.633286180e-26 -1.559411038e-24 -6.643184183e-23 
-2.489471710e-21 -8.281114584e-20 -2.428417378e-18 -6.225770964e-17 -1.387631610e-15 
-2.705070464e-14 -4.785174113e-13 -8.318493152e-12 -1.485901389e-10 -2.533979787e-09 
-4.674144665e-08 -9.820922936e-07 -1.282600176e-05 -7.283268446e-05 -1.508200773e-04 
-1.630390714e-04 -2.703937761e-04 -5.910344587e-04 -1.236942705e-03 -2.209533447e-03 
-2.808398547e-03 -1.873591660e-03 2.296597255e-04 1.946732919e-03 2.743828487e-03 
2.865283012e-03 2.417881851e-03 1.048105053e-03 -1.563474462e-03 -4.302970415e-03 
-4.062922382e-03 2.493382115e-03 2.146129395e-03 1.231802909e-02 3.892656952e-03 
5.601276496e-04 4.701037878e-05 2.967422209e-06 1.548340849e-07 6.874486570e-09 
2.623260095e-10 8.671338584e-12 2.503593157e-13 6.365666725e-15 1.436434672e-16 
2.897112258e-18 5.256150927e-20 8.628006971e-22 1.288166493e-23 1.757611886e-25 
2.201169058e-27 2.540365628e-29 2.711736489e-31 2.686476729e-33 2.477838573e-35 
2.133994573e-37 1.720823300e-39 1.302624152e-41 9.278786361e-44 6.233580934e-46 
3.957873833e-48 2.378437870e-50 1.348402162e-52 6.884730645e-55 1.529435098e-57 
-8.561994949e-59 -4.583458199e-60 -2.040098957e-61 -8.748286208e-63 -3.667116473e-64 
-1.505824243e-65 -6.062122973e-67 -2.394207005e-68 -9.282280983e-70 -3.534784958e-71 
-1.322928895e-72 -4.868738312e-74 -1.762932391e-75 -6.283751080e-77 -2.205886711e-78 
-7.630220448e-80 -2.601841376e-81 -8.749941334e-83 -2.903285365e-84 -9.508246584e-86 
-3.074574242e-87 -9.818971506e-89 -3.097634210e-90 -9.654080009e-92 -2.972086959e-93 
-9.034653776e-95 -2.709543018e-96 -8.004563205e-98 -2.322951039e-99 -6.590328851e-101 
-1.812065866e-102 -4.749551449e-104 -1.145236092e-105 -2.306148837e-107 -2.360202083e-109 
1.136170768e-110 1.098265184e-111 7.240070885e-113 1.239310904e-113 9.399493935e-114 
9.260903580e-114 9.254751140e-114 9.254485013e-114 9.254473676e-114 9.254473196e-114 
9.254473159e-114 7.757564789e-114 4.934787419e-114 2.439525808e-114 7.140197993e-115 
6.635156164e-115 6.622111596e-115 6.621728975e-115 6.621721462e-115 1.321300305e-116 
7.640295253e-117 -4.872490693e-117 -8.797741052e-118 -2.571516412e-119 -6.668345835e-121 
massfraction-H2
1.000000000e+00 1.000000000e+00 1.000000000e+00 1.000000000e+00 1.000000000e+00 
1.000000000e+00 1.000000000e+00 1.000000000e+00 1.000000000e+00 1.000000000e+00 
1.000000000e+00 1.000000000e+00 1.000000000e+00 1.000000000e+00 1.000000000e+00 
1.000000000e+00 1.000000000e+00 1.000000000e+00 1.000000000e+00 1.000000000e+00 
1.000000000e+00 1.000000000e+00 1.000000000e+00 1.000000000e+00 1.000000000e+00 
1.000000000e+00 1.000000000e+00 1.000000000e+00 1.000000000e+00 1.000000000e+00 
1.000000000e+00 9.999999999e-01 9.999999994e-01 9.999999969e-01 9.999999850e-01 
9.999999223e-01 9.999995670e-01 9.999974213e-01 9.999842027e-01 9.999049821e-01 
9.994619121e-01 9.972465949e-01 9.879361239e-01 9.577906450e-01 8.879968794e-01 
7.733558636e-01 6.327516528e-01 4.941349323e-01 3.757135939e-01 2.823256540e-01 
2.113103999e-01 1.576383130e-01 1.168108671e-01 8.549285719e-02 6.134672540e-02 
4.285084723e-02 2.906303904e-02 1.922741645e-02 1.247837025e-02 7.938153323e-03 
4.910092714e-03 2.911493499e-03 1.622620876e-03 8.301807681e-04 3.800636080e-04 
1.492153531e-04 4.779296030e-05 1.974837095e-05 1.269267854e-05 7.643954558e-06 
4.023647372e-06 1.919958546e-06 8.529915917e-07 3.554794686e-07 1.394655934e-07 
5.167302420e-08 1.813315840e-08 6.043279416e-09 1.917564728e-09 5.806470065e-10 
1.681478157e-10 0.000000000e+00 0.000000000e+00 0.000000000e+00 0.000000000e+00 
0.000000000e+00 0.000000000e+00 0.000000000e+00 0.000000000e+00 0.000000000e+00 
0.000000000e+00 0.000000000e+00 0.000000000e+00 0.000000000e+00 0.000000000e+00 
0.000000000e+00 0.000000000e+00 0.000000000e+00 0.000000000e+00 0.000000000e+00 
0.000000000e+00 0.000000000e+00 0.000000000e+00 0.000000000e+00 0.000000000e+00 
0.000000000e+00 0.000000000e+00 0.000000000e+00 0.000000000e+00 0.000000000e+00 
0.000000000e+00 0.000000000e+00 0.000000000e+00 0.000000000e+00 0.000000000e+00 
0.000000000e+00 0.000000000e+00 0.000000000e+00 0.000000000e+00 0.000000000e+00 
0.000000000e+00 0.000000000e+00 0.000000000e+00 0.000000000e+00 0.000000000e+00 
0.000000000e+00 0.000000000e+00 0.000000000e+00 0.000000000e+00 0.000000000e+00 
0.000000000e+00 0.000000000e+00 0.000000000e+00 0.000000000e+00 0.000000000e+00 
0.000000000e+00 0.000000000e+00 0.000000000e+00 0.000000000e+00 0.000000000e+00 
0.000000000e+00 0.000000000e+00 0.000000000e+00 0.000000000e+00 0.000000000e+00 
0.000000000e+00 0.000000000e+00 0.000000000e+00 0.000000000e+00 0.000000000e+00 
0.000000000e+00 0.000000000e+00 0.000000000e+00 0.000000000e+00 0.000000000e+00 
0.000000000e+00 0.000000000e+00 0.000000000e+00 0.000000000e+00 0.000000000e+00 
massfraction-H
0.000000000e+00 0.000000000e+00 0.000000000e+00 0.000000000e+00 0.000000000e+00 
0.000000000e+00 0.000000000e+00 0.000000000e+00 0.000000000e+00 0.000000000e+00 
0.000000000e+00 0.000000000e+00 0.000000000e+00 0.000000000e+00 0.000000000e+00 
0.000000000e+00 0.000000000e+00 0.000000000e+00 0.000000000e+00 0.000000000e+00 
0.000000000e+00 0.000000000e+00 0.000000000e+00 0.000000000e+00 0.000000000e+00 
0.000000000e+00 0.000000000e+00 0.000000000e+00 0.000000000e+00 0.000000000e+00 
0.000000000e+00 1.269505321e-10 5.960043143e-10 2.678324735e-09 1.148847380e-08 
4.689552924e-08 1.815693786e-07 6.644333960e-07 2.289403572e-06 7.400290897e-06 
2.237930511e-05 6.334814095e-05 1.688848950e-04 4.248955892e-04 9.728482447e-04 
1.887329856e-03 2.999189053e-03 4.018031069e-03 4.785467425e-03 5.306764226e-03 
5.652890198e-03 5.887626814e-03 6.051619753e-03 6.160953183e-03 6.187453014e-03 
6.030955738e-03 5.560729432e-03 4.761174042e-03 3.781618410e-03 2.803287183e-03 
1.941562040e-03 1.247256886e-03 7.332577347e-04 3.897856154e-04 1.866019909e-04 
7.882394694e-05 2.640145502e-05 4.696229804e-06 1.643031019e-07 1.574330297e-09 
0.000000000e+00 0.000000000e+00 0.000000000e+00 0.000000000e+00 0.000000000e+00 
0.000000000e+00 0.000000000e+00 0.000000000e+00 0.000000000e+00 0.000000000e+00 
0.000000000e+00 0.000000000e+00 0.000000000e+00 0.000000000e+00 0.000000000e+00 
0.000000000e+00 0.000000000e+00 0.000000000e+00 0.000000000e+00 0.000000000e+00 
0.000000000e+00 0.000000000e+00 0.000000000e+00 0.000000000e+00 0.000000000e+00 
0.000000000e+00 0.000000000e+00 0.000000000e+00 0.000000000e+00 0.000000000e+00 
0.000000000e+00 0.000000000e+00 0.000000000e+00 0.000000000e+00 0.000000000e+00 
0.000000000e+00 0.000000000e+00 0.000000000e+00 0.000000000e+00 0.000000000e+00 
0.000000000e+00 0.000000000e+00 0.000000000e+00 0.000000000e+00 0.000000000e+00 
0.000000000e+00 0.000000000e+00 0.000000000e+00 0.000000000e+00 0.000000000e+00 
0.000000000e+00 0.000000000e+00 0.000000000e+00 0.000000000e+00 0.000000000e+00 
0.000000000e+00 0.000000000e+00 0.000000000e+00 0.000000000e+00 0.000000000e+00 
0.000000000e+00 0.000000000e+00 0.000000000e+00 0.000000000e+00 0.000000000e+00 
0.000000000e+00 0.000000000e+00 0.000000000e+00 0.000000000e+00 0.000000000e+00 
0.000000000e+00 0.000000000e+00 0.000000000e+00 0.000000000e+00 0.000000000e+00 
0.000000000e+00 0.000000000e+00 0.000000000e+00 0.000000000e+00 0.000000000e+00 
0.000000000e+00 0.000000000e+00 0.000000000e+00 0.000000000e+00 0.000000000e+00 
0.000000000e+00 0.000000000e+00 0.000000000e+00 0.000000000e+00 0.000000000e+00 
massfraction-O
0.000000000e+00 0.000000000e+00 0.000000000e+00 0.000000000e+00 0.000000000e+00 
0.000000000e+00 0.000000000e+00 0.000000000e+00 0.000000000e+00 0.000000000e+00 
0.000000000e+00 0.000000000e+00 0.000000000e+00 0.000000000e+00 0.000000000e+00 
0.000000000e+00 0.000000000e+00 0.000000000e+00 0.000000000e+00 0.000000000e+00 
0.000000000e+00 0.000000000e+00 0.000000000e+00 0.000000000e+00 0.000000000e+00 
0.000000000e+00 0.000000000e+00 0.000000000e+00 0.000000000e+00 0.000000000e+00 
0.000000000e+00 0.000000000e+00 0.000000000e+00 0.000000000e+00 0.000000000e+00 
0.000000000e+00 0.000000000e+00 0.000000000e+00 0.000000000e+00 0.000000000e+00 
0.000000000e+00 0.000000000e+00 0.000000000e+00 1.008124221e-10 6.624792681e-10 
4.702122122e-09 4.998406817e-08 6.206249811e-07 5.288356731e-06 2.882124739e-05 
1.131678229e-04 3.564237117e-04 9.696615483e-04 2.390020982e-03 5.455828869e-03 
1.140700941e-02 2.095248261e-02 3.254007899e-02 4.272291288e-02 4.871675071e-02 
4.951941491e-02 4.546753990e-02 3.772109117e-02 2.803971774e-02 1.841703743e-02 
1.029024318e-02 4.307278888e-03 8.660294263e-04 8.222521100e-05 1.058789420e-05 
1.852491382e-06 4.194170542e-07 1.012934277e-07 2.331948835e-08 4.981037981e-09 
9.861775006e-10 1.817330904e-10 0.000000000e+00 0.000000000e+00 0.000000000e+00 
0.000000000e+00 0.000000000e+00 0.000000000e+00 0.000000000e+00 0.000000000e+00 
0.000000000e+00 0.000000000e+00 0.000000000e+00 0.000000000e+00 0.000000000e+00 
0.000000000e+00 0.000000000e+00 0.000000000e+00 0.000000000e+00 0.000000000e+00 
0.000000000e+00 0.000000000e+00 0.000000000e+00 0.000000000e+00 0.000000000e+00 
0.000000000e+00 0.000000000e+00 0.000000000e+00 0.000000000e+00 0.000000000e+00 
0.000000000e+00 0.000000000e+00 0.000000000e+00 0.000000000e+00 0.000000000e+00 
0.000000000e+00 0.000000000e+00 0.000000000e+00 0.000000000e+00 0.000000000e+00 
0.000000000e+00 0.000000000e+00 0.000000000e+00 0.000000000e+00 0.000000000e+00 
0.000000000e+00 0.000000000e+00 0.000000000e+00 0.000000000e+00 0.000000000e+00 
0.000000000e+00 0.000000000e+00 0.000000000e+00 0.000000000e+00 0.000000000e+00 
0.000000000e+00 0.000000000e+00 0.000000000e+00 0.000000000e+00 0.000000000e+00 
0.000000000e+00 0.000000000e+00 0.000000000e+00 0.000000000e+00 0.000000000e+00 
0.000000000e+00 0.000000000e+00 0.000000000e+00 0.000000000e+00 0.000000000e+00 
0.000000000e+00 0.000000000e+00 0.000000000e+00 0.000000000e+00 0.000000000e+00 
0.000000000e+00 0.000000000e+00 0.000000000e+00 0.000000000e+00 0.000000000e+00 
0.000000000e+00 0.000000000e+00 0.000000000e+00 0.000000000e+00 0.000000000e+00 
massfraction-O2
0.000000000e+00 0.000000000e+00 0.000000000e+00 0.000000000e+00 0.000000000e+00 
0.000000000e+00 0.000000000e+00 0.000000000e+00 0.000000000e+00 0.000000000e+00 
0.000000000e+00 0.000000000e+00 0.000000000e+00 0.000000000e+00 0.000000000e+00 
0.000000000e+00 0.000000000e+00 0.000000000e+00 0.000000000e+00 0.000000000e+00 
0.000000000e+00 0.000000000e+00 0.000000000e+00 0.000000000e+00 0.000000000e+00 
0.000000000e+00 0.000000000e+00 0.000000000e+00 0.000000000e+00 0.000000000e+00 
0.000000000e+00 0.000000000e+00 0.000000000e+00 0.000000000e+00 0.000000000e+00 
0.000000000e+00 0.000000000e+00 0.000000000e+00 0.000000000e+00 0.000000000e+00 
0.000000000e+00 3.673180421e-10 2.155825176e-09 1.276741009e-08 7.007645017e-08 
3.024149422e-07 9.399984718e-07 2.227408630e-06 5.130860881e-06 1.546407137e-05 
5.737573191e-05 2.135012760e-04 7.423787737e-04 2.413823308e-03 7.387635917e-03 
2.090409408e-02 5.205785880e-02 1.087934318e-01 1.901809582e-01 2.877825243e-01 
3.923994053e-01 4.973833262e-01 5.985823252e-01 6.929977307e-01 7.774715297e-01 
8.489653522e-01 9.058666869e-01 9.479179794e-01 9.755508481e-01 9.911277445e-01 
9.975771167e-01 9.994606017e-01 9.998946797e-01 9.999813632e-01 9.999969430e-01 
9.999995201e-01 9.999999237e-01 9.999999866e-01 9.999999972e-01 9.999999993e-01 
9.999999998e-01 1.000000000e+00 1.000000000e+00 1.000000000e+00 1.000000000e+00 
1.000000000e+00 1.000000000e+00 1.000000000e+00 1.000000000e+00 1.000000000e+00 
1.000000000e+00 1.000000000e+00 1.000000000e+00 1.000000000e+00 1.000000000e+00 
1.000000000e+00 1.000000000e+00 1.000000000e+00 1.000000000e+00 1.000000000e+00 
1.000000000e+00 1.000000000e+00 1.000000000e+00 1.000000000e+00 1.000000000e+00 
1.000000000e+00 1.000000000e+00 1.000000000e+00 1.000000000e+00 1.000000000e+00 
1.000000000e+00 1.000000000e+00 1.000000000e+00 1.000000000e+00 1.000000000e+00 
1.000000000e+00 1.000000000e+00 1.000000000e+00 1.000000000e+00 1.000000000e+00 
1.000000000e+00 1.000000000e+00 1.000000000e+00 1.000000000e+00 1.000000000e+00 
1.000000000e+00 1.000000000e+00 1.000000000e+00 1.000000000e+00 1.000000000e+00 
1.000000000e+00 1.000000000e+00 1.000000000e+00 1.000000000e+00 1.000000000e+00 
1.000000000e+00 1.000000000e+00 1.000000000e+00 1.000000000e+00 1.000000000e+00 
1.000000000e+00 1.000000000e+00 1.000000000e+00 1.000000000e+00 1.000000000e+00 
1.000000000e+00 1.000000000e+00 1.000000000e+00 1.000000000e+00 1.000000000e+00 
1.000000000e+00 1.000000000e+00 1.000000000e+00 1.000000000e+00 1.000000000e+00 
1.000000000e+00 1.000000000e+00 1.000000000e+00 1.000000000e+00 1.000000000e+00 
massfraction-OH
0.000000000e+00 0.000000000e+00 0.000000000e+00 0.000000000e+00 0.000000000e+00 
0.000000000e+00 0.000000000e+00 0.000000000e+00 0.000000000e+00 0.000000000e+00 
0.000000000e+00 0.000000000e+00 0.000000000e+00 0.000000000e+00 0.000000000e+00 
0.000000000e+00 0.000000000e+00 0.000000000e+00 0.000000000e+00 0.000000000e+00 
0.000000000e+00 0.000000000e+00 0.000000000e+00 0.000000000e+00 0.000000000e+00 
0.000000000e+00 0.000000000e+00 0.000000000e+00 0.000000000e+00 0.000000000e+00 
0.000000000e+00 0.000000000e+00 0.000000000e+00 0.000000000e+00 0.000000000e+00 
0.000000000e+00 0.000000000e+00 0.000000000e+00 0.000000000e+00 0.000000000e+00 
0.000000000e+00 0.000000000e+00 0.000000000e+00 2.453663873e-10 1.336778128e-09 
6.683944478e-08 2.756387773e-06 4.067512797e-05 2.786154225e-04 1.151836269e-03 
3.421081993e-03 8.141134114e-03 1.661315399e-02 3.030457122e-02 5.044110628e-02 
7.659002040e-02 1.043271914e-01 1.257451812e-01 1.351200519e-01 1.321418289e-01 
1.196178571e-01 1.008053132e-01 7.846243431e-02 5.506578571e-02 3.336264205e-02 
1.614036913e-02 5.264171211e-03 8.614715096e-04 9.328597649e-05 1.149138850e-05 
1.781596384e-06 3.716574467e-07 8.659968536e-08 1.954238660e-08 4.105897455e-09 
7.999538386e-10 1.450427190e-10 0.000000000e+00 0.000000000e+00 0.000000000e+00 
0.000000000e+00 0.000000000e+00 0.000000000e+00 0.000000000e+00 0.000000000e+00 
0.000000000e+00 0.000000000e+00 0.000000000e+00 0.000000000e+00 0.000000000e+00 
0.000000000e+00 0.000000000e+00 0.000000000e+00 0.000000000e+00 0.000000000e+00 
0.000000000e+00 0.000000000e+00 0.000000000e+00 0.000000000e+00 0.000000000e+00 
0.000000000e+00 0.000000000e+00 0.000000000e+00 0.000000000e+00 0.000000000e+00 
0.000000000e+00 0.000000000e+00 0.000000000e+00 0.000000000e+00 0.000000000e+00 
0.000000000e+00 0.000000000e+00 0.000000000e+00 0.000000000e+00 0.000000000e+00 
0.000000000e+00 0.000000000e+00 0.000000000e+00 0.000000000e+00 0.000000000e+00 
0.000000000e+00 0.000000000e+00 0.000000000e+00 0.000000000e+00 0.000000000e+00 
0.000000000e+00 0.000000000e+00 0.000000000e+00 0.000000000e+00 0.000000000e+00 
0.000000000e+00 0.000000000e+00 0.000000000e+00 0.000000000e+00 0.000000000e+00 
0.000000000e+00 0.000000000e+00 0.000000000e+00 0.000000000e+00 0.000000000e+00 
0.000000000e+00 0.000000000e+00 0.000000000e+00 0.000000000e+00 0.000000000e+00 
0.000000000e+00 0.000000000e+00 0.000000000e+00 0.000000000e+00 0.000000000e+00 
0.000000000e+00 0.000000000e+00 0.000000000e+00 0.000000000e+00 0.000000000e+00 
0.000000000e+00 0.000000000e+00 0.000000000e+00 0.000000000e+00 0.000000000e+00 
massfraction-HO2
0.000000000e+00 0.000000000e+00 0.000000000e+00 0.000000000e+00 0.000000000e+00 
0.000000000e+00 0.000000000e+00 0.000000000e+00 0.000000000e+00 0.000000000e+00 
0.000000000e+00 0.000000000e+00 0.000000000e+00 0.000000000e+00 0.000000000e+00 
0.000000000e+00 0.000000000e+00 0.000000000e+00 0.000000000e+00 0.000000000e+00 
0.000000000e+00 0.000000000e+00 0.000000000e+00 0.000000000e+00 0.000000000e+00 
0.000000000e+00 0.000000000e+00 0.000000000e+00 0.000000000e+00 0.000000000e+00 
0.000000000e+00 0.000000000e+00 0.000000000e+00 0.000000000e+00 0.000000000e+00 
0.000000000e+00 0.000000000e+00 0.000000000e+00 0.000000000e+00 0.000000000e+00 
0.000000000e+00 0.000000000e+00 0.000000000e+00 1.430098589e-10 4.727588666e-10 
1.125220517e-09 1.986982158e-09 2.922130163e-09 4.839432393e-09 1.261229602e-08 
3.807173265e-08 1.139221358e-07 4.066625810e-07 1.662796712e-06 6.253559144e-06 
1.907370450e-05 4.536026521e-05 8.413315383e-05 1.256860065e-04 1.583041582e-04 
1.738766184e-04 1.676736569e-04 1.371061643e-04 8.687952014e-05 3.995243271e-05 
2.113669562e-05 2.555947569e-05 4.642871857e-05 3.683656587e-05 6.408598980e-06 
1.191253075e-06 2.504233830e-07 4.777861255e-08 7.964623606e-09 1.185395934e-09 
1.607001195e-10 0.000000000e+00 0.000000000e+00 0.000000000e+00 0.000000000e+00 
0.000000000e+00 0.000000000e+00 0.000000000e+00 0.000000000e+00 0.000000000e+00 
0.000000000e+00 0.000000000e+00 0.000000000e+00 0.000000000e+00 0.000000000e+00 
0.000000000e+00 0.000000000e+00 0.000000000e+00 0.000000000e+00 0.000000000e+00 
0.000000000e+00 0.000000000e+00 0.000000000e+00 0.000000000e+00 0.000000000e+00 
0.000000000e+00 0.000000000e+00 0.000000000e+00 0.000000000e+00 0.000000000e+00 
0.000000000e+00 0.000000000e+00 0.000000000e+00 0.000000000e+00 0.000000000e+00 
0.000000000e+00 0.000000000e+00 0.000000000e+00 0.000000000e+00 0.000000000e+00 
0.000000000e+00 0.000000000e+00 0.000000000e+00 0.000000000e+00 0.000000000e+00 
0.000000000e+00 0.000000000e+00 0.000000000e+00 0.000000000e+00 0.000000000e+00 
0.000000000e+00 0.000000000e+00 0.000000000e+00 0.000000000e+00 0.000000000e+00 
0.000000000e+00 0.000000000e+00 0.000000000e+00 0.000000000e+00 0.000000000e+00 
0.000000000e+00 0.000000000e+00 0.000000000e+00 0.000000000e+00 0.000000000e+00 
0.000000000e+00 0.000000000e+00 0.000000000e+00 0.000000000e+00 0.000000000e+00 
0.000000000e+00 0.000000000e+00 0.000000000e+00 0.000000000e+00 0.000000000e+00 
0.000000000e+00 0.000000000e+00 0.000000000e+00 0.000000000e+00 0.000000000e+00 
0.000000000e+00 0.000000000e+00 0.000000000e+00 0.000000000e+00 0.000000000e+00 
massfraction-H2O
0.000000000e+00 0.000000000e+00 0.000000000e+00 0.000000000e+00 0.000000000e+00 
0.000000000e+00 0.000000000e+00 0.000000000e+00 0.000000000e+00 0.000000000e+00 
0.000000000e+00 0.000000000e+00 0.000000000e+00 0.000000000e+00 0.000000000e+00 
0.000000000e+00 0.000000000e+00 0.000000000e+00 0.000000000e+00 0.000000000e+00 
0.000000000e+00 0.000000000e+00 0.000000000e+00 0.000000000e+00 0.000000000e+00 
0.000000000e+00 0.000000000e+00 0.000000000e+00 0.000000000e+00 0.000000000e+00 
0.000000000e+00 0.000000000e+00 0.000000000e+00 3.837438637e-10 3.542330898e-09 
3.081628623e-08 2.514580247e-07 1.914252871e-06 1.350793115e-05 8.761764351e-05 
5.157085495e-04 2.690056538e-03 1.189498894e-02 4.178444619e-02 1.110301998e-01 
2.247564314e-01 3.642454097e-01 5.018035093e-01 6.192118865e-01 7.111713788e-01 
7.794448580e-01 8.277625444e-01 8.588113570e-01 8.732351996e-01 8.691734322e-01 
8.421952883e-01 7.879889530e-01 7.088423917e-01 6.155828734e-01 5.204510827e-01 
4.314299529e-01 3.520103532e-01 2.827352033e-01 2.225849539e-01 1.701376097e-01 
1.243496875e-01 8.445558726e-02 5.027673919e-02 2.421729875e-02 8.832962831e-03 
2.413130891e-03 5.362440611e-04 1.041966854e-04 1.822485306e-05 2.906433440e-06 
4.261525019e-07 5.783229897e-08 7.305342079e-09 8.632147512e-10 0.000000000e+00 
0.000000000e+00 0.000000000e+00 0.000000000e+00 0.000000000e+00 0.000000000e+00 
0.000000000e+00 0.000000000e+00 0.000000000e+00 0.000000000e+00 0.000000000e+00 
0.000000000e+00 0.000000000e+00 0.000000000e+00 0.000000000e+00 0.000000000e+00 
0.000000000e+00 0.000000000e+00 0.000000000e+00 0.000000000e+00 0.000000000e+00 
0.000000000e+00 0.000000000e+00 0.000000000e+00 0.000000000e+00 0.000000000e+00 
0.000000000e+00 0.000000000e+00 0.000000000e+00 0.000000000e+00 0.000000000e+00 
0.000000000e+00 0.000000000e+00 0.000000000e+00 0.000000000e+00 0.000000000e+00 
0.000000000e+00 0.000000000e+00 0.000000000e+00 0.000000000e+00 0.000000000e+00 
0.000000000e+00 0.000000000e+00 0.000000000e+00 0.000000000e+00 0.000000000e+00 
0.000000000e+00 0.000000000e+00 0.000000000e+00 0.000000000e+00 0.000000000e+00 
0.000000000e+00 0.000000000e+00 0.000000000e+00 0.000000000e+00 0.000000000e+00 
0.000000000e+00 0.000000000e+00 0.000000000e+00 0.000000000e+00 0.000000000e+00 
0.000000000e+00 0.000000000e+00 0.000000000e+00 0.000000000e+00 0.000000000e+00 
0.000000000e+00 0.000000000e+00 0.000000000e+00 0.000000000e+00 0.000000000e+00 
0.000000000e+00 0.000000000e+00 0.000000000e+00 0.000000000e+00 0.000000000e+00 
0.000000000e+00 0.000000000e+00 0.000000000e+00 0.000000000e+00 0.000000000e+00 
massfraction-H2O2
0.000000000e+00 0.000000000e+00 0.000000000e+00 0.000000000e+00 0.000000000e+00 
0.000000000e+00 0.000000000e+00 0.000000000e+00 0.000000000e+00 0.000000000e+00 
0.000000000e+00 0.000000000e+00 0.000000000e+00 0.000000000e+00 0.000000000e+00 
0.000000000e+00 0.000000000e+00 0.000000000e+00 0.000000000e+00 0.000000000e+00 
0.000000000e+00 0.000000000e+00 0.000000000e+00 0.000000000e+00 0.000000000e+00 
0.000000000e+00 0.000000000e+00 0.000000000e+00 0.000000000e+00 0.000000000e+00 
0.000000000e+00 0.000000000e+00 0.000000000e+00 0.000000000e+00 0.000000000e+00 
0.000000000e+00 0.000000000e+00 0.000000000e+00 0.000000000e+00 0.000000000e+00 
0.000000000e+00 0.000000000e+00 0.000000000e+00 0.000000000e+00 0.000000000e+00 
0.000000000e+00 0.000000000e+00 1.220330140e-09 1.275215461e-08 6.882229609e-08 
1.882699954e-07 3.427253262e-07 5.552042067e-07 9.116731430e-07 1.564792442e-06 
2.711148043e-06 4.385476474e-06 6.192685502e-06 7.528945265e-06 8.068715045e-06 
7.838458899e-06 7.043436755e-06 5.961302239e-06 4.966051198e-06 4.563083366e-06 
5.171997176e-06 6.521855965e-06 6.907142398e-06 6.648447845e-06 3.159305912e-06 
9.033939198e-07 1.927504901e-07 3.492694054e-08 5.634183966e-09 8.247743160e-10 
1.107405433e-10 0.000000000e+00 0.000000000e+00 0.000000000e+00 0.000000000e+00 
0.000000000e+00 0.000000000e+00 0.000000000e+00 0.000000000e+00 0.000000000e+00 
0.000000000e+00 0.000000000e+00 0.000000000e+00 0.000000000e+00 0.000000000e+00 
0.000000000e+00 0.000000000e+00 0.000000000e+00 0.000000000e+00 0.000000000e+00 
0.000000000e+00 0.000000000e+00 0.000000000e+00 0.000000000e+00 0.000000000e+00 
0.000000000e+00 0.000000000e+00 0.000000000e+00 0.000000000e+00 0.000000000e+00 
0.000000000e+00 0.000000000e+00 0.000000000e+00 0.000000000e+00 0.000000000e+00 
0.000000000e+00 0.000000000e+00 0.000000000e+00 0.000000000e+00 0.000000000e+00 
0.000000000e+00 0.000000000e+00 0.000000000e+00 0.000000000e+00 0.000000000e+00 
0.000000000e+00 0.000000000e+00 0.000000000e+00 0.000000000e+00 0.000000000e+00 
0.000000000e+00 0.000000000e+00 0.000000000e+00 0.000000000e+00 0.000000000e+00 
0.000000000e+00 0.000000000e+00 0.000000000e+00 0.000000000e+00 0.000000000e+00 
0.000000000e+00 0.000000000e+00 0.000000000e+00 0.000000000e+00 0.000000000e+00 
0.000000000e+00 0.000000000e+00 0.000000000e+00 0.000000000e+00 0.000000000e+00 
0.000000000e+00 0.000000000e+00 0.000000000e+00 0.000000000e+00 0.000000000e+00 
0.000000000e+00 0.000000000e+00 0.000000000e+00 0.000000000e+00 0.000000000e+00 
0.000000000e+00 0.000000000e+00 0.000000000e+00 0.000000000e+00 0.000000000e+00 
PREMIX_CDOT
0.000000000e+00 9.410723563e-19 1.041181103e-18 1.064732079e-18 1.067477716e-18 
1.064573515e-18 1.060131942e-18 1.055263844e-18 1.050265391e-18 1.045212061e-18 
1.040119629e-18 1.034987647e-18 1.029811130e-18 1.024583645e-18 1.019298097e-18 
1.013946893e-18 1.008521929e-18 1.003014531e-18 9.974153632e-19 9.917143296e-19 
9.859004486e-19 9.799617097e-19 9.738849001e-19 9.676553483e-19 9.612547619e-19 
9.545928082e-19 9.452218943e-19 8.563636669e-19 -1.584727772e-18 -6.913696447e-17 
-1.811020253e-15 -4.336310903e-14 -9.557833810e-13 -1.930133820e-11 -3.551271658e-10 
-5.917152647e-09 -8.869320109e-08 -1.187154076e-06 -1.406724719e-05 -1.458887185e-04 
-1.299659751e-03 -9.594524330e-03 -5.486037406e-02 -2.198274457e-01 -5.672683146e-01 
-9.595893938e-01 -1.202288147e+00 -1.258258741e+00 -1.138080154e+00 -7.817769265e-01 
3.860090744e-02 1.938782677e+00 6.642909650e+00 1.884955968e+01 4.792689901e+01 
1.001164348e+02 1.560203256e+02 1.811166489e+02 1.745826107e+02 1.582564001e+02 
1.436247633e+02 1.301322963e+02 1.109178716e+02 7.927730580e+01 4.100254576e+01 
1.051730474e+01 -6.690839911e+00 -1.060785472e+01 -2.119078070e+00 -1.670954088e-01 
-1.296672070e-02 -8.135190199e-04 -3.949180796e-05 -1.489058613e-06 -4.440164110e-08 
-9.999996932e-10 -1.153755355e-11 4.028190238e-13 3.883163357e-14 2.045814135e-15 
8.779477001e-17 3.322484741e-18 1.137931743e-19 3.565726082e-21 1.028349204e-22 
2.741629317e-24 6.772103599e-26 1.563433955e-27 3.363181344e-29 6.782570465e-31 
1.293941822e-32 2.538378123e-34 2.348688347e-36 -5.316402805e-38 -3.234610594e-38 
-1.290026674e-39 -5.716921117e-41 2.193367931e-43 2.217766969e-43 -7.641971060e-45 
3.921712506e-46 -1.171173367e-47 3.783376835e-50 8.460859830e-50 -8.740033981e-52 
6.066729859e-53 6.663779170e-54 -9.798994119e-56 2.638820821e-57 1.538585737e-58 
-8.506995889e-60 -9.751766493e-61 2.280300969e-62 3.738685882e-64 2.869078263e-65 
-3.815854255e-67 5.047094455e-68 7.266905005e-69 8.449645275e-70 9.578705910e-71 
1.081399976e-71 1.237013226e-72 1.419832618e-73 1.740795120e-74 3.377082756e-75 
1.812265425e-75 1.639385238e-75 1.620463121e-75 1.618410509e-75 1.618189762e-75 
1.618166218e-75 1.618163727e-75 1.618163465e-75 1.618163438e-75 1.618163435e-75 
1.618163435e-75 1.618163435e-75 1.618163435e-75 1.618163435e-75 1.618163435e-75 
1.618163435e-75 1.618163435e-75 1.618163435e-75 1.618163435e-75 1.618163435e-75 
1.618163435e-75 1.618163435e-75 1.618163435e-75 1.618163435e-75 1.618163435e-75 
1.618163435e-75 1.618163435e-75 1.618163435e-75 1.618163435e-75 1.618163435e-75 
1.618163435e-75 1.618163435e-75 1.618163435e-75 1.618163435e-75 0.000000000e+00 

