HEADER
PREMIX_CHI 0.0000
C  0.237649
NUMOFSPECIES  13
GRIDPOINTS 160
PRESSURE 101325.00
BODY
MIXTURE_FRACTION
1.000000000e+00 9.999999990e-01 1.000000000e+00 9.999999990e-01 1.000000000e+00 
9.999999990e-01 1.000000000e+00 9.999999990e-01 1.000000000e+00 9.999999990e-01 
1.000000000e+00 9.999999990e-01 1.000000000e+00 9.999999990e-01 1.000000000e+00 
9.999999990e-01 1.000000000e+00 9.999999990e-01 1.000000000e+00 9.999999990e-01 
1.000000000e+00 9.999999990e-01 1.000000000e+00 9.999999990e-01 1.000000000e+00 
1.000000000e+00 1.000000000e+00 1.000000000e+00 1.000000000e+00 1.000000000e+00 
1.000000000e+00 1.000000000e+00 9.999999998e-01 9.999999984e-01 9.999999898e-01 
9.999999371e-01 9.999996326e-01 9.999979631e-01 9.999893379e-01 9.999475601e-01 
9.997591217e-01 9.989749507e-01 9.960073139e-01 9.860411781e-01 9.575516885e-01 
8.923728287e-01 7.804988081e-01 6.396526609e-01 5.025094849e-01 3.886239593e-01 
3.010307487e-01 2.351727891e-01 1.855414408e-01 1.477321533e-01 1.184545685e-01 
9.533440104e-02 7.670699274e-02 6.144119274e-02 4.879244231e-02 3.827644969e-02 
2.956082543e-02 2.238275999e-02 1.650605452e-02 1.172217907e-02 7.882932778e-03 
4.932610319e-03 2.869219789e-03 1.584064572e-03 8.432754205e-04 4.337751165e-04 
2.151371944e-04 1.027165471e-04 4.719306689e-05 2.087488723e-05 8.897446945e-06 
3.658275041e-06 1.452649664e-06 5.577292797e-07 2.072790826e-07 7.465000551e-08 
2.607948482e-08 8.846978995e-09 2.916957576e-09 9.356166612e-10 2.921961349e-10 
8.892402418e-11 2.639221367e-11 7.644939362e-12 2.162866219e-12 5.980614522e-13 
1.617386248e-13 4.280687609e-14 1.109467983e-14 2.817586263e-15 7.015383191e-16 
1.713480388e-16 4.107656363e-17 9.669906277e-18 2.236569188e-18 5.084944356e-19 
1.136944585e-19 2.501157006e-20 5.416076117e-21 1.154938478e-21 2.426309601e-22 
5.023714728e-23 1.025577777e-23 2.065124424e-24 4.103201007e-25 8.047469252e-26 
1.558522573e-26 2.981520665e-27 5.636166940e-28 1.053169564e-28 1.945921226e-29 
3.556361388e-30 6.431001347e-31 1.151010207e-31 2.039580644e-32 3.579271224e-33 
6.222558287e-34 1.071989247e-34 1.830557478e-35 3.099347186e-36 5.204410777e-37 
8.669741962e-38 1.433148293e-38 2.351483420e-39 3.830650101e-40 6.197197009e-41 
9.959131519e-42 1.590232966e-42 2.523606718e-43 3.981177710e-44 6.245060041e-45 
9.743207835e-46 1.512208677e-46 2.335441824e-47 3.589849185e-48 5.493315935e-49 
8.370372250e-50 1.270300983e-50 1.920522062e-51 2.893218606e-52 4.344005267e-53 
6.501953715e-54 9.703727758e-55 1.444344562e-55 2.144550741e-56 3.177097755e-57 
4.697303479e-58 6.932424248e-59 1.021490127e-59 1.503097860e-60 2.209123831e-61 
3.242661276e-62 4.745400142e-63 6.831727984e-64 8.736039709e-65 0.000000000e+00 
PROGRESS VARIABLE
8.151824546e-20 8.151877824e-20 8.151929925e-20 8.151980949e-20 8.152031112e-20 
8.152081227e-20 8.152135262e-20 8.152213572e-20 8.152421104e-20 8.153296335e-20 
8.157582095e-20 8.179131428e-20 8.287252871e-20 8.825120902e-20 1.147276403e-19 
2.435418325e-19 8.623466977e-19 3.794587317e-18 1.748649719e-17 8.042246015e-17 
3.648972255e-16 1.627959609e-15 7.130381135e-15 3.062280612e-14 1.288042048e-13 
5.299740795e-13 2.130600933e-12 8.359189140e-12 3.197187359e-11 1.191059597e-10 
4.320006274e-10 1.526384384e-09 5.266527177e-09 1.784721685e-08 6.006575841e-08 
2.043914435e-07 7.192238027e-07 2.665070380e-06 1.041153292e-05 4.203971648e-05 
1.699138059e-04 6.649709359e-04 2.443313099e-03 8.159206556e-03 2.377261480e-02 
5.747631298e-02 1.105175312e-01 1.683274524e-01 2.117786442e-01 2.335733759e-01 
2.376492850e-01 2.313898783e-01 2.202168194e-01 2.069087435e-01 1.923469602e-01 
1.763299389e-01 1.583031723e-01 1.379721413e-01 1.157201562e-01 9.270330811e-02 
7.055761403e-02 5.083879844e-02 3.449172474e-02 2.168025421e-02 1.214623517e-02 
5.699423157e-03 2.113291529e-03 6.407937216e-04 1.717685706e-04 4.225868030e-05 
9.671932652e-06 2.073643385e-06 4.187322374e-07 8.004917270e-08 1.456225086e-08 
2.534031067e-09 4.240321480e-10 6.859446516e-11 1.078283106e-11 1.655129659e-12 
2.491228780e-13 3.688928419e-14 5.385400052e-15 7.758433002e-16 1.102845491e-16 
1.545416916e-17 2.131954713e-18 2.891097252e-19 3.848503090e-20 5.022949608e-21 
6.422206323e-22 8.039283582e-23 9.849707449e-24 1.181040247e-24 1.386057714e-25 
1.592473063e-26 1.791758168e-27 1.975042182e-28 2.133816934e-29 2.260628993e-30 
2.349677105e-31 2.397248151e-32 2.401948513e-33 2.364716169e-34 2.288627094e-35 
2.178533202e-36 2.040585026e-37 1.881699354e-38 1.709030159e-39 1.529492324e-40 
1.349374012e-41 1.174058049e-42 1.007857634e-43 8.539590329e-45 7.144547966e-46 
5.904457194e-47 4.821881121e-48 3.892641944e-49 3.107567087e-50 2.454132516e-51 
1.917905224e-52 1.483730796e-53 1.136648730e-54 8.625460190e-56 6.485779914e-57 
4.833956244e-58 3.572219439e-59 2.618186534e-60 1.903794768e-61 1.373804169e-62 
9.841037319e-64 6.999913678e-65 4.945417585e-66 3.471305643e-67 2.421485929e-68 
1.679145891e-69 1.157788204e-70 7.939982809e-72 5.417190441e-73 3.677952180e-74 
2.485590172e-75 1.672565009e-76 1.121949792e-77 7.603485538e-79 6.163855986e-80 
1.477897914e-80 1.129564240e-80 1.069009092e-80 1.027597323e-80 9.875566264e-81 
9.477041640e-81 9.079463653e-81 8.682379092e-81 8.284204061e-81 7.877526193e-81 
7.426099516e-81 6.751200657e-81 4.970342154e-81 -2.535811517e-81 0.000000000e+00 
TEMPERATURE
3.000000000e+02 3.000000000e+02 3.000000000e+02 3.000000000e+02 3.000000000e+02 
3.000000000e+02 3.000000000e+02 3.000000000e+02 3.000000000e+02 3.000000000e+02 
3.000000000e+02 3.000000000e+02 3.000000000e+02 3.000000000e+02 3.000000000e+02 
3.000000000e+02 3.000000000e+02 3.000000000e+02 3.000000000e+02 3.000000000e+02 
3.000000000e+02 3.000000000e+02 3.000000000e+02 3.000000000e+02 3.000000000e+02 
3.000000000e+02 3.000000000e+02 3.000000000e+02 3.000000001e+02 3.000000005e+02 
3.000000021e+02 3.000000091e+02 3.000000384e+02 3.000001567e+02 3.000006145e+02 
3.000023116e+02 3.000083218e+02 3.000285928e+02 3.000934902e+02 3.002899586e+02 
3.008498367e+02 3.023429202e+02 3.060386750e+02 3.144275602e+02 3.315913568e+02 
3.625990793e+02 4.112952653e+02 4.779432831e+02 5.593003996e+02 6.504125259e+02 
7.459757012e+02 8.410304619e+02 9.309238423e+02 1.011900940e+03 1.080585100e+03 
1.133656519e+03 1.167809547e+03 1.179944037e+03 1.167489596e+03 1.128726540e+03 
1.062991829e+03 9.708547230e+02 8.546906530e+02 7.200270715e+02 5.782538642e+02 
4.506229596e+02 3.633932369e+02 3.212285066e+02 3.060110293e+02 3.015102416e+02 
3.003458308e+02 3.000732297e+02 3.000144653e+02 3.000026817e+02 3.000004688e+02 
3.000000775e+02 3.000000122e+02 3.000000018e+02 3.000000003e+02 3.000000000e+02 
3.000000000e+02 3.000000000e+02 3.000000000e+02 3.000000000e+02 3.000000000e+02 
3.000000000e+02 3.000000000e+02 3.000000000e+02 3.000000000e+02 3.000000000e+02 
3.000000000e+02 3.000000000e+02 3.000000000e+02 3.000000000e+02 3.000000000e+02 
3.000000000e+02 3.000000000e+02 3.000000000e+02 3.000000000e+02 3.000000000e+02 
3.000000000e+02 3.000000000e+02 3.000000000e+02 3.000000000e+02 3.000000000e+02 
3.000000000e+02 3.000000000e+02 3.000000000e+02 3.000000000e+02 3.000000000e+02 
3.000000000e+02 3.000000000e+02 3.000000000e+02 3.000000000e+02 3.000000000e+02 
3.000000000e+02 3.000000000e+02 3.000000000e+02 3.000000000e+02 3.000000000e+02 
3.000000000e+02 3.000000000e+02 3.000000000e+02 3.000000000e+02 3.000000000e+02 
3.000000000e+02 3.000000000e+02 3.000000000e+02 3.000000000e+02 3.000000000e+02 
3.000000000e+02 3.000000000e+02 3.000000000e+02 3.000000000e+02 3.000000000e+02 
3.000000000e+02 3.000000000e+02 3.000000000e+02 3.000000000e+02 3.000000000e+02 
3.000000000e+02 3.000000000e+02 3.000000000e+02 3.000000000e+02 3.000000000e+02 
3.000000000e+02 3.000000000e+02 3.000000000e+02 3.000000000e+02 3.000000000e+02 
3.000000000e+02 3.000000000e+02 3.000000000e+02 3.000000000e+02 3.000000000e+02 
3.000000000e+02 3.000000000e+02 3.000000000e+02 3.000000000e+02 3.000000000e+02 
Cp
1.432478610e+04 1.432478610e+04 1.432478610e+04 1.432478610e+04 1.432478610e+04 
1.432478610e+04 1.432478610e+04 1.432478610e+04 1.432478610e+04 1.432478610e+04 
1.432478610e+04 1.432478610e+04 1.432478610e+04 1.432478610e+04 1.432478610e+04 
1.432478610e+04 1.432478610e+04 1.432478610e+04 1.432478610e+04 1.432478610e+04 
1.432478610e+04 1.432478610e+04 1.432478610e+04 1.432478610e+04 1.432478610e+04 
1.432478610e+04 1.432478610e+04 1.432478610e+04 1.432478611e+04 1.432478611e+04 
1.432478611e+04 1.432478613e+04 1.432478619e+04 1.432478642e+04 1.432478720e+04 
1.432478964e+04 1.432479622e+04 1.432480837e+04 1.432479908e+04 1.432454821e+04 
1.432286288e+04 1.431445918e+04 1.427944363e+04 1.415517671e+04 1.378795142e+04 
1.293031988e+04 1.143942325e+04 9.549746930e+03 7.708516574e+03 6.189478372e+03 
5.037686279e+03 4.188459598e+03 3.560177879e+03 3.085678968e+03 2.713611664e+03 
2.413206661e+03 2.165057468e+03 1.956090961e+03 1.777903029e+03 1.625217220e+03 
1.494479203e+03 1.382519772e+03 1.281120922e+03 1.185170246e+03 1.096438319e+03 
1.022439626e+03 9.716017046e+02 9.433665995e+02 9.294953928e+02 9.228435992e+02 
9.196120951e+02 9.180345741e+02 9.172749904e+02 9.169190828e+02 9.167579187e+02 
9.166875707e+02 9.166579805e+02 9.166459786e+02 9.166412793e+02 9.166395010e+02 
9.166388497e+02 9.166386187e+02 9.166385392e+02 9.166385126e+02 9.166385040e+02 
9.166385012e+02 9.166385004e+02 9.166385001e+02 9.166385001e+02 9.166385001e+02 
9.166385000e+02 9.166385000e+02 9.166385000e+02 9.166385000e+02 9.166385000e+02 
9.166385000e+02 9.166385000e+02 9.166385000e+02 9.166385000e+02 9.166385000e+02 
9.166385000e+02 9.166385000e+02 9.166385000e+02 9.166385000e+02 9.166385000e+02 
9.166385000e+02 9.166385000e+02 9.166385000e+02 9.166385000e+02 9.166385000e+02 
9.166385000e+02 9.166385000e+02 9.166385000e+02 9.166385000e+02 9.166385000e+02 
9.166385000e+02 9.166385000e+02 9.166385000e+02 9.166385000e+02 9.166385000e+02 
9.166385000e+02 9.166385000e+02 9.166385000e+02 9.166385000e+02 9.166385000e+02 
9.166385000e+02 9.166385000e+02 9.166385000e+02 9.166385000e+02 9.166385000e+02 
9.166385000e+02 9.166385000e+02 9.166385000e+02 9.166385000e+02 9.166385000e+02 
9.166385000e+02 9.166385000e+02 9.166385000e+02 9.166385000e+02 9.166385000e+02 
9.166385000e+02 9.166385000e+02 9.166385000e+02 9.166385000e+02 9.166385000e+02 
9.166385000e+02 9.166385000e+02 9.166385000e+02 9.166385000e+02 9.166385000e+02 
9.166385000e+02 9.166385000e+02 9.166385000e+02 9.166385000e+02 9.166385000e+02 
9.166385000e+02 9.166385000e+02 9.166385000e+02 9.166385000e+02 9.166385000e+02 
MMW
2.015880000e+00 2.015880000e+00 2.015880000e+00 2.015880000e+00 2.015880000e+00 
2.015880000e+00 2.015880000e+00 2.015880000e+00 2.015880000e+00 2.015880000e+00 
2.015880000e+00 2.015880000e+00 2.015880000e+00 2.015880000e+00 2.015880000e+00 
2.015880000e+00 2.015880000e+00 2.015880000e+00 2.015880000e+00 2.015880000e+00 
2.015880000e+00 2.015880000e+00 2.015880000e+00 2.015880000e+00 2.015880000e+00 
2.015880000e+00 2.015880000e+00 2.015880000e+00 2.015880000e+00 2.015880000e+00 
2.015879999e+00 2.015879997e+00 2.015879990e+00 2.015879969e+00 2.015879914e+00 
2.015879798e+00 2.015879768e+00 2.015881314e+00 2.015893673e+00 2.015964103e+00 
2.016305818e+00 2.017779718e+00 2.023475031e+00 2.043006835e+00 2.101215599e+00 
2.247928098e+00 2.553773494e+00 3.080013381e+00 3.848653373e+00 4.846186727e+00 
6.040557940e+00 7.400506730e+00 8.898278431e+00 1.050515195e+01 1.219551509e+01 
1.394877110e+01 1.574783590e+01 1.757527842e+01 1.940931861e+01 2.122186793e+01 
2.297988594e+01 2.464989418e+01 2.620366382e+01 2.762048642e+01 2.887835604e+01 
2.993564044e+01 3.073851615e+01 3.127788555e+01 3.160671661e+01 3.179473960e+01 
3.189697924e+01 3.195004030e+01 3.197636542e+01 3.198887001e+01 3.199456634e+01 
3.199705907e+01 3.199810866e+01 3.199853456e+01 3.199870135e+01 3.199876447e+01 
3.199878759e+01 3.199879579e+01 3.199879861e+01 3.199879955e+01 3.199879986e+01 
3.199879996e+01 3.199879999e+01 3.199880000e+01 3.199880000e+01 3.199880000e+01 
3.199880000e+01 3.199880000e+01 3.199880000e+01 3.199880000e+01 3.199880000e+01 
3.199880000e+01 3.199880000e+01 3.199880000e+01 3.199880000e+01 3.199880000e+01 
3.199880000e+01 3.199880000e+01 3.199880000e+01 3.199880000e+01 3.199880000e+01 
3.199880000e+01 3.199880000e+01 3.199880000e+01 3.199880000e+01 3.199880000e+01 
3.199880000e+01 3.199880000e+01 3.199880000e+01 3.199880000e+01 3.199880000e+01 
3.199880000e+01 3.199880000e+01 3.199880000e+01 3.199880000e+01 3.199880000e+01 
3.199880000e+01 3.199880000e+01 3.199880000e+01 3.199880000e+01 3.199880000e+01 
3.199880000e+01 3.199880000e+01 3.199880000e+01 3.199880000e+01 3.199880000e+01 
3.199880000e+01 3.199880000e+01 3.199880000e+01 3.199880000e+01 3.199880000e+01 
3.199880000e+01 3.199880000e+01 3.199880000e+01 3.199880000e+01 3.199880000e+01 
3.199880000e+01 3.199880000e+01 3.199880000e+01 3.199880000e+01 3.199880000e+01 
3.199880000e+01 3.199880000e+01 3.199880000e+01 3.199880000e+01 3.199880000e+01 
3.199880000e+01 3.199880000e+01 3.199880000e+01 3.199880000e+01 3.199880000e+01 
3.199880000e+01 3.199880000e+01 3.199880000e+01 3.199880000e+01 3.199880000e+01 
rho
8.188905810e-02 8.188905810e-02 8.188905810e-02 8.188905810e-02 8.188905810e-02 
8.188905810e-02 8.188905810e-02 8.188905810e-02 8.188905810e-02 8.188905810e-02 
8.188905810e-02 8.188905810e-02 8.188905810e-02 8.188905810e-02 8.188905810e-02 
8.188905810e-02 8.188905810e-02 8.188905810e-02 8.188905810e-02 8.188905810e-02 
8.188905810e-02 8.188905810e-02 8.188905810e-02 8.188905810e-02 8.188905810e-02 
8.188905810e-02 8.188905810e-02 8.188905810e-02 8.188905807e-02 8.188905797e-02 
8.188905750e-02 8.188905550e-02 8.188904722e-02 8.188901409e-02 8.188888687e-02 
8.188841894e-02 8.188677721e-02 8.188130743e-02 8.186410188e-02 8.181339954e-02 
8.167498767e-02 8.133105454e-02 8.057568220e-02 7.918294830e-02 7.722356894e-02 
7.555064444e-02 7.566780211e-02 7.853417670e-02 8.385831335e-02 9.080164193e-02 
9.868129210e-02 1.072339210e-01 1.164861501e-01 1.265163906e-01 1.375382922e-01 
1.499467000e-01 1.643354709e-01 1.815194881e-01 2.026001322e-01 2.291275573e-01 
2.634513309e-01 3.094163551e-01 3.736246480e-01 4.674820629e-01 6.086062070e-01 
8.095761262e-01 1.030833474e+00 1.186603874e+00 1.258707318e+00 1.285096255e+00 
1.294226841e+00 1.297557499e+00 1.298880982e+00 1.299439956e+00 1.299680937e+00 
1.299783892e+00 1.299826812e+00 1.299844157e+00 1.299850939e+00 1.299853505e+00 
1.299854444e+00 1.299854777e+00 1.299854892e+00 1.299854930e+00 1.299854942e+00 
1.299854946e+00 1.299854947e+00 1.299854948e+00 1.299854948e+00 1.299854948e+00 
1.299854948e+00 1.299854948e+00 1.299854948e+00 1.299854948e+00 1.299854948e+00 
1.299854948e+00 1.299854948e+00 1.299854948e+00 1.299854948e+00 1.299854948e+00 
1.299854948e+00 1.299854948e+00 1.299854948e+00 1.299854948e+00 1.299854948e+00 
1.299854948e+00 1.299854948e+00 1.299854948e+00 1.299854948e+00 1.299854948e+00 
1.299854948e+00 1.299854948e+00 1.299854948e+00 1.299854948e+00 1.299854948e+00 
1.299854948e+00 1.299854948e+00 1.299854948e+00 1.299854948e+00 1.299854948e+00 
1.299854948e+00 1.299854948e+00 1.299854948e+00 1.299854948e+00 1.299854948e+00 
1.299854948e+00 1.299854948e+00 1.299854948e+00 1.299854948e+00 1.299854948e+00 
1.299854948e+00 1.299854948e+00 1.299854948e+00 1.299854948e+00 1.299854948e+00 
1.299854948e+00 1.299854948e+00 1.299854948e+00 1.299854948e+00 1.299854948e+00 
1.299854948e+00 1.299854948e+00 1.299854948e+00 1.299854948e+00 1.299854948e+00 
1.299854948e+00 1.299854948e+00 1.299854948e+00 1.299854948e+00 1.299854948e+00 
1.299854948e+00 1.299854948e+00 1.299854948e+00 1.299854948e+00 1.299854948e+00 
1.299854948e+00 1.299854948e+00 1.299854948e+00 1.299854948e+00 1.299854948e+00 
mu
9.000028555e-06 9.000028555e-06 9.000028555e-06 9.000028555e-06 9.000028555e-06 
9.000028555e-06 9.000028555e-06 9.000028555e-06 9.000028555e-06 9.000028555e-06 
9.000028555e-06 9.000028555e-06 9.000028555e-06 9.000028555e-06 9.000028555e-06 
9.000028555e-06 9.000028555e-06 9.000028555e-06 9.000028555e-06 9.000028555e-06 
9.000028555e-06 9.000028555e-06 9.000028555e-06 9.000028555e-06 9.000028555e-06 
9.000028555e-06 9.000028555e-06 9.000028555e-06 9.000028557e-06 9.000028564e-06 
9.000028596e-06 9.000028736e-06 9.000029321e-06 9.000031677e-06 9.000040796e-06 
9.000074628e-06 9.000194681e-06 9.000601133e-06 9.001910883e-06 9.005917995e-06 
9.017526202e-06 9.049258091e-06 9.130683826e-06 9.325176428e-06 9.752189955e-06 
1.060028193e-05 1.209893015e-05 1.442769949e-05 1.761695513e-05 2.152806003e-05 
2.590109066e-05 3.044126877e-05 3.487086869e-05 3.896818930e-05 4.256730793e-05 
4.554227937e-05 4.779067527e-05 4.922492320e-05 4.977220615e-05 4.937786597e-05 
4.800560126e-05 4.563363295e-05 4.225935476e-05 3.793270313e-05 3.287145548e-05 
2.774852970e-05 2.381554023e-05 2.174322856e-05 2.096316533e-05 2.073029060e-05 
2.067081809e-05 2.065747125e-05 2.065489804e-05 2.065453002e-05 2.065452947e-05 
2.065455980e-05 2.065457783e-05 2.065458600e-05 2.065458934e-05 2.065459062e-05 
2.065459109e-05 2.065459126e-05 2.065459132e-05 2.065459133e-05 2.065459134e-05 
2.065459134e-05 2.065459134e-05 2.065459134e-05 2.065459134e-05 2.065459134e-05 
2.065459134e-05 2.065459134e-05 2.065459134e-05 2.065459134e-05 2.065459134e-05 
2.065459134e-05 2.065459134e-05 2.065459134e-05 2.065459134e-05 2.065459134e-05 
2.065459134e-05 2.065459134e-05 2.065459134e-05 2.065459134e-05 2.065459134e-05 
2.065459134e-05 2.065459134e-05 2.065459134e-05 2.065459134e-05 2.065459134e-05 
2.065459134e-05 2.065459134e-05 2.065459134e-05 2.065459134e-05 2.065459134e-05 
2.065459134e-05 2.065459134e-05 2.065459134e-05 2.065459134e-05 2.065459134e-05 
2.065459134e-05 2.065459134e-05 2.065459134e-05 2.065459134e-05 2.065459134e-05 
2.065459134e-05 2.065459134e-05 2.065459134e-05 2.065459134e-05 2.065459134e-05 
2.065459134e-05 2.065459134e-05 2.065459134e-05 2.065459134e-05 2.065459134e-05 
2.065459134e-05 2.065459134e-05 2.065459134e-05 2.065459134e-05 2.065459134e-05 
2.065459134e-05 2.065459134e-05 2.065459134e-05 2.065459134e-05 2.065459134e-05 
2.065459134e-05 2.065459134e-05 2.065459134e-05 2.065459134e-05 2.065459134e-05 
2.065459134e-05 2.065459134e-05 2.065459134e-05 2.065459134e-05 2.065459134e-05 
2.065459134e-05 2.065459134e-05 2.065459134e-05 2.065459134e-05 2.065459134e-05 
TC
1.868277014e-01 1.868277014e-01 1.868277014e-01 1.868277014e-01 1.868277014e-01 
1.868277014e-01 1.868277014e-01 1.868277014e-01 1.868277014e-01 1.868277014e-01 
1.868277014e-01 1.868277014e-01 1.868277014e-01 1.868277014e-01 1.868277014e-01 
1.868277014e-01 1.868277014e-01 1.868277014e-01 1.868277014e-01 1.868277014e-01 
1.868277014e-01 1.868277014e-01 1.868277014e-01 1.868277014e-01 1.868277014e-01 
1.868277014e-01 1.868277014e-01 1.868277014e-01 1.868277015e-01 1.868277017e-01 
1.868277025e-01 1.868277059e-01 1.868277202e-01 1.868277774e-01 1.868279969e-01 
1.868288047e-01 1.868316452e-01 1.868411506e-01 1.868712844e-01 1.869612846e-01 
1.872126746e-01 1.878625230e-01 1.893923575e-01 1.925902770e-01 1.983119685e-01 
2.067256887e-01 2.167476559e-01 2.268980623e-01 2.363674146e-01 2.446324863e-01 
2.509943288e-01 2.546268464e-01 2.548530352e-01 2.514378545e-01 2.443723244e-01 
2.337668297e-01 2.198557110e-01 2.030464849e-01 1.839401546e-01 1.632783623e-01 
1.418274984e-01 1.202670425e-01 9.916766569e-02 7.908000029e-02 6.076390537e-02 
4.562619815e-02 3.551514124e-02 3.037614661e-02 2.817893186e-02 2.726530723e-02 
2.686729690e-02 2.668545263e-02 2.660083505e-02 2.656181175e-02 2.654426306e-02 
2.653662528e-02 2.653341644e-02 2.653211554e-02 2.653160628e-02 2.653141357e-02 
2.653134300e-02 2.653131796e-02 2.653130934e-02 2.653130646e-02 2.653130553e-02 
2.653130523e-02 2.653130514e-02 2.653130512e-02 2.653130511e-02 2.653130511e-02 
2.653130511e-02 2.653130511e-02 2.653130511e-02 2.653130511e-02 2.653130511e-02 
2.653130511e-02 2.653130511e-02 2.653130511e-02 2.653130511e-02 2.653130511e-02 
2.653130511e-02 2.653130511e-02 2.653130511e-02 2.653130511e-02 2.653130511e-02 
2.653130511e-02 2.653130511e-02 2.653130511e-02 2.653130511e-02 2.653130511e-02 
2.653130511e-02 2.653130511e-02 2.653130511e-02 2.653130511e-02 2.653130511e-02 
2.653130511e-02 2.653130511e-02 2.653130511e-02 2.653130511e-02 2.653130511e-02 
2.653130511e-02 2.653130511e-02 2.653130511e-02 2.653130511e-02 2.653130511e-02 
2.653130511e-02 2.653130511e-02 2.653130511e-02 2.653130511e-02 2.653130511e-02 
2.653130511e-02 2.653130511e-02 2.653130511e-02 2.653130511e-02 2.653130511e-02 
2.653130511e-02 2.653130511e-02 2.653130511e-02 2.653130511e-02 2.653130511e-02 
2.653130511e-02 2.653130511e-02 2.653130511e-02 2.653130511e-02 2.653130511e-02 
2.653130511e-02 2.653130511e-02 2.653130511e-02 2.653130511e-02 2.653130511e-02 
2.653130511e-02 2.653130511e-02 2.653130511e-02 2.653130511e-02 2.653130511e-02 
2.653130511e-02 2.653130511e-02 2.653130511e-02 2.653130511e-02 2.653130511e-02 
net_rxn-H2
-2.772859515e-19 -2.706876935e-19 -2.642366326e-19 -2.579234058e-19 -2.517392357e-19 
-2.456758753e-19 -2.397255585e-19 -2.338809545e-19 -2.281351269e-19 -2.224814962e-19 
-2.169138054e-19 -2.114260911e-19 -2.060126808e-19 -2.006684117e-19 -1.953908275e-19 
-1.901999703e-19 -1.853124672e-19 -1.826477243e-19 -1.986427001e-19 -3.713490681e-19 
-1.838543313e-18 -1.379221492e-17 -1.089341443e-16 -8.494459896e-16 -6.479468508e-15 
-4.823385073e-14 -3.498538285e-13 -2.468702378e-12 -1.691962732e-11 -1.124345401e-10 
-7.230773261e-10 -4.491177398e-09 -2.688077652e-08 -1.546369907e-07 -8.524799411e-07 
-4.487845987e-06 -2.246884259e-05 -1.064637274e-04 -4.747685901e-04 -1.980793268e-03 
-7.692436346e-03 -2.779726929e-02 -9.487534202e-02 -3.211718236e-01 -1.156839187e+00 
-4.346468234e+00 -1.455448066e+01 -3.753082971e+01 -7.185312011e+01 -1.079474915e+02 
-1.403172551e+02 -1.752223241e+02 -2.272416986e+02 -3.111176270e+02 -4.302066352e+02 
-5.654436808e+02 -6.742764625e+02 -7.080021310e+02 -6.426924061e+02 -5.009818271e+02 
-3.399696742e+02 -2.086926636e+02 -1.165807286e+02 -5.059492204e+01 -1.173286856e+01 
-9.736159615e-01 -6.808616223e-02 -9.226071305e-03 -1.361945252e-03 -2.057231956e-04 
-2.960902561e-05 -3.906838465e-06 -4.685375939e-07 -5.114162846e-08 -5.099319026e-09 
-4.663054372e-10 -3.925404890e-11 -3.052673843e-12 -2.200288440e-13 -1.474374489e-14 
-9.210950155e-16 -5.379365132e-17 -2.944276106e-18 -1.513818505e-19 -7.327997574e-21 
-3.346788259e-22 -1.445003839e-23 -5.909208935e-25 -2.292925510e-26 -8.456558856e-28 
-2.969262174e-29 -9.941006390e-31 -3.178228199e-32 -9.716974191e-34 -2.844860194e-35 
-7.986260871e-37 -2.152411352e-38 -5.576119319e-40 -1.390177491e-41 -3.339090248e-43 
-7.735302458e-45 -1.730116122e-46 -3.740110463e-48 -7.826296343e-50 -1.595296369e-51 
-3.348485229e-53 -1.082177014e-54 -1.096808662e-55 -1.981524846e-56 -3.851183348e-57 
-7.452372750e-58 -1.425568887e-58 -2.694831015e-59 -5.035536615e-60 -9.304064109e-61 
-1.700408721e-61 -3.074864890e-62 -5.503343387e-63 -9.751879332e-64 -1.711362637e-64 
-2.975201679e-65 -5.125519216e-66 -8.752473549e-67 -1.481895794e-67 -2.488393192e-68 
-4.145277497e-69 -6.852334699e-70 -1.124318503e-70 -1.831554818e-71 -2.963075651e-72 
-4.761775374e-73 -7.603406142e-74 -1.206616089e-74 -1.903526823e-75 -2.985960478e-76 
-4.658535440e-77 -7.230347372e-78 -1.116648510e-78 -1.716420294e-79 -2.626527875e-80 
-4.002139381e-81 -6.073710272e-82 -9.182622647e-83 -1.383339208e-83 -2.077006139e-84 
-3.108789459e-85 -4.639658768e-86 -6.905867599e-87 -1.025377453e-87 -1.519070804e-88 
-2.245929246e-89 -3.314611736e-90 -4.884074150e-91 -7.186857435e-92 -1.056323645e-92 
-1.551136370e-93 -2.276101534e-94 -3.338223213e-95 -4.894559136e-96 -7.175825915e-97 
net_rxn-H
1.386429758e-19 1.353438467e-19 1.321183163e-19 1.289617029e-19 1.258696179e-19 
1.228379377e-19 1.198627792e-19 1.169404772e-19 1.140675634e-19 1.112407481e-19 
1.084569027e-19 1.057130455e-19 1.030063404e-19 1.003342059e-19 9.769541374e-20 
9.509998513e-20 9.265623358e-20 9.132386214e-20 9.932134966e-20 1.856745253e-19 
9.192714776e-19 6.896103895e-18 5.446700374e-17 4.247217333e-16 3.239711938e-15 
2.411654763e-14 1.749208117e-13 1.234257330e-12 8.458442921e-12 5.619831243e-11 
3.612910239e-10 2.242540922e-09 1.340512145e-08 7.693529719e-08 4.223287516e-07 
2.206302449e-06 1.089081585e-05 5.021321581e-05 2.114640806e-04 7.703916754e-04 
2.009797397e-03 -7.491111193e-04 -5.860771020e-02 -4.887357378e-01 -2.513157797e+00 
-8.439234008e+00 -1.828842719e+01 -2.636313454e+01 -2.761053189e+01 -2.337340027e+01 
-1.633124580e+01 -6.077112915e+00 1.031491480e+01 3.617578290e+01 7.132352100e+01 
1.086080056e+02 1.342230800e+02 1.343192042e+02 1.051882103e+02 5.836093906e+01 
1.296015432e+01 -2.038687521e+01 -4.514337872e+01 -6.115678957e+01 -5.275158522e+01 
-2.327459836e+01 -4.552192070e+00 -4.379153622e-01 -2.784369427e-02 -1.520198833e-03 
-8.194608005e-05 -4.744022819e-06 -3.160683730e-07 -2.487124686e-08 -2.210243047e-09 
-2.057907810e-10 -1.896045922e-11 -1.676469654e-12 -1.403575306e-13 -1.107638829e-14 
-8.237218046e-16 -5.783495941e-17 -3.845012273e-18 -2.428983346e-19 -1.463673813e-20 
-8.447551557e-22 -4.689514506e-23 -2.514907888e-24 -1.308621826e-25 -6.635687756e-27 
-3.292602761e-28 -1.605068562e-29 -7.713544393e-31 -3.665667971e-32 -1.727376179e-33 
-8.085632802e-35 -3.766756041e-36 -1.745977307e-37 -8.074068124e-39 -3.722459967e-40 
-1.711406816e-41 -7.862759055e-43 -3.627229864e-44 -1.660131604e-45 -7.362718335e-47 
-3.527926228e-48 -1.603593221e-49 -7.498364052e-51 -3.149599570e-52 -1.308504261e-53 
-3.149396122e-55 -2.509576988e-56 -3.251374288e-59 -4.684182710e-59 -2.796208992e-60 
-1.458832096e-61 -5.945663591e-63 2.254879261e-64 -4.238526911e-65 -8.444556020e-66 
-1.374140497e-66 -2.335627846e-67 -3.970385672e-68 -6.786144696e-69 -1.151738895e-69 
-1.940095937e-70 -3.245363914e-71 -5.386150958e-72 -8.872069339e-73 -1.450722161e-73 
-2.355421151e-74 -3.798346873e-75 -6.085167314e-76 -9.687513894e-77 -1.532930858e-77 
-2.411629195e-78 -3.772961811e-79 -5.871421867e-80 -9.090697923e-81 -1.400707099e-81 
-2.148314367e-82 -3.281149244e-83 -5.019930911e-84 -9.133655643e-85 -9.102222794e-85 
-4.020637960e-84 -2.009053771e-83 -1.005728212e-82 -5.025099492e-82 -2.506130525e-81 
-1.247750714e-80 -6.202802351e-80 -3.079318694e-79 -1.526856626e-78 -7.562909618e-78 
-3.742798993e-77 -1.850933343e-76 -9.148319842e-76 6.298992268e-76 2.786020374e-76 
net_rxn-O
-3.950191395e-21 -3.950032141e-21 -3.949872628e-21 -3.949712690e-21 -3.949552160e-21 
-3.949390867e-21 -3.949228636e-21 -3.949065286e-21 -3.948900634e-21 -3.948734484e-21 
-3.948566639e-21 -3.948396910e-21 -3.948225283e-21 -3.948053370e-21 -3.947897193e-21 
-3.947897727e-21 -3.949263065e-21 -3.962170586e-21 -4.070912062e-21 -4.961116904e-21 
-1.210307063e-20 -6.825102201e-20 -5.002974382e-19 -3.749804388e-18 -2.760443615e-17 
-1.982690497e-16 -1.386345277e-15 -9.420748304e-15 -6.210865851e-14 -3.965485268e-13 
-2.447490866e-12 -1.457676035e-11 -8.366878400e-11 -4.630691028e-10 -2.485846031e-09 
-1.320909478e-08 -7.308950261e-08 -4.585077617e-07 -3.465939852e-06 -3.034008924e-05 
-2.787679918e-04 -2.478611155e-03 -2.006256897e-02 -1.381202907e-01 -7.422152291e-01 
-2.880503039e+00 -7.920088123e+00 -1.642530901e+01 -2.886717669e+01 -4.748799534e+01 
-7.422511716e+01 -1.051265106e+02 -1.284530227e+02 -1.288082144e+02 -9.098540920e+01 
-2.094210572e+00 1.400700609e+02 3.097187742e+02 4.416885256e+02 4.522950054e+02 
3.041143994e+02 7.423753780e+01 -7.974202187e+01 -9.077160348e+01 -4.458950785e+01 
-1.368180838e+01 -2.573282083e+00 -3.242507105e-01 -3.156740429e-02 -2.569185561e-03 
-1.825833860e-04 -1.161001183e-05 -6.708242947e-07 -3.560729209e-08 -1.750357110e-09 
-8.018475404e-11 -3.443686625e-12 -1.397532628e-13 -5.428766291e-15 -2.061095660e-16 
-7.873679089e-18 -3.118169862e-19 -1.300051370e-20 -5.656768824e-22 -2.504504697e-23 
-1.098669660e-24 -4.684589067e-26 -1.920078147e-27 -7.524351856e-29 -2.813390931e-30 
-1.003409978e-31 -3.415646086e-33 -1.110835788e-34 -3.455561009e-36 -1.029453343e-37 
-2.940557508e-39 -8.062433188e-41 -2.123863870e-42 -5.378843505e-44 -1.309696912e-45 
-3.062150615e-47 -6.845250174e-49 -1.445308575e-50 -2.790397249e-52 -4.479191030e-54 
-2.298079109e-56 2.530063238e-57 1.925866334e-58 9.276583848e-60 4.072015336e-61 
9.921349615e-63 8.096566006e-64 1.409833435e-66 1.596048069e-66 1.055215205e-67 
7.471878140e-69 6.899244879e-70 8.175034805e-71 1.715205768e-71 3.043924141e-72 
5.274825591e-73 9.210880417e-74 1.706476377e-74 4.235518141e-75 2.058063736e-75 
1.691513511e-75 1.630300933e-75 1.620156914e-75 1.618488496e-75 1.618216073e-75 
1.618171902e-75 1.618164788e-75 1.618163650e-75 1.618163469e-75 1.618163440e-75 
1.618163436e-75 1.618163435e-75 1.618163435e-75 1.618163435e-75 1.618163435e-75 
1.618163435e-75 1.618163435e-75 1.618163435e-75 1.618163435e-75 1.618163435e-75 
1.618163435e-75 1.618163435e-75 1.618163435e-75 1.618163435e-75 1.618163435e-75 
1.618163435e-75 1.618163435e-75 1.618163435e-75 1.618163435e-75 1.618163435e-75 
1.618163436e-75 1.618163441e-75 1.618163464e-75 1.618163414e-75 1.618163426e-75 
net_rxn-O2
1.419064649e-34 1.418857192e-34 1.418654354e-34 1.418455846e-34 1.418261416e-34 
1.418070934e-34 1.417884833e-34 1.417706400e-34 1.417553599e-34 1.417519556e-34 
1.418079516e-34 1.421634621e-34 1.440198868e-34 1.533259069e-34 1.992035759e-34 
4.224740403e-34 1.494984762e-33 6.571530658e-33 2.999174904e-32 1.237294600e-31 
-1.103764042e-31 -3.108680158e-29 -1.474071029e-27 -6.236003472e-26 -2.503247828e-24 
-9.566138072e-23 -3.472266590e-21 -1.193556792e-19 -3.872970329e-18 -1.182374104e-16 
-3.383979722e-15 -9.045191982e-14 -2.248893725e-12 -5.178413189e-11 -1.099172717e-09 
-2.139735262e-08 -3.798688971e-07 -6.111251749e-06 -8.843330280e-05 -1.140324137e-03 
-1.293394468e-02 -1.264948633e-01 -1.033088710e+00 -6.711255503e+00 -3.266613360e+01 
-1.138577674e+02 -2.844755275e+02 -5.337869400e+02 -8.004071557e+02 -1.019587122e+03 
-1.174455911e+03 -1.318387621e+03 -1.558568636e+03 -2.005455288e+03 -2.711173962e+03 
-3.602017542e+03 -4.449363004e+03 -4.930865548e+03 -4.791577713e+03 -4.021692849e+03 
-2.907822774e+03 -1.884453811e+03 -1.247088634e+03 -9.140023754e+02 -6.088831602e+02 
-2.953932346e+02 -6.874353645e+01 -5.602759756e+00 -1.676297971e-01 2.034162615e-03 
2.625586609e-04 -3.128169727e-05 -8.759874185e-06 -1.228887002e-06 -1.368451933e-07 
-1.344279063e-08 -1.209646671e-09 -1.012413878e-10 -7.937129667e-12 -5.854010580e-13 
-4.076540146e-14 -2.689836339e-15 -1.687998647e-16 -1.011412763e-17 -5.809879189e-19 
-3.213068399e-20 -1.718138150e-21 -8.922000549e-23 -4.518410925e-24 -2.240847985e-25 
-1.092425923e-26 -5.253365208e-28 -2.499247363e-29 -1.179153857e-30 -5.529012188e-32 
-2.579600976e-33 -1.199238507e-34 -5.551758361e-36 -2.565459364e-37 -1.182289377e-38 
-5.434385029e-40 -2.496443592e-41 -1.151586278e-42 -5.270499454e-44 -2.337447888e-45 
-1.120006944e-46 -5.090909216e-48 -2.380518545e-49 -9.999574968e-51 -4.155295354e-52 
-1.002196106e-53 -8.012343543e-55 -1.887725552e-57 -1.646936705e-57 -1.183078565e-58 
-1.002955682e-59 -1.164924466e-60 -1.675546573e-61 -3.230462268e-62 -5.701103967e-63 
-9.881537410e-64 -1.701333344e-64 -2.904670996e-65 -4.919972618e-66 -8.265474384e-67 
-1.377581814e-67 -2.278422118e-68 -3.740338007e-69 -6.096263185e-70 -9.867515226e-71 
-1.586646755e-71 -2.536036151e-72 -4.039977439e-73 -6.512438632e-74 -1.158426726e-74 
-3.173657491e-75 -1.859681248e-75 -1.655477359e-75 -1.623901108e-75 -1.619041739e-75 
-1.618297310e-75 -1.618183758e-75 -1.618166509e-75 -1.618163903e-75 -1.618163530e-75 
-1.618163572e-75 -1.618164074e-75 -1.618166628e-75 -1.618179388e-75 -1.618242996e-75 
-1.618559555e-75 -1.620132622e-75 -1.627939265e-75 -1.666636141e-75 -1.858261092e-75 
-2.806379761e-75 -7.494271720e-75 -3.066108831e-74 1.837907785e-74 7.226540490e-75 
net_rxn-OH
-2.330975505e-18 -2.275308434e-18 -2.220883219e-18 -2.167620868e-18 -2.115447328e-18 
-2.064293023e-18 -2.014092432e-18 -1.964783710e-18 -1.916308335e-18 -1.868610800e-18 
-1.821638316e-18 -1.775340572e-18 -1.729669712e-18 -1.684582175e-18 -1.640057203e-18 
-1.596263587e-18 -1.555026371e-18 -1.532517340e-18 -1.667230699e-18 -3.122407099e-18 
-1.548547857e-17 -1.162155002e-16 -9.179803378e-16 -7.158555530e-15 -5.460690971e-14 
-4.065185499e-13 -2.948761353e-12 -2.080921377e-11 -1.426366071e-10 -9.480511527e-10 
-6.099343168e-09 -3.791091511e-08 -2.271977978e-07 -1.310012989e-06 -7.250867862e-06 
-3.843133721e-05 -1.945314962e-04 -9.373143747e-04 -4.278233083e-03 -1.832582611e-02 
-7.212270945e-02 -2.480151399e-01 -6.576434908e-01 -8.510316429e-01 2.271726228e+00 
1.544595106e+01 4.061477937e+01 6.154575830e+01 5.585015351e+01 2.620102636e+01 
-1.167986372e+01 -5.099458086e+01 -8.742003121e+01 -1.115271810e+02 -1.042772635e+02 
-4.838697689e+01 5.109017195e+01 1.529046247e+02 1.963348508e+02 1.523029561e+02 
6.715858826e+01 4.302131707e+01 1.340562434e+02 2.096931763e+02 8.091338116e+01 
-4.807004926e+01 -2.365203147e+01 -3.480615152e+00 -3.338953151e-01 -2.625328861e-02 
-1.845518144e-03 -1.242270248e-04 -8.614295185e-06 -6.468499708e-07 -5.213055026e-08 
-4.290257768e-09 -3.441388304e-10 -2.619403892e-11 -1.870046664e-12 -1.247692244e-13 
-7.779296619e-15 -4.538989526e-16 -2.483187019e-17 -1.276458036e-18 -6.178275801e-20 
-2.821515065e-21 -1.218165886e-22 -4.981446486e-24 -1.932890906e-25 -7.128588461e-27 
-2.502945532e-28 -8.379659442e-30 -2.679009566e-31 -8.190555018e-33 -2.397928231e-34 
-6.731495396e-36 -1.814203261e-37 -4.699861657e-39 -1.171696764e-40 -2.814261466e-42 
-6.519337920e-44 -1.458097545e-45 -3.151747000e-47 -6.590493449e-49 -1.334401479e-50 
-2.618232582e-52 -4.981792968e-54 -9.193920448e-56 -1.645433459e-57 -2.848749667e-59 
-4.812667723e-61 -7.286467426e-63 -1.300688708e-64 -3.761945556e-67 8.028752518e-68 
7.463506219e-69 7.263485565e-70 8.679762092e-71 1.822946985e-71 3.233947406e-72 
5.589928574e-73 9.619142200e-74 1.641971468e-74 2.782244420e-75 4.676134096e-76 
7.797102930e-77 1.290214392e-77 2.119065933e-78 3.455399302e-79 5.595418435e-80 
9.000325325e-81 1.438418113e-81 2.284660388e-82 3.607239183e-83 5.663058679e-84 
8.842091603e-85 1.373380154e-85 2.122566787e-86 3.264892832e-87 4.999363874e-88 
7.622536258e-89 1.157524854e-89 1.752059110e-90 2.693483376e-91 6.703471309e-92 
1.436539801e-91 6.918976669e-91 3.459749567e-90 1.728598884e-89 8.620904217e-89 
4.292170326e-88 2.133718208e-87 1.059262893e-86 5.252274051e-86 2.601585065e-85 
1.287495217e-84 6.367074029e-84 3.146954476e-83 -2.166806829e-83 -9.583704370e-84 
net_rxn-HO2
-1.605644115e-34 -1.605618724e-34 -1.605593332e-34 -1.605567916e-34 -1.605542477e-34 
-1.605517123e-34 -1.605492548e-34 -1.605472470e-34 -1.605476228e-34 -1.605603203e-34 
-1.606359781e-34 -1.610303677e-34 -1.630231567e-34 -1.729504780e-34 -2.218310789e-34 
-4.596595322e-34 -1.602143023e-33 -7.014591971e-33 -3.222024128e-32 -1.447474281e-31 
-4.958231775e-31 5.099735294e-30 3.412048433e-28 1.478046614e-26 5.931676256e-25 
2.260818160e-23 8.182572208e-22 2.804510413e-20 9.073905032e-19 2.762092906e-17 
7.881979269e-16 2.100521337e-14 5.206336223e-13 1.194866283e-11 2.526790657e-10 
4.896863569e-09 8.643005973e-08 1.379154195e-06 1.971364037e-05 2.493018283e-04 
2.738120539e-03 2.534910893e-02 1.882419402e-01 1.038457673e+00 3.866646894e+00 
9.043142760e+00 1.361733309e+01 1.563391871e+01 1.657602068e+01 1.677719842e+01 
1.548060948e+01 1.255011968e+01 9.582097773e+00 6.877703791e+00 4.391943681e+00 
1.960318965e+00 -7.913839687e-01 -4.549916182e+00 -1.030295206e+01 -1.891314939e+01 
-2.955605188e+01 -3.658015773e+01 -2.670060814e+01 2.372141727e+01 1.363157199e+02 
1.842851187e+02 5.962548586e+01 4.995998642e+00 1.274009323e-01 -3.790302074e-03 
-2.741283446e-04 3.804568818e-05 9.648790170e-06 1.312066299e-06 1.438061051e-07 
1.400371722e-08 1.254120189e-09 1.046977671e-10 8.197392898e-12 6.042018594e-13 
4.206122637e-14 2.774918221e-15 1.741268595e-16 1.043297473e-17 5.992949652e-19 
3.314292320e-20 1.772261429e-21 9.203043687e-23 4.660738936e-24 2.311433357e-25 
1.126836617e-26 5.418842618e-28 2.577971926e-29 1.216296384e-30 5.703172227e-32 
2.660856611e-33 1.237013686e-34 5.726634886e-36 2.646269549e-37 1.219530669e-38 
5.605564376e-40 2.575079828e-41 1.187860445e-42 5.436516519e-44 2.411075870e-45 
1.155286384e-46 5.251269313e-48 2.455503223e-49 1.031455462e-50 4.286184266e-52 
1.033764586e-53 8.264726789e-55 1.947187594e-57 1.698814065e-57 1.220344717e-58 
1.034548089e-59 1.201618777e-60 1.728325126e-61 3.332219585e-62 5.880684781e-63 
1.019279897e-63 1.754924162e-64 2.996166113e-65 5.074948335e-66 8.525831067e-67 
1.420974667e-67 2.350190665e-68 3.858154386e-69 6.288274548e-70 1.017816819e-70 
1.636458111e-71 2.614250393e-72 4.150542576e-73 6.550662478e-74 1.028002918e-74 
1.604491038e-75 2.491254564e-76 3.848928699e-77 5.918405990e-78 9.059705942e-79 
1.380920087e-79 2.096388471e-80 3.171395056e-81 4.829081046e-82 9.782196521e-83 
1.418430185e-82 6.594187685e-82 3.293657256e-81 1.645559165e-80 8.206758684e-80 
4.085975691e-79 2.031214994e-78 1.008376206e-77 4.999956302e-77 2.476605660e-76 
1.225644314e-75 6.061201607e-75 2.995775680e-74 -2.062714047e-74 -9.123305944e-75 
net_rxn-H2O
2.473568672e-18 2.414602313e-18 2.356951408e-18 2.300532283e-18 2.245266498e-18 
2.191080351e-18 2.137904440e-18 2.085673252e-18 2.034324799e-18 1.983800283e-18 
1.934043785e-18 1.885002015e-18 1.836624278e-18 1.788864434e-18 1.741700514e-18 
1.695311469e-18 1.651631867e-18 1.627803372e-18 1.770622961e-18 3.313042759e-18 
1.641685347e-17 1.231798623e-16 9.729477757e-16 7.587029591e-15 5.787427072e-14 
4.308341221e-13 3.125080718e-12 2.205307966e-11 1.511599032e-10 1.004684020e-09 
6.463579556e-09 4.017419778e-08 2.407588492e-07 1.388217564e-06 7.684350614e-06 
4.074256748e-05 2.064754475e-04 9.987411717e-04 4.613419263e-03 2.045185583e-02 
8.818488792e-02 3.788318141e-01 1.660156869e+00 7.330192244e+00 3.008792878e+01 
1.020123630e+02 2.652090671e+02 5.309957975e+02 8.530369002e+02 1.154779771e+03 
1.402273946e+03 1.644408069e+03 1.982859950e+03 2.514715176e+03 3.261622539e+03 
4.108041109e+03 4.799887645e+03 5.047762803e+03 4.703422370e+03 3.881669920e+03 
2.896860386e+03 2.036158148e+03 1.381973086e+03 8.789537667e+02 4.911477507e+02 
1.859634978e+02 3.482133553e+01 4.044971453e+00 3.672437791e-01 2.817683086e-02 
1.934296189e-03 1.270896286e-04 8.670977409e-06 6.509226240e-07 5.307851854e-08 
4.429102853e-09 3.590592513e-10 2.751550652e-11 1.972205672e-12 1.318776914e-13 
8.232427944e-15 4.806468883e-16 2.630411675e-17 1.352378494e-18 6.546361099e-20 
2.989766128e-21 1.290844430e-22 5.278746084e-24 2.048274242e-25 7.554202364e-27 
2.652407512e-28 8.880118774e-30 2.839031143e-31 8.679860013e-33 2.541201611e-34 
7.133754091e-36 1.922632552e-37 4.980803109e-39 1.241748911e-40 2.982550519e-42 
6.909279193e-44 1.545339775e-45 3.340427049e-47 6.985430884e-49 1.414525708e-50 
2.776231917e-52 5.285876447e-54 9.771758318e-56 1.755458367e-57 3.067102452e-59 
5.215962878e-61 8.640699319e-63 1.395413421e-64 2.198467393e-66 3.381554197e-68 
5.081604346e-70 7.465790227e-72 1.073092244e-73 1.509991555e-75 2.081480198e-77 
2.812606737e-79 3.727847940e-81 4.849404118e-83 6.195316047e-85 7.777551679e-87 
9.600236283e-89 1.165820622e-90 1.393605158e-92 1.640777701e-94 1.903715659e-96 
2.177879475e-98 2.457983778e-100 2.738221926e-102 3.012527367e-104 3.274852246e-106 
3.519442719e-108 3.741091583e-110 3.935351784e-112 4.098698584e-114 4.228632994e-116 
4.323723406e-118 4.383582900e-120 4.408763956e-122 4.400461840e-124 4.359479911e-126 
4.281847407e-128 4.139049727e-130 3.806431528e-132 4.346983186e-134 1.335965956e-134 
8.983426058e-135 4.378485389e-135 -2.414350652e-136 -4.562329225e-136 -4.662041215e-136 
-4.666663847e-136 -4.666877882e-136 -4.666887740e-136 -4.666888202e-136 -4.748503421e-137 
net_rxn-H2O2
1.676270576e-35 1.675607843e-35 1.674966231e-35 1.674344207e-35 1.673740358e-35 
1.673153415e-35 1.672582430e-35 1.672027743e-35 1.671496010e-35 1.671025949e-35 
1.670819065e-35 1.671897087e-35 1.679375669e-35 1.718588692e-35 1.913570457e-35 
2.864194535e-35 7.433837610e-35 2.910172398e-34 1.304141823e-33 5.974166522e-33 
2.716777927e-32 1.198476180e-31 4.135252292e-31 -3.190618047e-30 -2.028055689e-28 
-7.296440320e-27 -2.214121526e-25 -5.354370226e-24 -6.714144429e-23 2.664169058e-21 
2.713378524e-19 1.478530620e-17 6.379293503e-16 2.366939460e-14 7.773497947e-13 
2.285466723e-11 6.037139395e-10 1.431985073e-08 3.039319222e-07 5.734272298e-06 
9.505260597e-05 1.354071788e-03 1.587901218e-02 1.416650806e-01 8.520439157e-01 
3.022515788e+00 5.797343918e+00 5.930738754e+00 3.274909983e+00 6.380135430e-01 
-7.451628968e-01 -1.150039122e+00 -1.073574154e+00 -8.603516303e-01 -6.947334399e-01 
-6.670226286e-01 -8.401070457e-01 -1.287811598e+00 -2.060885470e+00 -3.040994942e+00 
-3.745027733e+00 -3.303495070e+00 -7.739578884e-01 4.157330242e+00 9.580270034e+00 
1.114469005e+01 5.142306853e+00 8.137969576e-01 6.765344461e-02 4.127704795e-03 
2.169301295e-04 1.063427838e-05 5.098320521e-07 2.436821702e-08 1.151039100e-09 
5.250930104e-11 2.264255921e-12 9.104978265e-14 3.392902247e-15 1.169744305e-16 
3.734265725e-18 1.106096864e-19 3.047486758e-21 7.830618551e-23 1.881432372e-24 
4.237504213e-26 8.968060788e-28 1.787462456e-29 3.362447332e-31 5.981840103e-33 
1.008345828e-34 1.613511123e-36 2.455136405e-38 3.558263697e-40 4.919761839e-42 
6.499014507e-44 8.214360364e-46 9.947618473e-48 1.155680273e-49 1.289279510e-51 
1.380083156e-53 1.400263453e-55 1.221652772e-57 4.812002520e-61 -7.133999683e-61 
-5.135433690e-62 -3.213220560e-63 -1.945974487e-64 -1.157343380e-65 -6.776093459e-67 
-3.908500541e-68 -2.222117116e-69 -1.245782578e-70 -6.890037555e-72 -3.760844431e-73 
-2.026793305e-74 -1.078861025e-75 -5.674416391e-77 -2.950126408e-78 -1.516647139e-79 
-7.712778168e-81 -3.881279604e-82 -1.933438875e-83 -9.537401609e-85 -4.660438211e-86 
-2.256708697e-87 -1.083268256e-88 -5.156756998e-90 -2.435457114e-91 -1.141705918e-92 
-5.315476461e-94 -2.459498963e-95 -1.132031929e-96 -5.189230174e-98 -2.373009443e-99 
-1.085019232e-100 -4.971043602e-102 -2.238567208e-103 -4.599804275e-105 5.658959927e-105 
6.148641639e-105 6.172674836e-105 6.173896669e-105 6.173961331e-105 6.173964871e-105 
6.173965043e-105 6.173965021e-105 6.173964989e-105 6.173964955e-105 6.173964922e-105 
6.173964889e-105 6.173964856e-105 6.173964823e-105 6.173964828e-105 6.173964834e-105 
6.173964840e-105 6.173964846e-105 6.173964854e-105 -8.670897369e-106 -3.628021342e-107 
massfraction-H2
1.000000000e+00 1.000000000e+00 1.000000000e+00 1.000000000e+00 1.000000000e+00 
1.000000000e+00 1.000000000e+00 1.000000000e+00 1.000000000e+00 1.000000000e+00 
1.000000000e+00 1.000000000e+00 1.000000000e+00 1.000000000e+00 1.000000000e+00 
1.000000000e+00 1.000000000e+00 1.000000000e+00 1.000000000e+00 1.000000000e+00 
1.000000000e+00 1.000000000e+00 1.000000000e+00 1.000000000e+00 1.000000000e+00 
1.000000000e+00 1.000000000e+00 1.000000000e+00 1.000000000e+00 9.999999999e-01 
9.999999996e-01 9.999999985e-01 9.999999947e-01 9.999999816e-01 9.999999362e-01 
9.999997715e-01 9.999991344e-01 9.999964942e-01 9.999850388e-01 9.999348743e-01 
9.997208753e-01 9.988570295e-01 9.956425921e-01 9.849535002e-01 9.545934624e-01 
8.854931792e-01 7.675310438e-01 6.200751157e-01 4.779525224e-01 3.615504647e-01 
2.734714684e-01 2.083317246e-01 1.600120780e-01 1.237929146e-01 9.628092141e-02 
7.511671649e-02 5.868271141e-02 4.585719540e-02 3.582620964e-02 2.795905226e-02 
2.174519414e-02 1.677503059e-02 1.273579929e-02 9.402162325e-03 6.629245648e-03 
4.369135530e-03 2.665012726e-03 1.522068401e-03 8.265591110e-04 4.296443281e-04 
2.141894330e-04 1.025132801e-04 4.715211199e-05 2.086710010e-05 8.896043554e-06 
3.658034279e-06 1.452610172e-06 5.577230589e-07 2.072781372e-07 7.464986626e-08 
2.607946484e-08 8.846976191e-09 2.916957189e-09 9.356166087e-10 2.921961279e-10 
0.000000000e+00 0.000000000e+00 0.000000000e+00 0.000000000e+00 0.000000000e+00 
0.000000000e+00 0.000000000e+00 0.000000000e+00 0.000000000e+00 0.000000000e+00 
0.000000000e+00 0.000000000e+00 0.000000000e+00 0.000000000e+00 0.000000000e+00 
0.000000000e+00 0.000000000e+00 0.000000000e+00 0.000000000e+00 0.000000000e+00 
0.000000000e+00 0.000000000e+00 0.000000000e+00 0.000000000e+00 0.000000000e+00 
0.000000000e+00 0.000000000e+00 0.000000000e+00 0.000000000e+00 0.000000000e+00 
0.000000000e+00 0.000000000e+00 0.000000000e+00 0.000000000e+00 0.000000000e+00 
0.000000000e+00 0.000000000e+00 0.000000000e+00 0.000000000e+00 0.000000000e+00 
0.000000000e+00 0.000000000e+00 0.000000000e+00 0.000000000e+00 0.000000000e+00 
0.000000000e+00 0.000000000e+00 0.000000000e+00 0.000000000e+00 0.000000000e+00 
0.000000000e+00 0.000000000e+00 0.000000000e+00 0.000000000e+00 0.000000000e+00 
0.000000000e+00 0.000000000e+00 0.000000000e+00 0.000000000e+00 0.000000000e+00 
0.000000000e+00 0.000000000e+00 0.000000000e+00 0.000000000e+00 0.000000000e+00 
0.000000000e+00 0.000000000e+00 0.000000000e+00 0.000000000e+00 0.000000000e+00 
0.000000000e+00 0.000000000e+00 0.000000000e+00 0.000000000e+00 0.000000000e+00 
massfraction-H
0.000000000e+00 0.000000000e+00 0.000000000e+00 0.000000000e+00 0.000000000e+00 
0.000000000e+00 0.000000000e+00 0.000000000e+00 0.000000000e+00 0.000000000e+00 
0.000000000e+00 0.000000000e+00 0.000000000e+00 0.000000000e+00 0.000000000e+00 
0.000000000e+00 0.000000000e+00 0.000000000e+00 0.000000000e+00 0.000000000e+00 
0.000000000e+00 0.000000000e+00 0.000000000e+00 0.000000000e+00 0.000000000e+00 
0.000000000e+00 0.000000000e+00 0.000000000e+00 0.000000000e+00 1.186003031e-10 
4.283192820e-10 1.500447999e-09 5.090203595e-09 1.669404550e-08 5.283351601e-08 
1.610427282e-07 4.718075512e-07 1.325637207e-06 3.563510846e-06 9.140015415e-06 
2.229459738e-05 5.148473908e-05 1.117697596e-04 2.254194962e-04 4.144757363e-04 
6.785498518e-04 9.727871301e-04 1.228234175e-03 1.403534428e-03 1.499199866e-03 
1.536714450e-03 1.537217382e-03 1.513588222e-03 1.470341655e-03 1.404791075e-03 
1.310532897e-03 1.182440047e-03 1.021543192e-03 8.374254916e-04 6.463087348e-04 
4.653894745e-04 3.070823611e-04 1.779219747e-04 8.275754746e-05 2.639001360e-05 
4.730225101e-06 4.534444644e-07 2.890797295e-08 1.585810945e-09 0.000000000e+00 
0.000000000e+00 0.000000000e+00 0.000000000e+00 0.000000000e+00 0.000000000e+00 
0.000000000e+00 0.000000000e+00 0.000000000e+00 0.000000000e+00 0.000000000e+00 
0.000000000e+00 0.000000000e+00 0.000000000e+00 0.000000000e+00 0.000000000e+00 
0.000000000e+00 0.000000000e+00 0.000000000e+00 0.000000000e+00 0.000000000e+00 
0.000000000e+00 0.000000000e+00 0.000000000e+00 0.000000000e+00 0.000000000e+00 
0.000000000e+00 0.000000000e+00 0.000000000e+00 0.000000000e+00 0.000000000e+00 
0.000000000e+00 0.000000000e+00 0.000000000e+00 0.000000000e+00 0.000000000e+00 
0.000000000e+00 0.000000000e+00 0.000000000e+00 0.000000000e+00 0.000000000e+00 
0.000000000e+00 0.000000000e+00 0.000000000e+00 0.000000000e+00 0.000000000e+00 
0.000000000e+00 0.000000000e+00 0.000000000e+00 0.000000000e+00 0.000000000e+00 
0.000000000e+00 0.000000000e+00 0.000000000e+00 0.000000000e+00 0.000000000e+00 
0.000000000e+00 0.000000000e+00 0.000000000e+00 0.000000000e+00 0.000000000e+00 
0.000000000e+00 0.000000000e+00 0.000000000e+00 0.000000000e+00 0.000000000e+00 
0.000000000e+00 0.000000000e+00 0.000000000e+00 0.000000000e+00 0.000000000e+00 
0.000000000e+00 0.000000000e+00 0.000000000e+00 0.000000000e+00 0.000000000e+00 
0.000000000e+00 0.000000000e+00 0.000000000e+00 0.000000000e+00 0.000000000e+00 
0.000000000e+00 0.000000000e+00 0.000000000e+00 0.000000000e+00 0.000000000e+00 
0.000000000e+00 0.000000000e+00 0.000000000e+00 0.000000000e+00 0.000000000e+00 
massfraction-O
0.000000000e+00 0.000000000e+00 0.000000000e+00 0.000000000e+00 0.000000000e+00 
0.000000000e+00 0.000000000e+00 0.000000000e+00 0.000000000e+00 0.000000000e+00 
0.000000000e+00 0.000000000e+00 0.000000000e+00 0.000000000e+00 0.000000000e+00 
0.000000000e+00 0.000000000e+00 0.000000000e+00 0.000000000e+00 0.000000000e+00 
0.000000000e+00 0.000000000e+00 0.000000000e+00 0.000000000e+00 0.000000000e+00 
0.000000000e+00 0.000000000e+00 0.000000000e+00 0.000000000e+00 0.000000000e+00 
0.000000000e+00 0.000000000e+00 0.000000000e+00 0.000000000e+00 1.174454507e-10 
5.911567752e-10 2.833895064e-09 1.289637156e-08 5.551196164e-08 2.250913367e-07 
8.555865231e-07 3.029572427e-06 9.905339704e-06 2.950552769e-05 7.847634788e-05 
1.815119071e-04 3.566760025e-04 5.959185386e-04 8.759999120e-04 1.188597666e-03 
1.550455123e-03 1.988311024e-03 2.518662800e-03 3.132272916e-03 3.784587343e-03 
4.393403549e-03 4.840684046e-03 4.986336687e-03 4.708470889e-03 3.972151626e-03 
2.896275761e-03 1.754019898e-03 8.495558793e-04 3.243621856e-04 9.937884838e-05 
2.597666875e-05 7.012231497e-06 2.158659214e-06 6.967702993e-07 2.186154686e-07 
6.496829014e-08 1.820143102e-08 4.812858042e-09 1.204162594e-09 2.858403466e-10 
0.000000000e+00 0.000000000e+00 0.000000000e+00 0.000000000e+00 0.000000000e+00 
0.000000000e+00 0.000000000e+00 0.000000000e+00 0.000000000e+00 0.000000000e+00 
0.000000000e+00 0.000000000e+00 0.000000000e+00 0.000000000e+00 0.000000000e+00 
0.000000000e+00 0.000000000e+00 0.000000000e+00 0.000000000e+00 0.000000000e+00 
0.000000000e+00 0.000000000e+00 0.000000000e+00 0.000000000e+00 0.000000000e+00 
0.000000000e+00 0.000000000e+00 0.000000000e+00 0.000000000e+00 0.000000000e+00 
0.000000000e+00 0.000000000e+00 0.000000000e+00 0.000000000e+00 0.000000000e+00 
0.000000000e+00 0.000000000e+00 0.000000000e+00 0.000000000e+00 0.000000000e+00 
0.000000000e+00 0.000000000e+00 0.000000000e+00 0.000000000e+00 0.000000000e+00 
0.000000000e+00 0.000000000e+00 0.000000000e+00 0.000000000e+00 0.000000000e+00 
0.000000000e+00 0.000000000e+00 0.000000000e+00 0.000000000e+00 0.000000000e+00 
0.000000000e+00 0.000000000e+00 0.000000000e+00 0.000000000e+00 0.000000000e+00 
0.000000000e+00 0.000000000e+00 0.000000000e+00 0.000000000e+00 0.000000000e+00 
0.000000000e+00 0.000000000e+00 0.000000000e+00 0.000000000e+00 0.000000000e+00 
0.000000000e+00 0.000000000e+00 0.000000000e+00 0.000000000e+00 0.000000000e+00 
0.000000000e+00 0.000000000e+00 0.000000000e+00 0.000000000e+00 0.000000000e+00 
0.000000000e+00 0.000000000e+00 0.000000000e+00 0.000000000e+00 0.000000000e+00 
massfraction-O2
0.000000000e+00 0.000000000e+00 0.000000000e+00 0.000000000e+00 0.000000000e+00 
0.000000000e+00 0.000000000e+00 0.000000000e+00 0.000000000e+00 0.000000000e+00 
0.000000000e+00 0.000000000e+00 0.000000000e+00 0.000000000e+00 0.000000000e+00 
0.000000000e+00 0.000000000e+00 0.000000000e+00 0.000000000e+00 0.000000000e+00 
0.000000000e+00 0.000000000e+00 0.000000000e+00 0.000000000e+00 0.000000000e+00 
0.000000000e+00 0.000000000e+00 0.000000000e+00 0.000000000e+00 0.000000000e+00 
0.000000000e+00 0.000000000e+00 0.000000000e+00 5.616298844e-10 3.769990157e-09 
2.410771459e-08 1.463728680e-07 8.407438055e-07 4.549667462e-06 2.308595347e-05 
1.092108643e-04 4.779996066e-04 1.914094837e-03 6.887293224e-03 2.163392282e-02 
5.703050785e-02 1.219514250e-01 2.115974319e-01 3.102688334e-01 4.048761593e-01 
4.888792466e-01 5.602783970e-01 6.197711026e-01 6.692983419e-01 7.113721184e-01 
7.485533446e-01 7.830141163e-01 8.161706633e-01 8.484536341e-01 8.793376396e-01 
9.076971918e-01 9.323861710e-01 9.527724760e-01 9.689175835e-01 9.812245192e-01 
9.899314413e-01 9.952216957e-01 9.978371379e-01 9.990016723e-01 9.995280970e-01 
9.997761386e-01 9.998954131e-01 9.999524292e-01 9.999790529e-01 9.999910894e-01 
9.999963394e-01 9.999985470e-01 9.999994422e-01 9.999997927e-01 9.999999253e-01 
9.999999739e-01 9.999999912e-01 9.999999971e-01 9.999999991e-01 9.999999997e-01 
9.999999999e-01 1.000000000e+00 1.000000000e+00 1.000000000e+00 1.000000000e+00 
1.000000000e+00 1.000000000e+00 1.000000000e+00 1.000000000e+00 1.000000000e+00 
1.000000000e+00 1.000000000e+00 1.000000000e+00 1.000000000e+00 1.000000000e+00 
1.000000000e+00 1.000000000e+00 1.000000000e+00 1.000000000e+00 1.000000000e+00 
1.000000000e+00 1.000000000e+00 1.000000000e+00 1.000000000e+00 1.000000000e+00 
1.000000000e+00 1.000000000e+00 1.000000000e+00 1.000000000e+00 1.000000000e+00 
1.000000000e+00 1.000000000e+00 1.000000000e+00 1.000000000e+00 1.000000000e+00 
1.000000000e+00 1.000000000e+00 1.000000000e+00 1.000000000e+00 1.000000000e+00 
1.000000000e+00 1.000000000e+00 1.000000000e+00 1.000000000e+00 1.000000000e+00 
1.000000000e+00 1.000000000e+00 1.000000000e+00 1.000000000e+00 1.000000000e+00 
1.000000000e+00 1.000000000e+00 1.000000000e+00 1.000000000e+00 1.000000000e+00 
1.000000000e+00 1.000000000e+00 1.000000000e+00 1.000000000e+00 1.000000000e+00 
1.000000000e+00 1.000000000e+00 1.000000000e+00 1.000000000e+00 1.000000000e+00 
1.000000000e+00 1.000000000e+00 1.000000000e+00 1.000000000e+00 1.000000000e+00 
1.000000000e+00 1.000000000e+00 1.000000000e+00 1.000000000e+00 1.000000000e+00 
massfraction-OH
0.000000000e+00 0.000000000e+00 0.000000000e+00 0.000000000e+00 0.000000000e+00 
0.000000000e+00 0.000000000e+00 0.000000000e+00 0.000000000e+00 0.000000000e+00 
0.000000000e+00 0.000000000e+00 0.000000000e+00 0.000000000e+00 0.000000000e+00 
0.000000000e+00 0.000000000e+00 0.000000000e+00 0.000000000e+00 0.000000000e+00 
0.000000000e+00 0.000000000e+00 0.000000000e+00 0.000000000e+00 0.000000000e+00 
0.000000000e+00 0.000000000e+00 0.000000000e+00 0.000000000e+00 0.000000000e+00 
0.000000000e+00 0.000000000e+00 0.000000000e+00 1.045281598e-10 5.785211282e-10 
3.065964578e-09 1.551755379e-08 7.478780854e-08 3.421304600e-07 1.480026032e-06 
6.024574616e-06 2.290084633e-05 8.017080384e-05 2.516697118e-04 6.759987684e-04 
1.456710356e-03 2.381729617e-03 2.932785370e-03 2.875000566e-03 2.459606522e-03 
2.020093716e-03 1.731624628e-03 1.644889427e-03 1.756604880e-03 2.030969072e-03 
2.393137755e-03 2.727825414e-03 2.906584749e-03 2.846008913e-03 2.564387378e-03 
2.181581136e-03 1.833314508e-03 1.542451646e-03 1.173745980e-03 6.448036823e-04 
2.082324975e-04 4.989553835e-05 1.349354163e-05 4.121444307e-06 1.262700745e-06 
3.692467561e-07 1.019352266e-07 2.656124943e-08 6.547346067e-09 1.530834127e-09 
3.403836305e-10 0.000000000e+00 0.000000000e+00 0.000000000e+00 0.000000000e+00 
0.000000000e+00 0.000000000e+00 0.000000000e+00 0.000000000e+00 0.000000000e+00 
0.000000000e+00 0.000000000e+00 0.000000000e+00 0.000000000e+00 0.000000000e+00 
0.000000000e+00 0.000000000e+00 0.000000000e+00 0.000000000e+00 0.000000000e+00 
0.000000000e+00 0.000000000e+00 0.000000000e+00 0.000000000e+00 0.000000000e+00 
0.000000000e+00 0.000000000e+00 0.000000000e+00 0.000000000e+00 0.000000000e+00 
0.000000000e+00 0.000000000e+00 0.000000000e+00 0.000000000e+00 0.000000000e+00 
0.000000000e+00 0.000000000e+00 0.000000000e+00 0.000000000e+00 0.000000000e+00 
0.000000000e+00 0.000000000e+00 0.000000000e+00 0.000000000e+00 0.000000000e+00 
0.000000000e+00 0.000000000e+00 0.000000000e+00 0.000000000e+00 0.000000000e+00 
0.000000000e+00 0.000000000e+00 0.000000000e+00 0.000000000e+00 0.000000000e+00 
0.000000000e+00 0.000000000e+00 0.000000000e+00 0.000000000e+00 0.000000000e+00 
0.000000000e+00 0.000000000e+00 0.000000000e+00 0.000000000e+00 0.000000000e+00 
0.000000000e+00 0.000000000e+00 0.000000000e+00 0.000000000e+00 0.000000000e+00 
0.000000000e+00 0.000000000e+00 0.000000000e+00 0.000000000e+00 0.000000000e+00 
0.000000000e+00 0.000000000e+00 0.000000000e+00 0.000000000e+00 0.000000000e+00 
0.000000000e+00 0.000000000e+00 0.000000000e+00 0.000000000e+00 0.000000000e+00 
massfraction-HO2
0.000000000e+00 0.000000000e+00 0.000000000e+00 0.000000000e+00 0.000000000e+00 
0.000000000e+00 0.000000000e+00 0.000000000e+00 0.000000000e+00 0.000000000e+00 
0.000000000e+00 0.000000000e+00 0.000000000e+00 0.000000000e+00 0.000000000e+00 
0.000000000e+00 0.000000000e+00 0.000000000e+00 0.000000000e+00 0.000000000e+00 
0.000000000e+00 0.000000000e+00 0.000000000e+00 0.000000000e+00 0.000000000e+00 
0.000000000e+00 0.000000000e+00 0.000000000e+00 0.000000000e+00 0.000000000e+00 
0.000000000e+00 0.000000000e+00 0.000000000e+00 0.000000000e+00 0.000000000e+00 
3.724182567e-10 2.262750033e-09 1.300429990e-08 7.038840318e-08 3.569114651e-07 
1.683077341e-06 7.298934165e-06 2.856221957e-05 9.765835367e-05 2.779173091e-04 
6.232404447e-04 1.067602568e-03 1.424962098e-03 1.575647258e-03 1.542099747e-03 
1.404447108e-03 1.232874307e-03 1.068051638e-03 9.264553407e-04 8.121998391e-04 
7.242316473e-04 6.600750012e-04 6.179006416e-04 5.979181015e-04 6.034463265e-04 
6.411932501e-04 7.185408318e-04 8.334405607e-04 9.537731994e-04 9.847243640e-04 
7.598914987e-04 3.427087019e-04 1.024310363e-04 2.574294064e-05 5.902073833e-06 
1.255147806e-06 2.488457338e-07 4.617681672e-08 8.050721099e-09 1.323508440e-09 
2.058448415e-10 0.000000000e+00 0.000000000e+00 0.000000000e+00 0.000000000e+00 
0.000000000e+00 0.000000000e+00 0.000000000e+00 0.000000000e+00 0.000000000e+00 
0.000000000e+00 0.000000000e+00 0.000000000e+00 0.000000000e+00 0.000000000e+00 
0.000000000e+00 0.000000000e+00 0.000000000e+00 0.000000000e+00 0.000000000e+00 
0.000000000e+00 0.000000000e+00 0.000000000e+00 0.000000000e+00 0.000000000e+00 
0.000000000e+00 0.000000000e+00 0.000000000e+00 0.000000000e+00 0.000000000e+00 
0.000000000e+00 0.000000000e+00 0.000000000e+00 0.000000000e+00 0.000000000e+00 
0.000000000e+00 0.000000000e+00 0.000000000e+00 0.000000000e+00 0.000000000e+00 
0.000000000e+00 0.000000000e+00 0.000000000e+00 0.000000000e+00 0.000000000e+00 
0.000000000e+00 0.000000000e+00 0.000000000e+00 0.000000000e+00 0.000000000e+00 
0.000000000e+00 0.000000000e+00 0.000000000e+00 0.000000000e+00 0.000000000e+00 
0.000000000e+00 0.000000000e+00 0.000000000e+00 0.000000000e+00 0.000000000e+00 
0.000000000e+00 0.000000000e+00 0.000000000e+00 0.000000000e+00 0.000000000e+00 
0.000000000e+00 0.000000000e+00 0.000000000e+00 0.000000000e+00 0.000000000e+00 
0.000000000e+00 0.000000000e+00 0.000000000e+00 0.000000000e+00 0.000000000e+00 
0.000000000e+00 0.000000000e+00 0.000000000e+00 0.000000000e+00 0.000000000e+00 
0.000000000e+00 0.000000000e+00 0.000000000e+00 0.000000000e+00 0.000000000e+00 
massfraction-H2O
0.000000000e+00 0.000000000e+00 0.000000000e+00 0.000000000e+00 0.000000000e+00 
0.000000000e+00 0.000000000e+00 0.000000000e+00 0.000000000e+00 0.000000000e+00 
0.000000000e+00 0.000000000e+00 0.000000000e+00 0.000000000e+00 0.000000000e+00 
0.000000000e+00 0.000000000e+00 0.000000000e+00 0.000000000e+00 0.000000000e+00 
0.000000000e+00 0.000000000e+00 0.000000000e+00 0.000000000e+00 0.000000000e+00 
0.000000000e+00 0.000000000e+00 0.000000000e+00 0.000000000e+00 0.000000000e+00 
0.000000000e+00 0.000000000e+00 1.526798638e-10 1.016066697e-09 6.467153496e-09 
3.924920392e-08 2.263765950e-07 1.236297462e-06 6.366730178e-06 3.077030330e-05 
1.387370684e-04 5.788626139e-04 2.207359429e-03 7.535462632e-03 2.226848910e-02 
5.440736907e-02 1.055341643e-01 1.619207153e-01 2.048649608e-01 2.267604681e-01 
2.310624323e-01 2.248552533e-01 2.134441354e-01 1.996042491e-01 1.842994144e-01 
1.674947168e-01 1.488776123e-01 1.284232101e-01 1.067100431e-01 8.489059236e-02 
6.433742570e-02 4.617754921e-02 3.102629029e-02 1.907358378e-02 1.032031993e-02 
4.647585260e-03 1.687087340e-03 5.141772346e-04 1.389951645e-04 3.436518711e-05 
7.874422963e-06 1.683336273e-06 3.372478936e-07 6.356535692e-08 1.131070669e-08 
1.906046995e-09 3.050783181e-10 0.000000000e+00 0.000000000e+00 0.000000000e+00 
0.000000000e+00 0.000000000e+00 0.000000000e+00 0.000000000e+00 0.000000000e+00 
0.000000000e+00 0.000000000e+00 0.000000000e+00 0.000000000e+00 0.000000000e+00 
0.000000000e+00 0.000000000e+00 0.000000000e+00 0.000000000e+00 0.000000000e+00 
0.000000000e+00 0.000000000e+00 0.000000000e+00 0.000000000e+00 0.000000000e+00 
0.000000000e+00 0.000000000e+00 0.000000000e+00 0.000000000e+00 0.000000000e+00 
0.000000000e+00 0.000000000e+00 0.000000000e+00 0.000000000e+00 0.000000000e+00 
0.000000000e+00 0.000000000e+00 0.000000000e+00 0.000000000e+00 0.000000000e+00 
0.000000000e+00 0.000000000e+00 0.000000000e+00 0.000000000e+00 0.000000000e+00 
0.000000000e+00 0.000000000e+00 0.000000000e+00 0.000000000e+00 0.000000000e+00 
0.000000000e+00 0.000000000e+00 0.000000000e+00 0.000000000e+00 0.000000000e+00 
0.000000000e+00 0.000000000e+00 0.000000000e+00 0.000000000e+00 0.000000000e+00 
0.000000000e+00 0.000000000e+00 0.000000000e+00 0.000000000e+00 0.000000000e+00 
0.000000000e+00 0.000000000e+00 0.000000000e+00 0.000000000e+00 0.000000000e+00 
0.000000000e+00 0.000000000e+00 0.000000000e+00 0.000000000e+00 0.000000000e+00 
0.000000000e+00 0.000000000e+00 0.000000000e+00 0.000000000e+00 0.000000000e+00 
0.000000000e+00 0.000000000e+00 0.000000000e+00 0.000000000e+00 0.000000000e+00 
massfraction-H2O2
0.000000000e+00 0.000000000e+00 0.000000000e+00 0.000000000e+00 0.000000000e+00 
0.000000000e+00 0.000000000e+00 0.000000000e+00 0.000000000e+00 0.000000000e+00 
0.000000000e+00 0.000000000e+00 0.000000000e+00 0.000000000e+00 0.000000000e+00 
0.000000000e+00 0.000000000e+00 0.000000000e+00 0.000000000e+00 0.000000000e+00 
0.000000000e+00 0.000000000e+00 0.000000000e+00 0.000000000e+00 0.000000000e+00 
0.000000000e+00 0.000000000e+00 0.000000000e+00 0.000000000e+00 0.000000000e+00 
0.000000000e+00 0.000000000e+00 0.000000000e+00 0.000000000e+00 0.000000000e+00 
0.000000000e+00 4.254575887e-10 2.447230221e-09 1.326106985e-08 6.736892957e-08 
3.189016292e-07 1.394230026e-06 5.545547659e-06 1.949083442e-05 5.725753213e-05 
1.289313479e-04 2.045715596e-04 2.248369016e-04 1.835012540e-04 1.234040427e-04 
7.514237931e-05 4.459768840e-05 2.749192823e-05 1.881960162e-05 1.499846389e-05 
1.391624615e-05 1.453548101e-05 1.656599452e-05 2.028972834e-05 2.642168610e-05 
3.574870398e-05 4.829162495e-05 6.206439388e-05 7.203151349e-05 7.061833940e-05 
5.300700717e-05 2.613427256e-05 8.504341842e-06 2.210665070e-06 5.100163937e-07 
1.081416644e-07 2.132436218e-08 3.933390432e-09 6.815833851e-10 1.113610049e-10 
0.000000000e+00 0.000000000e+00 0.000000000e+00 0.000000000e+00 0.000000000e+00 
0.000000000e+00 0.000000000e+00 0.000000000e+00 0.000000000e+00 0.000000000e+00 
0.000000000e+00 0.000000000e+00 0.000000000e+00 0.000000000e+00 0.000000000e+00 
0.000000000e+00 0.000000000e+00 0.000000000e+00 0.000000000e+00 0.000000000e+00 
0.000000000e+00 0.000000000e+00 0.000000000e+00 0.000000000e+00 0.000000000e+00 
0.000000000e+00 0.000000000e+00 0.000000000e+00 0.000000000e+00 0.000000000e+00 
0.000000000e+00 0.000000000e+00 0.000000000e+00 0.000000000e+00 0.000000000e+00 
0.000000000e+00 0.000000000e+00 0.000000000e+00 0.000000000e+00 0.000000000e+00 
0.000000000e+00 0.000000000e+00 0.000000000e+00 0.000000000e+00 0.000000000e+00 
0.000000000e+00 0.000000000e+00 0.000000000e+00 0.000000000e+00 0.000000000e+00 
0.000000000e+00 0.000000000e+00 0.000000000e+00 0.000000000e+00 0.000000000e+00 
0.000000000e+00 0.000000000e+00 0.000000000e+00 0.000000000e+00 0.000000000e+00 
0.000000000e+00 0.000000000e+00 0.000000000e+00 0.000000000e+00 0.000000000e+00 
0.000000000e+00 0.000000000e+00 0.000000000e+00 0.000000000e+00 0.000000000e+00 
0.000000000e+00 0.000000000e+00 0.000000000e+00 0.000000000e+00 0.000000000e+00 
0.000000000e+00 0.000000000e+00 0.000000000e+00 0.000000000e+00 0.000000000e+00 
0.000000000e+00 0.000000000e+00 0.000000000e+00 0.000000000e+00 0.000000000e+00 
PREMIX_CDOT
0.000000000e+00 2.706876935e-19 2.642366326e-19 2.579234058e-19 2.517392357e-19 
2.456758753e-19 2.397255585e-19 2.338809545e-19 2.281351269e-19 2.224814962e-19 
2.169138054e-19 2.114260911e-19 2.060126808e-19 2.006684117e-19 1.953908275e-19 
1.901999703e-19 1.853124672e-19 1.826477243e-19 1.986427001e-19 3.713490681e-19 
1.838543313e-18 1.379221492e-17 1.089341443e-16 8.494459897e-16 6.479468511e-15 
4.823385083e-14 3.498538319e-13 2.468702497e-12 1.691963120e-11 1.124346583e-10 
7.230807101e-10 4.491267850e-09 2.688302541e-08 1.546887748e-07 8.535791138e-07 
4.509243340e-06 2.284871149e-05 1.125749791e-04 5.632018928e-04 3.121117405e-03 
2.062638102e-02 1.542921326e-01 1.127964052e+00 7.032427327e+00 3.382297279e+01 
1.182042356e+02 2.990300082e+02 5.713177697e+02 8.722602758e+02 1.127534613e+03 
1.314773166e+03 1.493609945e+03 1.785810335e+03 2.316572915e+03 3.141380597e+03 
4.167461223e+03 5.123639467e+03 5.638867679e+03 5.434270119e+03 4.522674676e+03 
3.247792448e+03 2.093146475e+03 1.363669363e+03 9.645972975e+02 6.206160287e+02 
2.963668505e+02 6.881162262e+01 5.611985828e+00 1.689917424e-01 -1.828439419e-03 
-2.329496353e-04 3.518853574e-05 9.228411779e-06 1.280028631e-06 1.419445123e-07 
1.390909607e-08 1.248900720e-09 1.042940616e-10 8.157158511e-12 6.001448029e-13 
4.168649647e-14 2.743629991e-15 1.717441408e-16 1.026550948e-17 5.883159165e-19 
3.246536282e-20 1.732588189e-21 8.981092638e-23 4.541340180e-24 2.249304544e-25 
1.095395186e-26 5.263306214e-28 2.502425592e-29 1.180125554e-30 5.531857049e-32 
2.580399602e-33 1.199453749e-34 5.552315973e-36 2.565598382e-37 1.182322768e-38 
5.434462382e-40 2.496460894e-41 1.151590018e-42 5.270507281e-44 2.337449483e-45 
1.120007279e-46 5.090910298e-48 2.380519642e-49 9.999594783e-51 4.155333866e-52 
1.002270629e-53 8.013769112e-55 1.914673862e-57 1.651972241e-57 1.192382629e-58 
1.019959769e-59 1.195673115e-60 1.730580007e-61 3.327981062e-62 5.872240231e-63 
1.017905758e-63 1.752588536e-64 2.992195731e-65 5.068162197e-66 8.514313703e-67 
1.419034589e-67 2.346945465e-68 3.852769857e-69 6.279418667e-70 1.016382279e-70 
1.634264508e-71 2.612070213e-72 4.160639048e-73 6.702791314e-74 1.188286331e-74 
3.220242845e-75 1.866911595e-75 1.656594008e-75 1.624072750e-75 1.619068005e-75 
1.618301312e-75 1.618184366e-75 1.618166601e-75 1.618163917e-75 1.618163532e-75 
1.618163573e-75 1.618164074e-75 1.618166628e-75 1.618179388e-75 1.618242996e-75 
1.618559555e-75 1.620132622e-75 1.627939265e-75 1.666636141e-75 1.858261092e-75 
2.806379761e-75 7.494271720e-75 3.066108831e-74 -1.837907785e-74 0.000000000e+00 

