HEADER
PREMIX_CHI 0.0000
C  0.885216
NUMOFSPECIES  13
GRIDPOINTS 160
PRESSURE 101325.00
BODY
MIXTURE_FRACTION
1.000000000e+00 9.999999990e-01 1.000000000e+00 9.999999990e-01 1.000000000e+00 
9.999999990e-01 1.000000000e+00 9.999999990e-01 1.000000000e+00 9.999999990e-01 
1.000000000e+00 9.999999990e-01 1.000000000e+00 9.999999990e-01 1.000000000e+00 
9.999999990e-01 1.000000000e+00 9.999999990e-01 1.000000000e+00 9.999999990e-01 
1.000000000e+00 9.999999990e-01 1.000000000e+00 9.999999990e-01 1.000000000e+00 
9.999999990e-01 1.000000000e+00 1.000000000e+00 1.000000000e+00 1.000000000e+00 
1.000000000e+00 1.000000000e+00 1.000000000e+00 1.000000000e+00 9.999999996e-01 
9.999999961e-01 9.999999671e-01 9.999997369e-01 9.999980381e-01 9.999864432e-01 
9.999139159e-01 9.995041143e-01 9.974676672e-01 9.890003695e-01 9.615938823e-01 
8.966508450e-01 7.860461814e-01 6.474039984e-01 5.118706420e-01 4.001859413e-01 
3.165140350e-01 2.558782502e-01 2.114643683e-01 1.777408510e-01 1.503413053e-01 
1.262280293e-01 1.041283549e-01 8.410377647e-02 6.653381163e-02 5.157173963e-02 
3.911546595e-02 2.892454164e-02 2.071615197e-02 1.422663030e-02 9.248619040e-03 
5.613953735e-03 3.107242299e-03 1.452130524e-03 5.108290138e-04 1.453966458e-04 
4.050959901e-05 1.221683529e-05 4.016503641e-06 1.379210461e-06 4.732305989e-07 
1.580191784e-07 5.075414639e-08 1.562050420e-08 4.604922062e-09 1.301626431e-09 
3.532826495e-10 9.221727403e-11 2.318609912e-11 5.623538397e-12 1.317540789e-12 
2.985807338e-13 6.553008746e-14 1.394467762e-14 2.880345074e-15 5.780997322e-16 
1.128531185e-16 2.144794097e-17 3.971985507e-18 7.173813711e-19 1.264638282e-19 
2.177679832e-20 3.665695021e-21 6.036188967e-22 9.729948772e-23 1.536331165e-23 
2.377716710e-24 3.609114018e-25 5.376022042e-26 7.862981289e-27 1.129839311e-27 
1.595802010e-28 2.216646941e-29 3.029595429e-30 4.076169630e-31 5.401347978e-32 
7.052310060e-33 9.076775127e-34 1.152097332e-34 1.442732526e-35 1.783194020e-36 
2.176207200e-37 2.623369150e-38 3.124934178e-39 3.679643630e-40 4.284614053e-41 
4.935294485e-42 5.625499435e-43 6.347519231e-44 7.092304340e-45 7.849715409e-46 
8.608826563e-47 9.358266284e-48 1.008657813e-48 1.078258286e-49 1.143572413e-50 
1.203638158e-51 1.257613804e-52 1.304799061e-53 1.344649955e-54 1.376787244e-55 
1.400998456e-56 1.417234016e-57 1.425598105e-58 1.426335164e-59 1.419813003e-60 
1.406503569e-61 1.386962374e-62 1.361807538e-63 1.331699286e-64 1.297320583e-65 
1.259359476e-66 1.218493516e-67 1.175376527e-68 1.130627807e-69 1.084823781e-70 
1.038491984e-71 9.921072077e-73 9.460895411e-74 9.008037425e-75 8.565565112e-76 
8.135598930e-77 7.715455931e-78 7.258803304e-79 6.286857460e-80 0.000000000e+00 
PROGRESS VARIABLE
6.408870538e-22 6.401714863e-22 6.394874162e-22 6.388328221e-22 6.382058532e-22 
6.376048119e-22 6.370281397e-22 6.364744078e-22 6.359423365e-22 6.354310281e-22 
6.349418465e-22 6.344929250e-22 6.342295086e-22 6.352528812e-22 6.457666423e-22 
7.260088332e-22 1.311731506e-21 5.504852184e-21 3.500845529e-20 2.388855421e-19 
1.620853580e-18 1.079788915e-17 7.041833003e-17 4.488302968e-16 2.791832620e-15 
1.692208289e-14 9.979146769e-14 5.716014266e-13 3.174707691e-12 1.706632894e-11 
8.863143218e-11 4.438309952e-10 2.139069771e-09 9.906413113e-09 4.404473489e-08 
1.881134347e-07 7.746062491e-07 3.103229450e-06 1.230047043e-05 4.938239093e-05 
2.047802513e-04 8.744670667e-04 3.698247177e-03 1.440725961e-02 4.737312385e-02 
1.231955786e-01 2.495830401e-01 4.052575191e-01 5.552987612e-01 6.774343001e-01 
7.672969596e-01 8.292936224e-01 8.682414099e-01 8.852157487e-01 0.000000000e+00 
0.000000000e+00 0.000000000e+00 0.000000000e+00 0.000000000e+00 0.000000000e+00 
0.000000000e+00 0.000000000e+00 0.000000000e+00 0.000000000e+00 0.000000000e+00 
0.000000000e+00 0.000000000e+00 0.000000000e+00 0.000000000e+00 0.000000000e+00 
0.000000000e+00 0.000000000e+00 0.000000000e+00 0.000000000e+00 0.000000000e+00 
0.000000000e+00 0.000000000e+00 0.000000000e+00 0.000000000e+00 0.000000000e+00 
0.000000000e+00 0.000000000e+00 0.000000000e+00 0.000000000e+00 0.000000000e+00 
0.000000000e+00 0.000000000e+00 0.000000000e+00 0.000000000e+00 0.000000000e+00 
0.000000000e+00 0.000000000e+00 0.000000000e+00 0.000000000e+00 0.000000000e+00 
0.000000000e+00 0.000000000e+00 0.000000000e+00 0.000000000e+00 0.000000000e+00 
0.000000000e+00 0.000000000e+00 0.000000000e+00 0.000000000e+00 0.000000000e+00 
0.000000000e+00 0.000000000e+00 0.000000000e+00 0.000000000e+00 0.000000000e+00 
0.000000000e+00 0.000000000e+00 0.000000000e+00 0.000000000e+00 0.000000000e+00 
0.000000000e+00 0.000000000e+00 0.000000000e+00 0.000000000e+00 0.000000000e+00 
0.000000000e+00 0.000000000e+00 0.000000000e+00 0.000000000e+00 0.000000000e+00 
0.000000000e+00 0.000000000e+00 0.000000000e+00 0.000000000e+00 0.000000000e+00 
0.000000000e+00 0.000000000e+00 0.000000000e+00 0.000000000e+00 0.000000000e+00 
0.000000000e+00 0.000000000e+00 0.000000000e+00 0.000000000e+00 0.000000000e+00 
0.000000000e+00 0.000000000e+00 0.000000000e+00 0.000000000e+00 0.000000000e+00 
0.000000000e+00 0.000000000e+00 0.000000000e+00 0.000000000e+00 0.000000000e+00 
0.000000000e+00 0.000000000e+00 0.000000000e+00 0.000000000e+00 0.000000000e+00 
0.000000000e+00 0.000000000e+00 0.000000000e+00 0.000000000e+00 0.000000000e+00 
TEMPERATURE
3.000000000e+02 3.000000000e+02 3.000000000e+02 3.000000000e+02 3.000000000e+02 
3.000000000e+02 3.000000000e+02 3.000000000e+02 3.000000000e+02 3.000000000e+02 
3.000000000e+02 3.000000000e+02 3.000000000e+02 3.000000000e+02 3.000000000e+02 
3.000000000e+02 3.000000000e+02 3.000000000e+02 3.000000000e+02 3.000000000e+02 
3.000000000e+02 3.000000000e+02 3.000000000e+02 3.000000000e+02 3.000000000e+02 
3.000000000e+02 3.000000000e+02 3.000000000e+02 3.000000000e+02 3.000000000e+02 
3.000000001e+02 3.000000005e+02 3.000000032e+02 3.000000191e+02 3.000001072e+02 
3.000005734e+02 3.000029070e+02 3.000139150e+02 3.000626146e+02 3.002635039e+02 
3.010301609e+02 3.037038283e+02 3.120367517e+02 3.343426127e+02 3.829975541e+02 
4.671286696e+02 5.861846338e+02 7.331901482e+02 9.005940743e+02 1.082546279e+03 
1.274268720e+03 1.470634987e+03 1.662441330e+03 1.838596055e+03 1.987523717e+03 
2.100359264e+03 2.172973061e+03 2.204743370e+03 2.196007105e+03 2.146875613e+03 
2.057461956e+03 1.928557376e+03 1.762361536e+03 1.563207133e+03 1.337783160e+03 
1.093614805e+03 8.387217156e+02 5.925400145e+02 4.079925954e+02 3.274588928e+02 
3.055807408e+02 3.009928959e+02 3.001599160e+02 3.000236282e+02 3.000032277e+02 
3.000004101e+02 3.000000487e+02 3.000000054e+02 3.000000006e+02 3.000000001e+02 
3.000000000e+02 3.000000000e+02 3.000000000e+02 3.000000000e+02 3.000000000e+02 
3.000000000e+02 3.000000000e+02 3.000000000e+02 3.000000000e+02 3.000000000e+02 
3.000000000e+02 3.000000000e+02 3.000000000e+02 3.000000000e+02 3.000000000e+02 
3.000000000e+02 3.000000000e+02 3.000000000e+02 3.000000000e+02 3.000000000e+02 
3.000000000e+02 3.000000000e+02 3.000000000e+02 3.000000000e+02 3.000000000e+02 
3.000000000e+02 3.000000000e+02 3.000000000e+02 3.000000000e+02 3.000000000e+02 
3.000000000e+02 3.000000000e+02 3.000000000e+02 3.000000000e+02 3.000000000e+02 
3.000000000e+02 3.000000000e+02 3.000000000e+02 3.000000000e+02 3.000000000e+02 
3.000000000e+02 3.000000000e+02 3.000000000e+02 3.000000000e+02 3.000000000e+02 
3.000000000e+02 3.000000000e+02 3.000000000e+02 3.000000000e+02 3.000000000e+02 
3.000000000e+02 3.000000000e+02 3.000000000e+02 3.000000000e+02 3.000000000e+02 
3.000000000e+02 3.000000000e+02 3.000000000e+02 3.000000000e+02 3.000000000e+02 
3.000000000e+02 3.000000000e+02 3.000000000e+02 3.000000000e+02 3.000000000e+02 
3.000000000e+02 3.000000000e+02 3.000000000e+02 3.000000000e+02 3.000000000e+02 
3.000000000e+02 3.000000000e+02 3.000000000e+02 3.000000000e+02 3.000000000e+02 
3.000000000e+02 3.000000000e+02 3.000000000e+02 3.000000000e+02 3.000000000e+02 
Cp
1.432478610e+04 1.432478610e+04 1.432478610e+04 1.432478610e+04 1.432478610e+04 
1.432478610e+04 1.432478610e+04 1.432478610e+04 1.432478610e+04 1.432478610e+04 
1.432478610e+04 1.432478610e+04 1.432478610e+04 1.432478610e+04 1.432478610e+04 
1.432478610e+04 1.432478610e+04 1.432478610e+04 1.432478610e+04 1.432478610e+04 
1.432478610e+04 1.432478610e+04 1.432478610e+04 1.432478610e+04 1.432478610e+04 
1.432478610e+04 1.432478610e+04 1.432478610e+04 1.432478610e+04 1.432478610e+04 
1.432478611e+04 1.432478611e+04 1.432478612e+04 1.432478619e+04 1.432478653e+04 
1.432478805e+04 1.432479455e+04 1.432482050e+04 1.432491399e+04 1.432519740e+04 
1.432576826e+04 1.432523029e+04 1.431191605e+04 1.423048971e+04 1.391503679e+04 
1.309107189e+04 1.161697508e+04 9.749365768e+03 7.975853085e+03 6.603435840e+03 
5.584958807e+03 4.844665998e+03 4.296623419e+03 3.869056153e+03 3.504302036e+03 
3.163393257e+03 2.834098875e+03 2.524049693e+03 2.244122640e+03 1.999840146e+03 
1.791364272e+03 1.615840094e+03 1.469314617e+03 1.348014056e+03 1.249045426e+03 
1.169878236e+03 1.097473151e+03 1.013181053e+03 9.512349558e+02 9.255557610e+02 
9.185930455e+02 9.170530920e+02 9.167327119e+02 9.166629517e+02 9.166456588e+02 
9.166407221e+02 9.166391928e+02 9.166387109e+02 9.166385619e+02 9.166385175e+02 
9.166385048e+02 9.166385013e+02 9.166385004e+02 9.166385001e+02 9.166385001e+02 
9.166385000e+02 9.166385000e+02 9.166385000e+02 9.166385000e+02 9.166385000e+02 
9.166385000e+02 9.166385000e+02 9.166385000e+02 9.166385000e+02 9.166385000e+02 
9.166385000e+02 9.166385000e+02 9.166385000e+02 9.166385000e+02 9.166385000e+02 
9.166385000e+02 9.166385000e+02 9.166385000e+02 9.166385000e+02 9.166385000e+02 
9.166385000e+02 9.166385000e+02 9.166385000e+02 9.166385000e+02 9.166385000e+02 
9.166385000e+02 9.166385000e+02 9.166385000e+02 9.166385000e+02 9.166385000e+02 
9.166385000e+02 9.166385000e+02 9.166385000e+02 9.166385000e+02 9.166385000e+02 
9.166385000e+02 9.166385000e+02 9.166385000e+02 9.166385000e+02 9.166385000e+02 
9.166385000e+02 9.166385000e+02 9.166385000e+02 9.166385000e+02 9.166385000e+02 
9.166385000e+02 9.166385000e+02 9.166385000e+02 9.166385000e+02 9.166385000e+02 
9.166385000e+02 9.166385000e+02 9.166385000e+02 9.166385000e+02 9.166385000e+02 
9.166385000e+02 9.166385000e+02 9.166385000e+02 9.166385000e+02 9.166385000e+02 
9.166385000e+02 9.166385000e+02 9.166385000e+02 9.166385000e+02 9.166385000e+02 
9.166385000e+02 9.166385000e+02 9.166385000e+02 9.166385000e+02 9.166385000e+02 
9.166385000e+02 9.166385000e+02 9.166385000e+02 9.166385000e+02 9.166385000e+02 
MMW
2.015880000e+00 2.015880000e+00 2.015880000e+00 2.015880000e+00 2.015880000e+00 
2.015880000e+00 2.015880000e+00 2.015880000e+00 2.015880000e+00 2.015880000e+00 
2.015880000e+00 2.015880000e+00 2.015880000e+00 2.015880000e+00 2.015880000e+00 
2.015880000e+00 2.015880000e+00 2.015880000e+00 2.015880000e+00 2.015880000e+00 
2.015880000e+00 2.015880000e+00 2.015880000e+00 2.015880000e+00 2.015880000e+00 
2.015880000e+00 2.015880000e+00 2.015880000e+00 2.015880000e+00 2.015880000e+00 
2.015880000e+00 2.015879999e+00 2.015879996e+00 2.015879980e+00 2.015879913e+00 
2.015879637e+00 2.015878579e+00 2.015874868e+00 2.015863584e+00 2.015838349e+00 
2.015834768e+00 2.016234278e+00 2.019238520e+00 2.033921901e+00 2.086469759e+00 
2.227543868e+00 2.524324463e+00 3.039953590e+00 3.810372789e+00 4.828359591e+00 
6.045262014e+00 7.395238032e+00 8.819532593e+00 1.026573427e+01 1.171599336e+01 
1.320339799e+01 1.477786757e+01 1.646368519e+01 1.825429775e+01 2.012385980e+01 
2.203544602e+01 2.394414129e+01 2.579702867e+01 2.752904604e+01 2.905303018e+01 
3.026400021e+01 3.110075358e+01 3.160935757e+01 3.186257441e+01 3.195551590e+01 
3.198471773e+01 3.199391404e+01 3.199703912e+01 3.199816602e+01 3.199857785e+01 
3.199872519e+01 3.199877589e+01 3.199879257e+01 3.199879781e+01 3.199879938e+01 
3.199879983e+01 3.199879996e+01 3.199879999e+01 3.199880000e+01 3.199880000e+01 
3.199880000e+01 3.199880000e+01 3.199880000e+01 3.199880000e+01 3.199880000e+01 
3.199880000e+01 3.199880000e+01 3.199880000e+01 3.199880000e+01 3.199880000e+01 
3.199880000e+01 3.199880000e+01 3.199880000e+01 3.199880000e+01 3.199880000e+01 
3.199880000e+01 3.199880000e+01 3.199880000e+01 3.199880000e+01 3.199880000e+01 
3.199880000e+01 3.199880000e+01 3.199880000e+01 3.199880000e+01 3.199880000e+01 
3.199880000e+01 3.199880000e+01 3.199880000e+01 3.199880000e+01 3.199880000e+01 
3.199880000e+01 3.199880000e+01 3.199880000e+01 3.199880000e+01 3.199880000e+01 
3.199880000e+01 3.199880000e+01 3.199880000e+01 3.199880000e+01 3.199880000e+01 
3.199880000e+01 3.199880000e+01 3.199880000e+01 3.199880000e+01 3.199880000e+01 
3.199880000e+01 3.199880000e+01 3.199880000e+01 3.199880000e+01 3.199880000e+01 
3.199880000e+01 3.199880000e+01 3.199880000e+01 3.199880000e+01 3.199880000e+01 
3.199880000e+01 3.199880000e+01 3.199880000e+01 3.199880000e+01 3.199880000e+01 
3.199880000e+01 3.199880000e+01 3.199880000e+01 3.199880000e+01 3.199880000e+01 
3.199880000e+01 3.199880000e+01 3.199880000e+01 3.199880000e+01 3.199880000e+01 
3.199880000e+01 3.199880000e+01 3.199880000e+01 3.199880000e+01 3.199880000e+01 
rho
8.188905810e-02 8.188905810e-02 8.188905810e-02 8.188905810e-02 8.188905810e-02 
8.188905810e-02 8.188905810e-02 8.188905810e-02 8.188905810e-02 8.188905810e-02 
8.188905810e-02 8.188905810e-02 8.188905810e-02 8.188905810e-02 8.188905810e-02 
8.188905810e-02 8.188905810e-02 8.188905810e-02 8.188905810e-02 8.188905810e-02 
8.188905810e-02 8.188905810e-02 8.188905810e-02 8.188905810e-02 8.188905810e-02 
8.188905810e-02 8.188905810e-02 8.188905810e-02 8.188905810e-02 8.188905810e-02 
8.188905807e-02 8.188905792e-02 8.188905705e-02 8.188905210e-02 8.188902531e-02 
8.188888685e-02 8.188820687e-02 8.188505153e-02 8.187130343e-02 8.181550381e-02 
8.160699292e-02 8.090459386e-02 7.886137203e-02 7.413529076e-02 6.638937015e-02 
5.811285301e-02 5.247992440e-02 5.052807897e-02 5.156094120e-02 5.435451054e-02 
5.781447162e-02 6.128154667e-02 6.465196017e-02 6.804342231e-02 7.183717606e-02 
7.660808077e-02 8.287811839e-02 9.100211001e-02 1.013010259e-01 1.142317565e-01 
1.305186240e-01 1.513035636e-01 1.783845081e-01 2.146135252e-01 2.646599127e-01 
3.372441345e-01 4.518928596e-01 6.501004100e-01 9.517240324e-01 1.189245450e+00 
1.275554436e+00 1.295369248e+00 1.299090933e+00 1.299726827e+00 1.299831939e+00 
1.299850132e+00 1.299853758e+00 1.299854623e+00 1.299854856e+00 1.299854923e+00 
1.299854941e+00 1.299854946e+00 1.299854947e+00 1.299854948e+00 1.299854948e+00 
1.299854948e+00 1.299854948e+00 1.299854948e+00 1.299854948e+00 1.299854948e+00 
1.299854948e+00 1.299854948e+00 1.299854948e+00 1.299854948e+00 1.299854948e+00 
1.299854948e+00 1.299854948e+00 1.299854948e+00 1.299854948e+00 1.299854948e+00 
1.299854948e+00 1.299854948e+00 1.299854948e+00 1.299854948e+00 1.299854948e+00 
1.299854948e+00 1.299854948e+00 1.299854948e+00 1.299854948e+00 1.299854948e+00 
1.299854948e+00 1.299854948e+00 1.299854948e+00 1.299854948e+00 1.299854948e+00 
1.299854948e+00 1.299854948e+00 1.299854948e+00 1.299854948e+00 1.299854948e+00 
1.299854948e+00 1.299854948e+00 1.299854948e+00 1.299854948e+00 1.299854948e+00 
1.299854948e+00 1.299854948e+00 1.299854948e+00 1.299854948e+00 1.299854948e+00 
1.299854948e+00 1.299854948e+00 1.299854948e+00 1.299854948e+00 1.299854948e+00 
1.299854948e+00 1.299854948e+00 1.299854948e+00 1.299854948e+00 1.299854948e+00 
1.299854948e+00 1.299854948e+00 1.299854948e+00 1.299854948e+00 1.299854948e+00 
1.299854948e+00 1.299854948e+00 1.299854948e+00 1.299854948e+00 1.299854948e+00 
1.299854948e+00 1.299854948e+00 1.299854948e+00 1.299854948e+00 1.299854948e+00 
1.299854948e+00 1.299854948e+00 1.299854948e+00 1.299854948e+00 1.299854948e+00 
mu
9.000028555e-06 9.000028555e-06 9.000028555e-06 9.000028555e-06 9.000028555e-06 
9.000028555e-06 9.000028555e-06 9.000028555e-06 9.000028555e-06 9.000028555e-06 
9.000028555e-06 9.000028555e-06 9.000028555e-06 9.000028555e-06 9.000028555e-06 
9.000028555e-06 9.000028555e-06 9.000028555e-06 9.000028555e-06 9.000028555e-06 
9.000028555e-06 9.000028555e-06 9.000028555e-06 9.000028555e-06 9.000028555e-06 
9.000028555e-06 9.000028555e-06 9.000028555e-06 9.000028555e-06 9.000028555e-06 
9.000028557e-06 9.000028566e-06 9.000028621e-06 9.000028944e-06 9.000030727e-06 
9.000040119e-06 9.000086972e-06 9.000307500e-06 9.001282045e-06 9.005302354e-06 
9.020664862e-06 9.074360915e-06 9.242054063e-06 9.691053527e-06 1.067336830e-05 
1.242152047e-05 1.511900047e-05 1.895985074e-05 2.406314987e-05 3.032964932e-05 
3.744382248e-05 4.500881038e-05 5.258338284e-05 5.974714997e-05 6.613811868e-05 
7.146357497e-05 7.548247008e-05 7.803239185e-05 7.905970047e-05 7.859663323e-05 
7.672402516e-05 7.354839948e-05 6.919276848e-05 6.379438018e-05 5.749021119e-05 
5.034823547e-05 4.231562818e-05 3.358235945e-05 2.592650269e-05 2.207365945e-05 
2.094799880e-05 2.070693791e-05 2.066300712e-05 2.065582714e-05 2.065475737e-05 
2.065461148e-05 2.065459342e-05 2.065459148e-05 2.065459133e-05 2.065459133e-05 
2.065459134e-05 2.065459134e-05 2.065459134e-05 2.065459134e-05 2.065459134e-05 
2.065459134e-05 2.065459134e-05 2.065459134e-05 2.065459134e-05 2.065459134e-05 
2.065459134e-05 2.065459134e-05 2.065459134e-05 2.065459134e-05 2.065459134e-05 
2.065459134e-05 2.065459134e-05 2.065459134e-05 2.065459134e-05 2.065459134e-05 
2.065459134e-05 2.065459134e-05 2.065459134e-05 2.065459134e-05 2.065459134e-05 
2.065459134e-05 2.065459134e-05 2.065459134e-05 2.065459134e-05 2.065459134e-05 
2.065459134e-05 2.065459134e-05 2.065459134e-05 2.065459134e-05 2.065459134e-05 
2.065459134e-05 2.065459134e-05 2.065459134e-05 2.065459134e-05 2.065459134e-05 
2.065459134e-05 2.065459134e-05 2.065459134e-05 2.065459134e-05 2.065459134e-05 
2.065459134e-05 2.065459134e-05 2.065459134e-05 2.065459134e-05 2.065459134e-05 
2.065459134e-05 2.065459134e-05 2.065459134e-05 2.065459134e-05 2.065459134e-05 
2.065459134e-05 2.065459134e-05 2.065459134e-05 2.065459134e-05 2.065459134e-05 
2.065459134e-05 2.065459134e-05 2.065459134e-05 2.065459134e-05 2.065459134e-05 
2.065459134e-05 2.065459134e-05 2.065459134e-05 2.065459134e-05 2.065459134e-05 
2.065459134e-05 2.065459134e-05 2.065459134e-05 2.065459134e-05 2.065459134e-05 
2.065459134e-05 2.065459134e-05 2.065459134e-05 2.065459134e-05 2.065459134e-05 
TC
1.868277014e-01 1.868277014e-01 1.868277014e-01 1.868277014e-01 1.868277014e-01 
1.868277014e-01 1.868277014e-01 1.868277014e-01 1.868277014e-01 1.868277014e-01 
1.868277014e-01 1.868277014e-01 1.868277014e-01 1.868277014e-01 1.868277014e-01 
1.868277014e-01 1.868277014e-01 1.868277014e-01 1.868277014e-01 1.868277014e-01 
1.868277014e-01 1.868277014e-01 1.868277014e-01 1.868277014e-01 1.868277014e-01 
1.868277014e-01 1.868277014e-01 1.868277014e-01 1.868277014e-01 1.868277014e-01 
1.868277015e-01 1.868277017e-01 1.868277033e-01 1.868277120e-01 1.868277591e-01 
1.868280010e-01 1.868291850e-01 1.868346673e-01 1.868585347e-01 1.869555219e-01 
1.873196951e-01 1.885623310e-01 1.922949118e-01 2.016097675e-01 2.195737840e-01 
2.457622804e-01 2.767262926e-01 3.091882765e-01 3.407533032e-01 3.697746771e-01 
3.951971667e-01 4.159674186e-01 4.298979482e-01 4.347588532e-01 4.283751797e-01 
4.097417231e-01 3.806218886e-01 3.449407445e-01 3.064840219e-01 2.678176647e-01 
2.305013522e-01 1.955103274e-01 1.634810451e-01 1.347922772e-01 1.094966385e-01 
8.713214233e-02 6.684720644e-02 4.849914275e-02 3.472401041e-02 2.862884534e-02 
2.697138791e-02 2.661668958e-02 2.654801333e-02 2.653491267e-02 2.653221135e-02 
2.653156242e-02 2.653138213e-02 2.653132817e-02 2.653131183e-02 2.653130700e-02 
2.653130562e-02 2.653130524e-02 2.653130514e-02 2.653130511e-02 2.653130511e-02 
2.653130511e-02 2.653130511e-02 2.653130511e-02 2.653130511e-02 2.653130511e-02 
2.653130511e-02 2.653130511e-02 2.653130511e-02 2.653130511e-02 2.653130511e-02 
2.653130511e-02 2.653130511e-02 2.653130511e-02 2.653130511e-02 2.653130511e-02 
2.653130511e-02 2.653130511e-02 2.653130511e-02 2.653130511e-02 2.653130511e-02 
2.653130511e-02 2.653130511e-02 2.653130511e-02 2.653130511e-02 2.653130511e-02 
2.653130511e-02 2.653130511e-02 2.653130511e-02 2.653130511e-02 2.653130511e-02 
2.653130511e-02 2.653130511e-02 2.653130511e-02 2.653130511e-02 2.653130511e-02 
2.653130511e-02 2.653130511e-02 2.653130511e-02 2.653130511e-02 2.653130511e-02 
2.653130511e-02 2.653130511e-02 2.653130511e-02 2.653130511e-02 2.653130511e-02 
2.653130511e-02 2.653130511e-02 2.653130511e-02 2.653130511e-02 2.653130511e-02 
2.653130511e-02 2.653130511e-02 2.653130511e-02 2.653130511e-02 2.653130511e-02 
2.653130511e-02 2.653130511e-02 2.653130511e-02 2.653130511e-02 2.653130511e-02 
2.653130511e-02 2.653130511e-02 2.653130511e-02 2.653130511e-02 2.653130511e-02 
2.653130511e-02 2.653130511e-02 2.653130511e-02 2.653130511e-02 2.653130511e-02 
2.653130511e-02 2.653130511e-02 2.653130511e-02 2.653130511e-02 2.653130511e-02 
net_rxn-H2
1.949205635e-19 1.860561038e-19 1.775842902e-19 1.694800872e-19 1.617205708e-19 
1.542847191e-19 1.471532288e-19 1.403083519e-19 1.337337513e-19 1.274143726e-19 
1.213363299e-19 1.154868042e-19 1.098539528e-19 1.044268284e-19 9.919530644e-20 
9.415002098e-20 8.928230639e-20 8.458414516e-20 8.004811147e-20 7.566719136e-20 
7.143291384e-20 6.731162977e-20 6.294517089e-20 5.396016514e-20 -1.236636997e-20 
-7.548854597e-19 -9.220598108e-18 -1.028872849e-16 -1.095968985e-15 -1.096606953e-14 
-9.749584033e-14 -6.240661941e-13 1.488053713e-12 1.650595301e-10 4.283279866e-09 
8.417456533e-08 1.412482748e-06 2.084180281e-05 2.719062212e-04 3.123488855e-03 
3.122018666e-02 2.645306309e-01 1.793754504e+00 8.733013893e+00 2.681872113e+01 
4.988036293e+01 6.161608287e+01 5.771186757e+01 4.167545128e+01 5.611623024e+00 
-8.132261344e+01 -2.720608782e+02 -6.098120727e+02 -1.056203827e+03 -1.424551016e+03 
-1.486890573e+03 -1.229516656e+03 -8.657323733e+02 -5.715543410e+02 -3.818029909e+02 
-2.665291467e+02 -1.928691353e+02 -1.372874136e+02 -8.539717680e+01 -3.893305678e+01 
-9.657057313e+00 1.237616702e+00 1.381868324e+00 9.302170082e-02 3.669475425e-04 
-3.545316383e-05 -3.535719162e-06 -3.012776752e-07 -2.266703718e-08 -1.505402440e-09 
-8.876478055e-11 -4.677454943e-12 -2.216312699e-13 -9.495987572e-15 -3.697898413e-16 
-1.314930656e-17 -4.287892629e-19 -1.287334016e-20 -3.571314518e-22 -9.185915051e-24 
-2.197553681e-25 -4.904025577e-27 -1.023653799e-28 -2.003813652e-30 -3.687355500e-32 
-6.393150163e-34 -1.046623501e-35 -1.621155967e-37 -2.380426909e-39 -3.319521098e-41 
-4.403952209e-43 -5.567711879e-45 -6.718395629e-47 -7.749404081e-49 -8.557442814e-51 
-9.068516338e-53 -9.374911502e-55 -1.155682347e-56 -4.604010714e-58 -5.478575186e-59 
-7.636710357e-60 -1.059905227e-60 -1.448549865e-61 -1.948945823e-62 -2.582555117e-63 
-3.371932214e-64 -4.339892911e-65 -5.508541278e-66 -6.898159947e-67 -8.526013898e-68 
-1.040513406e-68 -1.254315659e-69 -1.494129743e-70 -1.759353854e-71 -2.048609324e-72 
-2.359720192e-73 -2.689728981e-74 -3.034949454e-75 -3.391054741e-76 -3.753196899e-77 
-4.116151921e-78 -4.474482725e-79 -4.822711624e-80 -5.155493472e-81 -5.467780944e-82 
-5.754974248e-83 -6.013048860e-84 -6.238656476e-85 -6.429196192e-86 -6.582854719e-87 
-6.698616176e-88 -6.776243515e-89 -6.816234868e-90 -6.819758979e-91 -6.788574468e-92 
-6.724937859e-93 -6.631505230e-94 -6.511232014e-95 -6.367274949e-96 -6.202899512e-97 
-6.021395467e-98 -5.826002408e-99 -5.619846461e-100 -5.405888694e-101 -5.186885176e-102 
-4.965358224e-103 -4.743577984e-104 -4.523553268e-105 -4.307030393e-106 -4.095498739e-107 
-3.890201689e-108 -3.692151686e-109 -3.502148003e-110 -3.320793622e-111 -3.148484777e-112 
net_rxn-H
-9.746028175e-20 -9.302805190e-20 -8.879214508e-20 -8.474004361e-20 -8.086028538e-20 
-7.714235955e-20 -7.357661441e-20 -7.015417596e-20 -6.686687566e-20 -6.370718630e-20 
-6.066816493e-20 -5.774340208e-20 -5.492697640e-20 -5.221341418e-20 -4.959765322e-20 
-4.707501049e-20 -4.464115320e-20 -4.229207258e-20 -4.002405573e-20 -3.783359568e-20 
-3.571645692e-20 -3.365581504e-20 -3.147259212e-20 -2.698035359e-20 6.172699050e-21 
3.770574894e-19 4.596902234e-18 5.100412032e-17 5.344277564e-16 5.091360941e-15 
3.818968385e-14 4.757981916e-14 -6.871309108e-12 -2.132312037e-10 -4.695294029e-09 
-8.753485968e-08 -1.438590577e-06 -2.103595820e-05 -2.733208512e-04 -3.134295923e-03 
-3.131687135e-02 -2.655690218e-01 -1.805085957e+00 -8.830951865e+00 -2.735932049e+01 
-5.164900836e+01 -6.542871728e+01 -6.429078815e+01 -5.353129277e+01 -3.329971027e+01 
7.822981697e+00 9.110614206e+01 2.304470140e+02 3.987372139e+02 5.062427471e+02 
4.662525548e+02 3.030380142e+02 1.244043258e+02 -8.999802296e-01 -6.905352633e+01 
-9.872022112e+01 -1.059366378e+02 -9.997136070e+01 -8.324226471e+01 -5.745368889e+01 
-4.184535815e+01 -5.285686677e+01 -3.947272629e+01 -7.566552593e+00 -3.750955538e-01 
-8.899055274e-03 -1.838768847e-04 -4.561347701e-06 -1.474446210e-07 -5.455067448e-09 
-2.017555605e-10 -7.068917489e-12 -2.339433172e-13 -7.448994127e-15 -2.334985203e-16 
-7.313352318e-18 -2.288398181e-19 -7.066401192e-21 -2.119375296e-22 -6.094501516e-24 
-1.666295761e-25 -4.321994162e-27 -1.060359527e-28 -2.470628988e-30 -5.425679040e-32 
-1.165943673e-33 -2.405670533e-35 -4.238815155e-37 -4.862967697e-39 -3.533277817e-40 
-7.904412616e-42 -1.787104589e-42 -2.848748462e-44 -2.383105092e-45 -4.254066244e-47 
-2.055221956e-48 -5.062712382e-50 7.779419958e-52 -1.189573694e-51 -2.937581007e-53 
2.760094574e-54 -7.486251811e-56 -5.291070504e-58 -1.410257582e-58 3.899512891e-60 
1.190576256e-61 -7.520009328e-63 5.321471375e-64 1.442181679e-65 -2.219040925e-67 
6.441526534e-70 7.920819748e-70 3.695673034e-71 2.385738095e-72 -6.557415457e-74 
-5.136128943e-75 -5.513340309e-76 -7.171918559e-77 -7.869375799e-78 -8.849881833e-79 
-9.851353741e-80 -1.084538832e-80 -1.182016020e-81 -1.277372349e-82 -1.368913239e-83 
-1.455296455e-84 -1.535573915e-85 -1.553320367e-86 -1.493200619e-87 -5.959465474e-88 
-4.611816600e-88 6.610593231e-89 -2.343807593e-88 -3.260302561e-88 -3.291284395e-88 
7.750785535e-89 8.024490805e-88 1.484589972e-88 -1.962503273e-89 1.176081741e-88 
2.018948253e-88 -2.824805753e-88 -1.027289433e-88 -3.156514260e-88 3.982510961e-88 
-6.666819885e-89 5.189494463e-89 -2.183172896e-88 8.930397406e-89 -4.780608968e-89 
4.942683517e-90 2.589213578e-89 -6.260835406e-92 -6.741256758e-93 -9.545156647e-94 
net_rxn-O
5.682204967e-21 5.681755258e-21 5.681304827e-21 5.680853186e-21 5.680399842e-21 
5.679944294e-21 5.679486026e-21 5.679024509e-21 5.678559195e-21 5.678089515e-21 
5.677614874e-21 5.677134646e-21 5.676648173e-21 5.676154754e-21 5.675653645e-21 
5.675144049e-21 5.674625103e-21 5.674095829e-21 5.673554528e-21 5.672991279e-21 
5.672294732e-21 5.670119331e-21 5.650449213e-21 5.427333273e-21 2.899933473e-21 
-2.498457010e-20 -3.234519105e-19 -3.416216816e-18 -3.437637824e-17 -3.331218695e-16 
-3.105259053e-15 -2.778145882e-14 -2.380317197e-13 -1.952092734e-12 -1.542853615e-11 
-1.216375116e-10 -1.066120087e-09 -1.235322962e-08 -1.914177121e-07 -3.259363347e-06 
-5.187186872e-05 -7.080495511e-04 -7.687151884e-03 -5.972467668e-02 -2.980482164e-01 
-9.524848420e-01 -2.344914274e+00 -5.689702566e+00 -1.434119690e+01 -3.871110630e+01 
-1.126961737e+02 -3.107691312e+02 -7.176440916e+02 -1.280174060e+03 -1.617033311e+03 
-1.267430360e+03 -3.307054266e+02 6.438863243e+02 1.334475181e+03 1.741883721e+03 
1.945667571e+03 1.987109939e+03 1.817365374e+03 1.262530332e+03 2.946406933e+02 
-5.008711996e+02 -4.715995860e+02 -1.330265944e+02 -1.746960325e+01 -1.245941249e+00 
-6.875392264e-02 -3.189808337e-03 -1.276911706e-04 -4.492379873e-06 -1.406107417e-07 
-3.946181357e-09 -9.980153007e-11 -2.282631808e-12 -4.735542990e-14 -8.938680917e-16 
-1.540733880e-17 -2.436715576e-19 -3.560488712e-21 -4.860074873e-23 -6.314247381e-25 
-8.051627944e-27 -1.052013832e-28 -1.468112219e-30 -2.218460826e-32 -3.546434623e-34 
-5.767623014e-36 -9.240313037e-38 -1.430804127e-39 -2.121703763e-41 -3.002079505e-43 
-4.050029764e-45 -5.206633301e-47 -6.396295150e-49 -7.449184254e-51 -8.328823522e-53 
-8.465526857e-55 -7.814022616e-57 -1.192279768e-58 3.759470249e-59 9.423105611e-61 
-8.939210414e-62 2.421976972e-63 1.711928214e-65 4.563949605e-66 -1.261490758e-67 
-3.847319819e-69 2.440557473e-70 -1.712984683e-71 -4.539188850e-73 1.017864576e-74 
1.765676460e-75 1.612826395e-75 1.619385039e-75 1.618370899e-75 1.618198704e-75 
1.618167419e-75 1.618163888e-75 1.618163486e-75 1.618163440e-75 1.618163435e-75 
1.618163435e-75 1.618163435e-75 1.618163435e-75 1.618163435e-75 1.618163435e-75 
1.618163435e-75 1.618163435e-75 1.618163435e-75 1.618163435e-75 1.618163435e-75 
1.618163435e-75 1.618163435e-75 1.618163435e-75 1.618163435e-75 1.618163435e-75 
1.618163435e-75 1.618163435e-75 1.618163435e-75 1.618163435e-75 1.618163435e-75 
1.618163435e-75 1.618163435e-75 1.618163435e-75 1.618163435e-75 1.618163435e-75 
1.618163435e-75 1.618163435e-75 1.618163435e-75 1.618163435e-75 1.618163435e-75 
1.618163435e-75 1.618163435e-75 1.618163435e-75 1.618163435e-75 1.618163435e-75 
net_rxn-O2
-2.555790063e-36 -2.512449340e-36 -2.471026143e-36 -2.431398126e-36 -2.393453254e-36 
-2.357088786e-36 -2.322210370e-36 -2.288731206e-36 -2.256571052e-36 -2.225653324e-36 
-2.195886894e-36 -2.167030008e-36 -2.137659143e-36 -2.097426091e-36 -1.969649309e-36 
-9.159710258e-37 1.056407314e-35 9.256526507e-35 6.693681280e-34 4.655052405e-33 
3.167160231e-32 2.110759276e-31 1.376570854e-30 8.770041268e-30 5.418312230e-29 
2.960956250e-28 -9.265277860e-28 -2.129351195e-25 -1.627820312e-23 -1.110375384e-21 
-7.007433940e-20 -4.084254570e-18 -2.187853256e-16 -1.071236084e-14 -4.765441414e-13 
-1.913425949e-11 -6.884200714e-10 -2.201395417e-08 -6.198334715e-07 -1.518838958e-05 
-3.183847100e-04 -5.533333372e-03 -7.479537616e-02 -7.011752695e-01 -3.997621411e+00 
-1.329876868e+01 -2.816058571e+01 -4.399171662e+01 -6.256085408e+01 -1.106308759e+02 
-2.579490212e+02 -6.349633330e+02 -1.456937520e+03 -2.963915599e+03 -5.071999937e+03 
-7.007012081e+03 -7.890958029e+03 -7.732215972e+03 -7.107970272e+03 -6.388925268e+03 
-5.643168792e+03 -4.826841459e+03 -3.839484798e+03 -2.508177626e+03 -8.876823522e+02 
2.178278381e+02 4.672809915e+01 -2.134791679e+02 -6.261179688e+01 -6.936153942e-01 
2.497781953e-01 1.482415041e-02 5.243515201e-04 1.359082803e-05 2.461558222e-07 
1.355536974e-09 -1.321665210e-10 -8.269963417e-12 -3.489069666e-13 -1.279043284e-14 
-4.351910365e-16 -1.401117661e-17 -4.281017879e-19 -1.239213005e-20 -3.392508222e-22 
-8.777894220e-24 -2.150504399e-25 -4.991164105e-27 -1.102415761e-28 -2.307782661e-30 
-4.716297838e-32 -9.298561115e-34 -1.603017248e-35 -1.921687131e-37 -1.174392174e-38 
-2.579298150e-40 -5.682310690e-41 -9.054509458e-43 -7.566809719e-44 -1.350662812e-45 
-6.524801978e-47 -1.607260834e-48 2.469689099e-50 -3.776508928e-50 -9.325876660e-52 
8.762373750e-53 -2.376673869e-54 -1.680201784e-56 -4.477725531e-57 1.237147989e-58 
3.768985625e-60 -2.401134870e-61 1.671905383e-62 4.359461346e-64 -9.751460218e-66 
-3.098792521e-67 -1.467441004e-68 -3.570119739e-69 -4.827995674e-70 -6.712003223e-71 
-7.656013675e-72 -8.730222398e-73 -1.002447369e-73 -1.263348064e-74 -2.837776238e-75 
-1.751965285e-75 -1.632712760e-75 -1.619732013e-75 -1.618331160e-75 -1.618181228e-75 
-1.618165308e-75 -1.618163630e-75 -1.618163455e-75 -1.618163437e-75 -1.618163435e-75 
-1.618163435e-75 -1.618163435e-75 -1.618163435e-75 -1.618163435e-75 -1.618163435e-75 
-1.618163435e-75 -1.618163435e-75 -1.618163435e-75 -1.618163435e-75 -1.618163435e-75 
-1.618163435e-75 -1.618163435e-75 -1.618163435e-75 -1.618163435e-75 -1.618163435e-75 
-1.618163435e-75 -1.618163435e-75 -1.618163435e-75 -1.618163435e-75 -1.618163435e-75 
-1.618163435e-75 -1.618163435e-75 -1.618163435e-75 -1.618163435e-75 -1.618163435e-75 
net_rxn-OH
1.632402602e-18 1.557616924e-18 1.486143877e-18 1.417772248e-18 1.352308634e-18 
1.289575681e-18 1.229410534e-18 1.171663460e-18 1.116196630e-18 1.062883035e-18 
1.011605526e-18 9.622559548e-19 9.147344091e-19 8.689485310e-19 8.248129057e-19 
7.822485164e-19 7.411822560e-19 7.015464855e-19 6.632785591e-19 6.263193235e-19 
5.905975482e-19 5.558322044e-19 5.190354848e-19 4.437017255e-19 -1.106733232e-19 
-6.322112301e-18 -7.732965248e-17 -8.681807295e-16 -9.402006257e-15 -9.841788671e-14 
-9.940925361e-13 -9.668193525e-12 -9.032712706e-11 -8.086458697e-10 -6.918274519e-09 
-5.640109678e-08 -4.368283187e-07 -3.203969299e-06 -2.217160569e-05 -1.437671822e-04 
-8.570161902e-04 -4.457320073e-03 -1.818110484e-02 -5.100328795e-02 -4.921579928e-02 
3.379248577e-01 3.964373259e-01 -5.475734108e+00 -3.660513084e+01 -1.496674454e+02 
-4.519629454e+02 -1.042004399e+03 -1.776702173e+03 -2.069008790e+03 -1.272516790e+03 
3.706010789e+02 1.846254807e+03 2.560427725e+03 2.614674478e+03 2.272226853e+03 
1.699072949e+03 9.983831241e+02 3.023658744e+02 -1.816821917e+02 -3.309270327e+02 
-2.140259603e+02 4.478859044e+01 -2.075332789e+01 -4.329716092e+01 -4.246261271e+00 
-2.243226104e-01 -9.561185173e-03 -3.487511531e-04 -1.120476341e-05 -3.252835106e-07 
-8.771821656e-09 -2.273523441e-10 -5.904433828e-12 -1.597063058e-13 -4.562496142e-15 
-1.349431092e-16 -3.983494857e-18 -1.136924819e-19 -3.076581346e-21 -7.819007817e-23 
-1.859848981e-24 -4.139084839e-26 -8.628554870e-28 -1.687984075e-29 -3.105199118e-31 
-5.382906817e-33 -8.811495226e-35 -1.364754901e-36 -2.003832969e-38 -2.794225650e-40 
-3.706883979e-42 -4.686225684e-44 -5.654473275e-46 -6.521807537e-48 -7.200878827e-50 
-7.621110300e-52 -7.741892469e-54 -7.564202041e-56 -6.696182148e-58 -5.422223725e-60 
-1.511183741e-61 2.101568432e-63 1.434252516e-65 4.821065319e-66 -1.343285840e-67 
-4.091417672e-69 2.594168411e-70 -1.821080977e-71 -4.842358458e-73 9.099775949e-75 
1.568060446e-76 -5.673270579e-78 1.298563656e-78 2.205347327e-79 3.749102621e-80 
4.235310638e-81 4.815889372e-82 5.466709710e-83 6.103189674e-84 6.759789499e-85 
7.418508632e-86 8.069018442e-87 8.701490725e-88 9.306665090e-89 9.875277402e-90 
1.039895447e-90 1.087044813e-91 1.126458955e-92 1.157163008e-93 1.337227920e-94 
2.738568109e-95 -1.108506392e-96 8.179761779e-96 1.122692981e-95 1.132294290e-95 
-2.666097327e-96 -2.760364445e-95 -5.106878765e-96 6.750867444e-97 -4.045634339e-96 
-6.945032912e-96 9.717123209e-96 3.533799795e-96 1.085817598e-95 -1.369954364e-95 
2.293336814e-96 -1.785147777e-96 7.509953558e-96 -3.071990767e-96 1.644494186e-96 
-1.700246634e-97 -8.906703525e-97 2.153681151e-99 2.318942548e-100 3.283463406e-101 
net_rxn-HO2
-1.562008837e-32 -1.562009852e-32 -1.562010821e-32 -1.562011747e-32 -1.562012633e-32 
-1.562013480e-32 -1.562014292e-32 -1.562015070e-32 -1.562015817e-32 -1.562016537e-32 
-1.562017256e-32 -1.562018165e-32 -1.562020692e-32 -1.562035622e-32 -1.562143202e-32 
-1.562961064e-32 -1.569311458e-32 -1.614744526e-32 -1.934393192e-32 -4.143217609e-32 
-1.911556973e-31 -1.185402619e-30 -7.644721125e-30 -4.864192252e-29 -3.024677644e-28 
-1.831977342e-27 -1.070001419e-26 -5.346340167e-26 2.580664519e-25 3.805485212e-23 
2.444063815e-21 1.392475276e-19 7.263460847e-18 3.459949688e-16 1.496456155e-14 
5.838245475e-13 2.039859047e-11 6.332354554e-10 1.730476021e-08 4.109095510e-07 
8.263558330e-06 1.326117061e-04 1.508026253e-03 1.036644256e-02 3.843112110e-02 
7.487475991e-02 8.132875788e-02 5.927407566e-02 3.734220272e-02 3.517793436e-03 
-8.326154611e-02 -2.619875624e-01 -5.253070119e-01 -8.011099591e-01 -8.904406961e-01 
-6.223525244e-01 -1.506339724e-01 1.726644783e-01 1.584808687e-01 -2.076610208e-01 
-9.009363455e-01 -2.045587704e+00 -4.286162065e+00 -9.396899582e+00 -2.030737157e+01 
-3.169996405e+01 -8.980525548e+00 6.930067329e+01 5.334523916e+01 9.373990589e-01 
-2.200445311e-01 -1.254877950e-02 -3.962313561e-04 -7.872769876e-06 -3.372570743e-08 
5.413060949e-09 3.210227770e-10 1.296721796e-11 4.551022778e-13 1.503071134e-14 
4.809806508e-16 1.496195595e-17 4.489787225e-19 1.288090667e-20 3.511446331e-22 
9.068092427e-24 2.219685946e-25 5.149795214e-27 1.137270308e-28 2.380586826e-30 
4.864946802e-32 9.591526476e-34 1.653515961e-35 1.982222160e-37 1.211384916e-38 
2.660544371e-40 5.861299530e-41 9.339720209e-43 7.805158959e-44 1.393207751e-45 
6.730328700e-47 1.657888432e-48 -2.547482587e-50 3.895466332e-50 9.619635286e-52 
-9.038382426e-53 2.451537442e-54 1.733126971e-56 4.618770770e-57 -1.276117290e-58 
-3.887706049e-60 2.476768948e-61 -1.724569239e-62 -4.496781345e-64 1.005862443e-65 
3.196402315e-67 1.513664212e-68 3.682574362e-69 4.980057492e-70 6.923259748e-71 
7.895503651e-72 8.988526992e-73 1.017332420e-73 1.136229205e-74 1.258029759e-75 
1.380165157e-76 1.500761919e-77 1.617987559e-78 1.730085344e-79 1.835346946e-80 
1.932222133e-81 2.019361956e-82 2.093822214e-83 2.154249016e-84 2.350822734e-85 
3.703796986e-86 5.424505510e-89 7.898413059e-87 1.069875754e-86 1.078010347e-86 
-2.537908661e-87 -2.627756238e-86 -4.861544699e-87 6.426558739e-88 -3.851283208e-87 
-6.611395509e-87 9.250315380e-87 3.364037060e-87 1.033655230e-86 -1.304142147e-86 
2.183165567e-87 -1.699389786e-87 7.149177530e-87 -2.924413206e-87 1.565493154e-87 
-1.618567270e-88 -8.478828027e-88 2.050218922e-90 2.207541209e-91 3.125726760e-92 
net_rxn-H2O
-1.735545088e-18 -1.656326731e-18 -1.580617327e-18 -1.508193145e-18 -1.438849319e-18 
-1.372397985e-18 -1.308666635e-18 -1.247496661e-18 -1.188742065e-18 -1.132268311e-18 
-1.077951306e-18 -1.025676491e-18 -9.753380336e-19 -9.268380999e-19 -8.800862126e-19 
-8.349986709e-19 -7.914980343e-19 -7.495126539e-19 -7.089761694e-19 -6.698259105e-19 
-6.319862999e-19 -5.951581385e-19 -5.561585128e-19 -4.761088703e-19 1.139670609e-19 
6.724924843e-18 8.227680027e-17 9.234801111e-16 9.997923879e-15 1.046257182e-13 
1.056504019e-12 1.027246530e-11 9.594862569e-11 8.587800024e-10 7.346178799e-09 
5.990157914e-08 4.646702899e-07 3.431858601e-06 2.438017757e-05 1.726108370e-04 
1.315683226e-03 1.160413982e-02 1.104791868e-01 8.993679948e-01 4.846393904e+00 
1.560564143e+01 3.383988960e+01 6.167866403e+01 1.253326737e+02 3.267225653e+02 
8.962948751e+02 2.169235009e+03 4.331670768e+03 6.971870638e+03 8.880940426e+03 
8.924897413e+03 7.301638925e+03 5.268681861e+03 3.730832352e+03 2.825654082e+03 
2.364367591e+03 2.142018484e+03 1.961372512e+03 1.606430090e+03 1.043908383e+03 
5.845134213e+02 4.393039815e+02 3.284720292e+02 7.252187162e+01 5.025364060e+00 
2.434209162e-01 9.600730466e-03 3.172844425e-04 8.988289399e-06 2.248427931e-07 
5.229999530e-09 1.239680154e-10 3.338044808e-12 1.050710911e-13 3.578162429e-15 
1.208862334e-16 3.869452242e-18 1.153950843e-19 3.193426954e-21 8.206288544e-23 
1.962468833e-24 4.378718040e-26 9.139327999e-28 1.788956709e-29 3.291885789e-31 
5.707347590e-33 9.343304809e-35 1.447190711e-36 2.124940554e-38 2.963181438e-40 
3.931118523e-42 4.969822028e-44 5.996803975e-46 6.916881495e-48 7.637325985e-50 
8.083804780e-52 8.213203563e-54 8.020250130e-56 7.536628395e-58 6.823322565e-60 
5.958566521e-62 5.024526759e-64 4.095627126e-66 3.230479068e-68 2.468141477e-70 
1.828318587e-72 1.314383448e-74 9.178646713e-77 6.231729023e-79 4.117071279e-81 
2.649018091e-83 1.661329305e-85 1.016364793e-87 6.070258107e-90 3.542102600e-92 
2.020863357e-94 1.128114069e-96 6.166250300e-99 3.302531058e-101 1.734322779e-103 
8.936432639e-106 4.521037510e-108 2.247157311e-110 1.098035576e-112 5.276850378e-115 
2.492228651e-117 1.146636022e-119 4.795278872e-122 6.895675721e-125 -4.320671775e-126 
-1.626255919e-127 -5.132656500e-129 -1.575951272e-130 -4.796472045e-132 -1.451181004e-133 
-4.367409643e-135 -1.307900761e-136 -3.898520928e-138 -1.156967346e-139 -3.419472120e-141 
-1.006783536e-142 -2.954203840e-144 -8.657091282e-146 -2.662567253e-147 -9.218541476e-149 
-1.858540100e-148 -4.046107255e-149 2.217969028e-149 2.075926747e-149 2.060477481e-149 
2.060050096e-149 2.060036523e-149 2.247283728e-155 -3.737395791e-152 -1.072567371e-153 
net_rxn-H2O2
1.610547400e-32 1.610547077e-32 1.610546768e-32 1.610546472e-32 1.610546189e-32 
1.610545918e-32 1.610545657e-32 1.610545407e-32 1.610545167e-32 1.610544936e-32 
1.610544713e-32 1.610544499e-32 1.610544287e-32 1.610544046e-32 1.610543544e-32 
1.610541070e-32 1.610524262e-32 1.610405114e-32 1.609567876e-32 1.603783417e-32 
1.564574847e-32 1.304209543e-32 -3.872977973e-33 -1.112322069e-31 -7.759518705e-31 
-4.784732196e-30 -2.830765946e-29 -1.634175205e-28 -9.969771612e-28 -1.139153489e-26 
-4.332734890e-25 -2.334664884e-23 -1.192756663e-21 -5.412198745e-20 -2.090622092e-18 
-6.256612676e-17 -9.520332254e-16 4.024074508e-14 4.550511959e-12 2.566477675e-10 
1.067495318e-08 3.423283836e-07 7.872496439e-06 1.067680420e-04 6.597678893e-04 
1.457910791e-03 4.787031515e-04 -1.864234627e-03 -6.992555566e-03 -2.856814946e-02 
-1.038414880e-01 -2.814223025e-01 -4.966173743e-01 -5.044660604e-01 -1.916783116e-01 
2.043201189e-01 3.989997230e-01 3.754449471e-01 2.841016659e-01 2.247904500e-01 
2.109856470e-01 1.812724514e-01 -7.402622574e-02 -1.064262219e+00 -3.245574295e+00 
-4.241719940e+00 1.378690545e+00 7.577245570e+00 4.984981170e+00 5.977834027e-01 
2.885646108e-02 1.062304738e-03 3.590034266e-05 1.160907388e-06 3.558181435e-08 
1.009925901e-09 2.607597513e-11 6.073408743e-13 1.274031508e-14 2.412116597e-16 
4.137259149e-18 6.456392090e-20 9.206930585e-22 1.204750007e-23 1.452231914e-25 
1.618512083e-27 1.673438119e-29 1.610228601e-31 1.446196256e-33 1.215689904e-35 
9.589436065e-38 7.115229705e-40 4.977369459e-42 3.289723708e-44 2.058484744e-46 
1.221728412e-48 6.886500769e-51 3.674828144e-53 1.773910959e-55 3.747991512e-58 
-2.027621669e-59 -1.054242716e-60 -4.576678694e-62 -1.917619570e-63 -7.864043965e-65 
-3.162704758e-66 -1.248321072e-67 -4.838524860e-69 -1.842759304e-70 -6.899762676e-72 
-2.541221594e-73 -9.211264340e-75 -3.287628756e-76 -1.155965964e-77 -4.006008404e-79 
-1.368936170e-80 -4.614808137e-82 -1.535368737e-83 -5.043651203e-85 -1.636556378e-86 
-5.247429451e-88 -1.663275943e-89 -5.213783582e-91 -1.616883236e-92 -4.962549294e-94 
-1.507972418e-95 -4.538429105e-97 -1.353328716e-98 -3.999922092e-100 -1.172252779e-101 
-3.407959390e-103 -9.832659087e-105 -2.816956302e-106 -8.018563609e-108 -2.269685181e-109 
-6.394969059e-111 -1.795907074e-112 -5.021445766e-114 -1.275469141e-115 6.928104580e-117 
8.142755950e-117 5.155123807e-117 2.779426407e-117 8.382648328e-118 -5.064485494e-118 
-1.451372458e-117 -1.169569320e-117 -4.722964467e-118 -3.540809130e-118 -7.666814724e-119 
-3.976756676e-118 -9.919645320e-119 4.093391146e-119 4.186656970e-119 4.166921479e-119 
4.166750876e-119 4.166739956e-119 4.614124034e-125 -3.595445942e-122 -9.323555478e-124 
massfraction-H2
1.000000000e+00 1.000000000e+00 1.000000000e+00 1.000000000e+00 1.000000000e+00 
1.000000000e+00 1.000000000e+00 1.000000000e+00 1.000000000e+00 1.000000000e+00 
1.000000000e+00 1.000000000e+00 1.000000000e+00 1.000000000e+00 1.000000000e+00 
1.000000000e+00 1.000000000e+00 1.000000000e+00 1.000000000e+00 1.000000000e+00 
1.000000000e+00 1.000000000e+00 1.000000000e+00 1.000000000e+00 1.000000000e+00 
1.000000000e+00 1.000000000e+00 1.000000000e+00 1.000000000e+00 1.000000000e+00 
9.999999999e-01 9.999999996e-01 9.999999979e-01 9.999999901e-01 9.999999560e-01 
9.999998119e-01 9.999992252e-01 9.999968953e-01 9.999876882e-01 9.999505355e-01 
9.997946717e-01 9.991221994e-01 9.962834919e-01 9.855041962e-01 9.522581207e-01 
8.755580171e-01 7.472054045e-01 5.885106207e-01 4.351296391e-01 3.099282135e-01 
2.169741500e-01 1.505261266e-01 1.033140987e-01 6.995636582e-02 4.662309469e-02 
3.056053700e-02 1.977307337e-02 1.269965065e-02 8.106787866e-03 5.122655214e-03 
3.187096150e-03 1.949684775e-03 1.186064094e-03 7.417805652e-04 4.962616852e-04 
3.532044229e-04 2.506954879e-04 1.623498433e-04 9.040520076e-05 4.440058900e-05 
2.010663660e-05 8.534243421e-06 3.410754089e-06 1.287487519e-06 4.603481149e-07 
1.563297474e-07 5.054600144e-08 1.559627036e-08 4.602240382e-09 1.301342758e-09 
3.532537976e-10 0.000000000e+00 0.000000000e+00 0.000000000e+00 0.000000000e+00 
0.000000000e+00 0.000000000e+00 0.000000000e+00 0.000000000e+00 0.000000000e+00 
0.000000000e+00 0.000000000e+00 0.000000000e+00 0.000000000e+00 0.000000000e+00 
0.000000000e+00 0.000000000e+00 0.000000000e+00 0.000000000e+00 0.000000000e+00 
0.000000000e+00 0.000000000e+00 0.000000000e+00 0.000000000e+00 0.000000000e+00 
0.000000000e+00 0.000000000e+00 0.000000000e+00 0.000000000e+00 0.000000000e+00 
0.000000000e+00 0.000000000e+00 0.000000000e+00 0.000000000e+00 0.000000000e+00 
0.000000000e+00 0.000000000e+00 0.000000000e+00 0.000000000e+00 0.000000000e+00 
0.000000000e+00 0.000000000e+00 0.000000000e+00 0.000000000e+00 0.000000000e+00 
0.000000000e+00 0.000000000e+00 0.000000000e+00 0.000000000e+00 0.000000000e+00 
0.000000000e+00 0.000000000e+00 0.000000000e+00 0.000000000e+00 0.000000000e+00 
0.000000000e+00 0.000000000e+00 0.000000000e+00 0.000000000e+00 0.000000000e+00 
0.000000000e+00 0.000000000e+00 0.000000000e+00 0.000000000e+00 0.000000000e+00 
0.000000000e+00 0.000000000e+00 0.000000000e+00 0.000000000e+00 0.000000000e+00 
0.000000000e+00 0.000000000e+00 0.000000000e+00 0.000000000e+00 0.000000000e+00 
0.000000000e+00 0.000000000e+00 0.000000000e+00 0.000000000e+00 0.000000000e+00 
massfraction-H
0.000000000e+00 0.000000000e+00 0.000000000e+00 0.000000000e+00 0.000000000e+00 
0.000000000e+00 0.000000000e+00 0.000000000e+00 0.000000000e+00 0.000000000e+00 
0.000000000e+00 0.000000000e+00 0.000000000e+00 0.000000000e+00 0.000000000e+00 
0.000000000e+00 0.000000000e+00 0.000000000e+00 0.000000000e+00 0.000000000e+00 
0.000000000e+00 0.000000000e+00 0.000000000e+00 0.000000000e+00 0.000000000e+00 
0.000000000e+00 0.000000000e+00 0.000000000e+00 0.000000000e+00 0.000000000e+00 
0.000000000e+00 4.433608515e-10 2.134103693e-09 9.856420690e-09 4.356675475e-08 
1.837894406e-07 7.377508642e-07 2.808650050e-06 1.010444602e-05 3.421182161e-05 
1.084776386e-04 3.199106602e-04 8.676752803e-04 2.122522234e-03 4.547079638e-03 
8.239099846e-03 1.231113159e-02 1.529281387e-02 1.651116285e-02 1.640128594e-02 
1.568256229e-02 1.479044670e-02 1.384808157e-02 1.281874420e-02 1.158622456e-02 
1.006924107e-02 8.345258660e-03 6.615790337e-03 5.056889822e-03 3.750524051e-03 
2.706123927e-03 1.898058754e-03 1.289429072e-03 8.428340974e-04 5.213945144e-04 
2.863074411e-04 1.133278666e-04 2.035939180e-05 1.106862993e-06 2.731245717e-08 
5.768688656e-10 0.000000000e+00 0.000000000e+00 0.000000000e+00 0.000000000e+00 
0.000000000e+00 0.000000000e+00 0.000000000e+00 0.000000000e+00 0.000000000e+00 
0.000000000e+00 0.000000000e+00 0.000000000e+00 0.000000000e+00 0.000000000e+00 
0.000000000e+00 0.000000000e+00 0.000000000e+00 0.000000000e+00 0.000000000e+00 
0.000000000e+00 0.000000000e+00 0.000000000e+00 0.000000000e+00 0.000000000e+00 
0.000000000e+00 0.000000000e+00 0.000000000e+00 0.000000000e+00 0.000000000e+00 
0.000000000e+00 0.000000000e+00 0.000000000e+00 0.000000000e+00 0.000000000e+00 
0.000000000e+00 0.000000000e+00 0.000000000e+00 0.000000000e+00 0.000000000e+00 
0.000000000e+00 0.000000000e+00 0.000000000e+00 0.000000000e+00 0.000000000e+00 
0.000000000e+00 0.000000000e+00 0.000000000e+00 0.000000000e+00 0.000000000e+00 
0.000000000e+00 0.000000000e+00 0.000000000e+00 0.000000000e+00 0.000000000e+00 
0.000000000e+00 0.000000000e+00 0.000000000e+00 0.000000000e+00 0.000000000e+00 
0.000000000e+00 0.000000000e+00 0.000000000e+00 0.000000000e+00 0.000000000e+00 
0.000000000e+00 0.000000000e+00 0.000000000e+00 0.000000000e+00 0.000000000e+00 
0.000000000e+00 0.000000000e+00 0.000000000e+00 0.000000000e+00 0.000000000e+00 
0.000000000e+00 0.000000000e+00 0.000000000e+00 0.000000000e+00 0.000000000e+00 
0.000000000e+00 0.000000000e+00 0.000000000e+00 0.000000000e+00 0.000000000e+00 
0.000000000e+00 0.000000000e+00 0.000000000e+00 0.000000000e+00 0.000000000e+00 
massfraction-O
0.000000000e+00 0.000000000e+00 0.000000000e+00 0.000000000e+00 0.000000000e+00 
0.000000000e+00 0.000000000e+00 0.000000000e+00 0.000000000e+00 0.000000000e+00 
0.000000000e+00 0.000000000e+00 0.000000000e+00 0.000000000e+00 0.000000000e+00 
0.000000000e+00 0.000000000e+00 0.000000000e+00 0.000000000e+00 0.000000000e+00 
0.000000000e+00 0.000000000e+00 0.000000000e+00 0.000000000e+00 0.000000000e+00 
0.000000000e+00 0.000000000e+00 0.000000000e+00 0.000000000e+00 0.000000000e+00 
0.000000000e+00 0.000000000e+00 0.000000000e+00 0.000000000e+00 0.000000000e+00 
0.000000000e+00 0.000000000e+00 2.449872414e-10 1.497216517e-09 8.513374845e-09 
4.479136520e-08 2.170216341e-07 9.668393193e-07 3.969807811e-06 1.482548956e-05 
4.715516887e-05 1.181305103e-04 2.335611527e-04 3.978378436e-04 6.502801685e-04 
1.123129881e-03 2.178251128e-03 4.604400300e-03 9.743088530e-03 1.900689401e-02 
3.234720814e-02 4.704772981e-02 5.918634980e-02 6.616886661e-02 6.735595650e-02 
6.328933189e-02 5.494955109e-02 4.343095000e-02 3.004684388e-02 1.686527435e-02 
6.801565037e-03 1.732736700e-03 2.915718143e-04 4.277451244e-05 8.523876476e-06 
2.027959975e-06 4.755462119e-07 1.040470131e-07 2.111174038e-08 3.986202183e-09 
7.035826036e-10 1.165878974e-10 0.000000000e+00 0.000000000e+00 0.000000000e+00 
0.000000000e+00 0.000000000e+00 0.000000000e+00 0.000000000e+00 0.000000000e+00 
0.000000000e+00 0.000000000e+00 0.000000000e+00 0.000000000e+00 0.000000000e+00 
0.000000000e+00 0.000000000e+00 0.000000000e+00 0.000000000e+00 0.000000000e+00 
0.000000000e+00 0.000000000e+00 0.000000000e+00 0.000000000e+00 0.000000000e+00 
0.000000000e+00 0.000000000e+00 0.000000000e+00 0.000000000e+00 0.000000000e+00 
0.000000000e+00 0.000000000e+00 0.000000000e+00 0.000000000e+00 0.000000000e+00 
0.000000000e+00 0.000000000e+00 0.000000000e+00 0.000000000e+00 0.000000000e+00 
0.000000000e+00 0.000000000e+00 0.000000000e+00 0.000000000e+00 0.000000000e+00 
0.000000000e+00 0.000000000e+00 0.000000000e+00 0.000000000e+00 0.000000000e+00 
0.000000000e+00 0.000000000e+00 0.000000000e+00 0.000000000e+00 0.000000000e+00 
0.000000000e+00 0.000000000e+00 0.000000000e+00 0.000000000e+00 0.000000000e+00 
0.000000000e+00 0.000000000e+00 0.000000000e+00 0.000000000e+00 0.000000000e+00 
0.000000000e+00 0.000000000e+00 0.000000000e+00 0.000000000e+00 0.000000000e+00 
0.000000000e+00 0.000000000e+00 0.000000000e+00 0.000000000e+00 0.000000000e+00 
0.000000000e+00 0.000000000e+00 0.000000000e+00 0.000000000e+00 0.000000000e+00 
0.000000000e+00 0.000000000e+00 0.000000000e+00 0.000000000e+00 0.000000000e+00 
massfraction-O2
0.000000000e+00 0.000000000e+00 0.000000000e+00 0.000000000e+00 0.000000000e+00 
0.000000000e+00 0.000000000e+00 0.000000000e+00 0.000000000e+00 0.000000000e+00 
0.000000000e+00 0.000000000e+00 0.000000000e+00 0.000000000e+00 0.000000000e+00 
0.000000000e+00 0.000000000e+00 0.000000000e+00 0.000000000e+00 0.000000000e+00 
0.000000000e+00 0.000000000e+00 0.000000000e+00 0.000000000e+00 0.000000000e+00 
0.000000000e+00 0.000000000e+00 0.000000000e+00 0.000000000e+00 0.000000000e+00 
0.000000000e+00 0.000000000e+00 0.000000000e+00 0.000000000e+00 0.000000000e+00 
0.000000000e+00 1.720097840e-10 1.445165059e-09 1.131861894e-08 8.212772614e-08 
5.480686732e-07 3.333571849e-06 1.826087826e-05 8.854419297e-05 3.687554657e-04 
1.246404267e-03 3.211555362e-03 6.231860230e-03 9.571599765e-03 1.263748643e-02 
1.572889035e-02 2.018025095e-02 2.844449142e-02 4.482788551e-02 7.594710762e-02 
1.287076841e-01 2.051348372e-01 2.997097462e-01 4.031037592e-01 5.070396576e-01 
6.060134712e-01 6.968551208e-01 7.778072690e-01 8.475750798e-01 9.043466519e-01 
9.458261546e-01 9.719487844e-01 9.873179056e-01 9.957656850e-01 9.989685716e-01 
9.997815481e-01 9.999556409e-01 9.999906709e-01 9.999978094e-01 9.999994113e-01 
9.999998265e-01 9.999999473e-01 9.999999841e-01 9.999999954e-01 9.999999987e-01 
9.999999996e-01 9.999999999e-01 1.000000000e+00 1.000000000e+00 1.000000000e+00 
1.000000000e+00 1.000000000e+00 1.000000000e+00 1.000000000e+00 1.000000000e+00 
1.000000000e+00 1.000000000e+00 1.000000000e+00 1.000000000e+00 1.000000000e+00 
1.000000000e+00 1.000000000e+00 1.000000000e+00 1.000000000e+00 1.000000000e+00 
1.000000000e+00 1.000000000e+00 1.000000000e+00 1.000000000e+00 1.000000000e+00 
1.000000000e+00 1.000000000e+00 1.000000000e+00 1.000000000e+00 1.000000000e+00 
1.000000000e+00 1.000000000e+00 1.000000000e+00 1.000000000e+00 1.000000000e+00 
1.000000000e+00 1.000000000e+00 1.000000000e+00 1.000000000e+00 1.000000000e+00 
1.000000000e+00 1.000000000e+00 1.000000000e+00 1.000000000e+00 1.000000000e+00 
1.000000000e+00 1.000000000e+00 1.000000000e+00 1.000000000e+00 1.000000000e+00 
1.000000000e+00 1.000000000e+00 1.000000000e+00 1.000000000e+00 1.000000000e+00 
1.000000000e+00 1.000000000e+00 1.000000000e+00 1.000000000e+00 1.000000000e+00 
1.000000000e+00 1.000000000e+00 1.000000000e+00 1.000000000e+00 1.000000000e+00 
1.000000000e+00 1.000000000e+00 1.000000000e+00 1.000000000e+00 1.000000000e+00 
1.000000000e+00 1.000000000e+00 1.000000000e+00 1.000000000e+00 1.000000000e+00 
1.000000000e+00 1.000000000e+00 1.000000000e+00 1.000000000e+00 1.000000000e+00 
massfraction-OH
0.000000000e+00 0.000000000e+00 0.000000000e+00 0.000000000e+00 0.000000000e+00 
0.000000000e+00 0.000000000e+00 0.000000000e+00 0.000000000e+00 0.000000000e+00 
0.000000000e+00 0.000000000e+00 0.000000000e+00 0.000000000e+00 0.000000000e+00 
0.000000000e+00 0.000000000e+00 0.000000000e+00 0.000000000e+00 0.000000000e+00 
0.000000000e+00 0.000000000e+00 0.000000000e+00 0.000000000e+00 0.000000000e+00 
0.000000000e+00 0.000000000e+00 0.000000000e+00 0.000000000e+00 0.000000000e+00 
0.000000000e+00 0.000000000e+00 0.000000000e+00 0.000000000e+00 0.000000000e+00 
0.000000000e+00 0.000000000e+00 2.556087789e-10 1.765525657e-09 1.144551120e-08 
6.921303501e-08 3.860344317e-07 1.935491958e-06 8.271421209e-06 2.797016851e-05 
6.933665363e-05 1.175941607e-04 1.534824310e-04 2.533281045e-04 7.139652086e-04 
2.275162933e-03 6.353517544e-03 1.492782030e-02 2.965714299e-02 4.984676044e-02 
7.080054941e-02 8.580873781e-02 9.083965415e-02 8.618891796e-02 7.457021835e-02 
5.917591772e-02 4.287903287e-02 2.804811431e-02 1.640479242e-02 8.659611456e-03 
4.351659749e-03 2.233153050e-03 7.858994015e-04 1.206241318e-04 2.102630929e-05 
4.754297136e-06 1.092191909e-06 2.351665660e-07 4.696771469e-08 8.726598885e-09 
1.515266575e-09 2.469495478e-10 0.000000000e+00 0.000000000e+00 0.000000000e+00 
0.000000000e+00 0.000000000e+00 0.000000000e+00 0.000000000e+00 0.000000000e+00 
0.000000000e+00 0.000000000e+00 0.000000000e+00 0.000000000e+00 0.000000000e+00 
0.000000000e+00 0.000000000e+00 0.000000000e+00 0.000000000e+00 0.000000000e+00 
0.000000000e+00 0.000000000e+00 0.000000000e+00 0.000000000e+00 0.000000000e+00 
0.000000000e+00 0.000000000e+00 0.000000000e+00 0.000000000e+00 0.000000000e+00 
0.000000000e+00 0.000000000e+00 0.000000000e+00 0.000000000e+00 0.000000000e+00 
0.000000000e+00 0.000000000e+00 0.000000000e+00 0.000000000e+00 0.000000000e+00 
0.000000000e+00 0.000000000e+00 0.000000000e+00 0.000000000e+00 0.000000000e+00 
0.000000000e+00 0.000000000e+00 0.000000000e+00 0.000000000e+00 0.000000000e+00 
0.000000000e+00 0.000000000e+00 0.000000000e+00 0.000000000e+00 0.000000000e+00 
0.000000000e+00 0.000000000e+00 0.000000000e+00 0.000000000e+00 0.000000000e+00 
0.000000000e+00 0.000000000e+00 0.000000000e+00 0.000000000e+00 0.000000000e+00 
0.000000000e+00 0.000000000e+00 0.000000000e+00 0.000000000e+00 0.000000000e+00 
0.000000000e+00 0.000000000e+00 0.000000000e+00 0.000000000e+00 0.000000000e+00 
0.000000000e+00 0.000000000e+00 0.000000000e+00 0.000000000e+00 0.000000000e+00 
0.000000000e+00 0.000000000e+00 0.000000000e+00 0.000000000e+00 0.000000000e+00 
massfraction-HO2
0.000000000e+00 0.000000000e+00 0.000000000e+00 0.000000000e+00 0.000000000e+00 
0.000000000e+00 0.000000000e+00 0.000000000e+00 0.000000000e+00 0.000000000e+00 
0.000000000e+00 0.000000000e+00 0.000000000e+00 0.000000000e+00 0.000000000e+00 
0.000000000e+00 0.000000000e+00 0.000000000e+00 0.000000000e+00 0.000000000e+00 
0.000000000e+00 0.000000000e+00 0.000000000e+00 0.000000000e+00 0.000000000e+00 
0.000000000e+00 0.000000000e+00 0.000000000e+00 0.000000000e+00 0.000000000e+00 
0.000000000e+00 0.000000000e+00 0.000000000e+00 0.000000000e+00 0.000000000e+00 
0.000000000e+00 0.000000000e+00 0.000000000e+00 2.144961839e-10 1.555386532e-09 
1.033463012e-08 6.182656715e-08 3.213644569e-07 1.357569408e-06 4.281211526e-06 
9.608222815e-06 1.568932111e-05 1.996809815e-05 2.144989677e-05 2.094495681e-05 
1.998153635e-05 2.003874597e-05 2.238687103e-05 2.814495253e-05 3.793150243e-05 
5.075003579e-05 6.357966923e-05 7.333254018e-05 7.902221479e-05 8.185411715e-05 
8.428400269e-05 8.930073531e-05 1.006295629e-04 1.249531889e-04 1.779620100e-04 
2.933137432e-04 4.931404611e-04 6.327966272e-04 3.807384442e-04 8.405471634e-05 
1.479525407e-05 2.420483644e-06 3.649205957e-07 5.061417438e-08 6.488563264e-09 
7.731007181e-10 0.000000000e+00 0.000000000e+00 0.000000000e+00 0.000000000e+00 
0.000000000e+00 0.000000000e+00 0.000000000e+00 0.000000000e+00 0.000000000e+00 
0.000000000e+00 0.000000000e+00 0.000000000e+00 0.000000000e+00 0.000000000e+00 
0.000000000e+00 0.000000000e+00 0.000000000e+00 0.000000000e+00 0.000000000e+00 
0.000000000e+00 0.000000000e+00 0.000000000e+00 0.000000000e+00 0.000000000e+00 
0.000000000e+00 0.000000000e+00 0.000000000e+00 0.000000000e+00 0.000000000e+00 
0.000000000e+00 0.000000000e+00 0.000000000e+00 0.000000000e+00 0.000000000e+00 
0.000000000e+00 0.000000000e+00 0.000000000e+00 0.000000000e+00 0.000000000e+00 
0.000000000e+00 0.000000000e+00 0.000000000e+00 0.000000000e+00 0.000000000e+00 
0.000000000e+00 0.000000000e+00 0.000000000e+00 0.000000000e+00 0.000000000e+00 
0.000000000e+00 0.000000000e+00 0.000000000e+00 0.000000000e+00 0.000000000e+00 
0.000000000e+00 0.000000000e+00 0.000000000e+00 0.000000000e+00 0.000000000e+00 
0.000000000e+00 0.000000000e+00 0.000000000e+00 0.000000000e+00 0.000000000e+00 
0.000000000e+00 0.000000000e+00 0.000000000e+00 0.000000000e+00 0.000000000e+00 
0.000000000e+00 0.000000000e+00 0.000000000e+00 0.000000000e+00 0.000000000e+00 
0.000000000e+00 0.000000000e+00 0.000000000e+00 0.000000000e+00 0.000000000e+00 
0.000000000e+00 0.000000000e+00 0.000000000e+00 0.000000000e+00 0.000000000e+00 
massfraction-H2O
0.000000000e+00 0.000000000e+00 0.000000000e+00 0.000000000e+00 0.000000000e+00 
0.000000000e+00 0.000000000e+00 0.000000000e+00 0.000000000e+00 0.000000000e+00 
0.000000000e+00 0.000000000e+00 0.000000000e+00 0.000000000e+00 0.000000000e+00 
0.000000000e+00 0.000000000e+00 0.000000000e+00 0.000000000e+00 0.000000000e+00 
0.000000000e+00 0.000000000e+00 0.000000000e+00 0.000000000e+00 0.000000000e+00 
0.000000000e+00 0.000000000e+00 0.000000000e+00 0.000000000e+00 0.000000000e+00 
0.000000000e+00 0.000000000e+00 0.000000000e+00 0.000000000e+00 4.766560484e-10 
4.313726459e-09 3.677971484e-08 2.940511940e-07 2.192545342e-06 1.514904175e-05 
9.617818490e-05 5.538909883e-04 2.827345354e-03 1.227112612e-02 4.277892840e-02 
1.148303063e-01 2.370204208e-01 3.895576370e-01 5.381149087e-01 6.596476331e-01 
7.481955117e-01 8.059494724e-01 8.348337189e-01 8.329580036e-01 7.969339716e-01 
7.274390755e-01 6.337975057e-01 5.308450263e-01 4.312663771e-01 3.420519295e-01 
2.655191254e-01 2.013572214e-01 1.481179459e-01 1.042453381e-01 6.891090685e-02 
4.205035010e-02 2.316392589e-02 1.071761575e-02 3.557943576e-03 8.624574285e-04 
1.746555314e-04 3.148450226e-05 5.161164251e-06 7.771363235e-07 1.082404860e-07 
1.402596356e-08 1.699388424e-09 1.933623126e-10 0.000000000e+00 0.000000000e+00 
0.000000000e+00 0.000000000e+00 0.000000000e+00 0.000000000e+00 0.000000000e+00 
0.000000000e+00 0.000000000e+00 0.000000000e+00 0.000000000e+00 0.000000000e+00 
0.000000000e+00 0.000000000e+00 0.000000000e+00 0.000000000e+00 0.000000000e+00 
0.000000000e+00 0.000000000e+00 0.000000000e+00 0.000000000e+00 0.000000000e+00 
0.000000000e+00 0.000000000e+00 0.000000000e+00 0.000000000e+00 0.000000000e+00 
0.000000000e+00 0.000000000e+00 0.000000000e+00 0.000000000e+00 0.000000000e+00 
0.000000000e+00 0.000000000e+00 0.000000000e+00 0.000000000e+00 0.000000000e+00 
0.000000000e+00 0.000000000e+00 0.000000000e+00 0.000000000e+00 0.000000000e+00 
0.000000000e+00 0.000000000e+00 0.000000000e+00 0.000000000e+00 0.000000000e+00 
0.000000000e+00 0.000000000e+00 0.000000000e+00 0.000000000e+00 0.000000000e+00 
0.000000000e+00 0.000000000e+00 0.000000000e+00 0.000000000e+00 0.000000000e+00 
0.000000000e+00 0.000000000e+00 0.000000000e+00 0.000000000e+00 0.000000000e+00 
0.000000000e+00 0.000000000e+00 0.000000000e+00 0.000000000e+00 0.000000000e+00 
0.000000000e+00 0.000000000e+00 0.000000000e+00 0.000000000e+00 0.000000000e+00 
0.000000000e+00 0.000000000e+00 0.000000000e+00 0.000000000e+00 0.000000000e+00 
0.000000000e+00 0.000000000e+00 0.000000000e+00 0.000000000e+00 0.000000000e+00 
massfraction-H2O2
0.000000000e+00 0.000000000e+00 0.000000000e+00 0.000000000e+00 0.000000000e+00 
0.000000000e+00 0.000000000e+00 0.000000000e+00 0.000000000e+00 0.000000000e+00 
0.000000000e+00 0.000000000e+00 0.000000000e+00 0.000000000e+00 0.000000000e+00 
0.000000000e+00 0.000000000e+00 0.000000000e+00 0.000000000e+00 0.000000000e+00 
0.000000000e+00 0.000000000e+00 0.000000000e+00 0.000000000e+00 0.000000000e+00 
0.000000000e+00 0.000000000e+00 0.000000000e+00 0.000000000e+00 0.000000000e+00 
0.000000000e+00 0.000000000e+00 0.000000000e+00 0.000000000e+00 0.000000000e+00 
0.000000000e+00 0.000000000e+00 0.000000000e+00 0.000000000e+00 0.000000000e+00 
0.000000000e+00 5.355781995e-10 2.846772604e-09 1.244982388e-08 3.894067383e-08 
7.242613981e-08 7.373834576e-08 5.648104797e-08 7.374980860e-08 1.906585441e-07 
6.113053725e-07 1.895902306e-06 5.001959184e-06 1.062440409e-05 1.801559464e-05 
2.495465742e-05 2.927773302e-05 3.045004219e-05 2.937931990e-05 2.720469369e-05 
2.464978703e-05 2.202951678e-05 1.959801355e-05 1.837802792e-05 2.193720025e-05 
3.744493964e-05 6.423612358e-05 7.150162209e-05 4.072225792e-05 1.093815322e-05 
2.111681281e-06 3.521384582e-07 5.302392722e-08 7.314420358e-09 9.318564655e-10 
1.103199878e-10 0.000000000e+00 0.000000000e+00 0.000000000e+00 0.000000000e+00 
0.000000000e+00 0.000000000e+00 0.000000000e+00 0.000000000e+00 0.000000000e+00 
0.000000000e+00 0.000000000e+00 0.000000000e+00 0.000000000e+00 0.000000000e+00 
0.000000000e+00 0.000000000e+00 0.000000000e+00 0.000000000e+00 0.000000000e+00 
0.000000000e+00 0.000000000e+00 0.000000000e+00 0.000000000e+00 0.000000000e+00 
0.000000000e+00 0.000000000e+00 0.000000000e+00 0.000000000e+00 0.000000000e+00 
0.000000000e+00 0.000000000e+00 0.000000000e+00 0.000000000e+00 0.000000000e+00 
0.000000000e+00 0.000000000e+00 0.000000000e+00 0.000000000e+00 0.000000000e+00 
0.000000000e+00 0.000000000e+00 0.000000000e+00 0.000000000e+00 0.000000000e+00 
0.000000000e+00 0.000000000e+00 0.000000000e+00 0.000000000e+00 0.000000000e+00 
0.000000000e+00 0.000000000e+00 0.000000000e+00 0.000000000e+00 0.000000000e+00 
0.000000000e+00 0.000000000e+00 0.000000000e+00 0.000000000e+00 0.000000000e+00 
0.000000000e+00 0.000000000e+00 0.000000000e+00 0.000000000e+00 0.000000000e+00 
0.000000000e+00 0.000000000e+00 0.000000000e+00 0.000000000e+00 0.000000000e+00 
0.000000000e+00 0.000000000e+00 0.000000000e+00 0.000000000e+00 0.000000000e+00 
0.000000000e+00 0.000000000e+00 0.000000000e+00 0.000000000e+00 0.000000000e+00 
0.000000000e+00 0.000000000e+00 0.000000000e+00 0.000000000e+00 0.000000000e+00 
PREMIX_CDOT
0.000000000e+00 -1.860561038e-19 -1.775842902e-19 -1.694800872e-19 -1.617205708e-19 
-1.542847191e-19 -1.471532288e-19 -1.403083519e-19 -1.337337513e-19 -1.274143726e-19 
-1.213363299e-19 -1.154868042e-19 -1.098539528e-19 -1.044268284e-19 -9.919530644e-20 
-9.415002098e-20 -8.928230639e-20 -8.458414516e-20 -8.004811147e-20 -7.566719136e-20 
-7.143291384e-20 -6.731162977e-20 -6.294517089e-20 -5.396016515e-20 1.236636991e-20 
7.548854594e-19 9.220598109e-18 1.028872851e-16 1.095969001e-15 1.096607065e-14 
9.749591040e-14 6.240702783e-13 -1.487834927e-12 -1.650488178e-10 -4.282803322e-09 
-8.415543107e-08 -1.411794328e-06 -2.081978885e-05 -2.712863877e-04 -3.108300465e-03 
-3.090180195e-02 -2.589972975e-01 -1.718959128e+00 -8.031838624e+00 -2.282109972e+01 
-3.658159425e+01 -3.345549717e+01 -1.372015095e+01 2.088540280e+01 1.050192529e+02 
3.392716346e+02 9.070242112e+02 2.066749593e+03 4.020119427e+03 6.496550953e+03 
8.493902654e+03 9.120474685e+03 8.597948345e+03 7.679524613e+03 6.770728259e+03 
5.909697939e+03 5.019710594e+03 3.976772212e+03 2.593574803e+03 9.266154090e+02 
-2.081707807e+02 -4.796571586e+01 2.120972995e+02 6.251877518e+01 6.932484467e-01 
-2.497427421e-01 -1.482061469e-02 -5.240502424e-04 -1.356816099e-05 -2.446504197e-07 
-1.266772193e-09 1.368439759e-10 8.491594686e-12 3.584029541e-13 1.316022268e-14 
4.483403430e-16 1.443996588e-17 4.409751281e-19 1.274926150e-20 3.484367373e-22 
8.997649588e-24 2.199544655e-25 5.093529484e-27 1.122453897e-28 2.344656216e-30 
4.780229339e-32 9.403223465e-34 1.619228807e-35 1.945491400e-37 1.177711695e-38 
2.583702102e-40 5.682867461e-41 9.055181298e-43 7.566887213e-44 1.350671370e-45 
6.524811047e-47 1.607261771e-48 -2.469687944e-50 3.776508974e-50 9.325877208e-52 
-8.762372987e-53 2.376674929e-54 1.680216270e-56 4.477745021e-57 -1.237122164e-58 
-3.768648431e-60 2.401568860e-61 -1.671354528e-62 -4.352563186e-64 9.836720357e-66 
3.202843861e-67 1.592872570e-68 3.719532713e-69 5.003931059e-70 6.916864156e-71 
7.891985694e-72 8.999195296e-73 1.032796863e-73 1.297258612e-74 2.875308207e-75 
1.756081437e-75 1.633160209e-75 1.619780240e-75 1.618336316e-75 1.618181774e-75 
1.618165365e-75 1.618163636e-75 1.618163456e-75 1.618163437e-75 1.618163435e-75 
1.618163435e-75 1.618163435e-75 1.618163435e-75 1.618163435e-75 1.618163435e-75 
1.618163435e-75 1.618163435e-75 1.618163435e-75 1.618163435e-75 1.618163435e-75 
1.618163435e-75 1.618163435e-75 1.618163435e-75 1.618163435e-75 1.618163435e-75 
1.618163435e-75 1.618163435e-75 1.618163435e-75 1.618163435e-75 1.618163435e-75 
1.618163435e-75 1.618163435e-75 1.618163435e-75 1.618163435e-75 0.000000000e+00 

