HEADER
PREMIX_CHI 0.0000
C  0.848982
NUMOFSPECIES  13
GRIDPOINTS 160
PRESSURE 101325.00
BODY
MIXTURE_FRACTION
1.000000000e+00 9.999999990e-01 1.000000000e+00 9.999999990e-01 1.000000000e+00 
9.999999990e-01 1.000000000e+00 9.999999990e-01 1.000000000e+00 9.999999990e-01 
1.000000000e+00 9.999999990e-01 1.000000000e+00 9.999999990e-01 1.000000000e+00 
9.999999990e-01 1.000000000e+00 9.999999990e-01 1.000000000e+00 9.999999990e-01 
1.000000000e+00 9.999999990e-01 1.000000000e+00 9.999999990e-01 1.000000000e+00 
9.999999990e-01 1.000000000e+00 9.999999990e-01 1.000000000e+00 1.000000000e+00 
1.000000000e+00 1.000000000e+00 1.000000000e+00 1.000000000e+00 9.999999997e-01 
9.999999973e-01 9.999999770e-01 9.999998146e-01 9.999986034e-01 9.999902357e-01 
9.999371284e-01 9.996313725e-01 9.980699647e-01 9.912920720e-01 9.679319966e-01 
9.084198439e-01 8.004008517e-01 6.592345060e-01 5.188360372e-01 4.031100843e-01 
3.169600766e-01 2.548651054e-01 2.093874286e-01 1.746599019e-01 1.462879727e-01 
1.214363421e-01 9.898413309e-02 7.895783039e-02 6.163233001e-02 4.707413860e-02 
3.511679163e-02 2.547392229e-02 1.784166006e-02 1.195681906e-02 7.597852642e-03 
4.530015766e-03 2.459623434e-03 1.113065338e-03 3.817409451e-04 1.112557172e-04 
3.317327402e-05 1.076257147e-05 3.708219935e-06 1.295627995e-06 4.440381686e-07 
1.468278222e-07 4.655019931e-08 1.413021624e-08 4.109166791e-09 1.146361829e-09 
3.072786051e-10 7.926322987e-11 1.970612529e-11 4.728761527e-12 1.096733434e-12 
2.461606995e-13 5.353340405e-14 1.129313898e-14 2.313429960e-15 4.606736440e-16 
8.925785358e-17 1.684284313e-17 3.097995831e-18 5.559113036e-19 9.739480355e-20 
1.667257987e-20 2.790767040e-21 4.570903230e-22 7.330436565e-23 1.151827302e-23 
1.774370703e-24 2.681394128e-25 3.977286203e-26 5.793817972e-27 8.293320673e-28 
1.167088665e-28 1.615511440e-29 2.200692173e-30 2.951600541e-31 3.899463559e-32 
5.076863778e-33 6.516562539e-34 8.250078517e-35 1.030607665e-35 1.270864562e-36 
1.547556097e-37 1.861664311e-38 2.213232359e-39 2.601252734e-40 3.023596423e-41 
3.476990006e-42 3.957044767e-43 4.458338541e-44 4.974547584e-45 5.498622461e-46 
6.022999196e-47 6.539834788e-48 7.041254914e-49 7.519601272e-50 7.967666467e-51 
8.378905637e-52 8.747615885e-53 9.069076932e-54 9.339648943e-55 9.556826090e-56 
9.719246823e-57 9.826663943e-58 9.879879300e-59 9.880649140e-60 9.831566896e-61 
9.735930469e-62 9.597600900e-63 9.420858843e-64 9.210264476e-65 8.970525536e-66 
8.706377172e-67 8.422476206e-68 8.123311438e-69 7.813130686e-70 7.495884470e-71 
7.175185638e-72 6.854283660e-73 6.536051831e-74 6.222983434e-75 5.917173211e-76 
5.620064743e-77 5.329786192e-78 5.014315473e-79 4.342900236e-80 0.000000000e+00 
PROGRESS VARIABLE
-3.039016111e-22 -3.035328679e-22 -3.031743065e-22 -3.028253123e-22 -3.024853146e-22 
-3.021537826e-22 -3.018302215e-22 -3.015141659e-22 -3.012051505e-22 -3.009025034e-22 
-3.006037535e-22 -3.002924085e-22 -2.998450017e-22 -2.983324178e-22 -2.888356309e-22 
-2.205137682e-22 2.747505383e-22 3.820261054e-21 2.879316816e-20 2.015905089e-19 
1.374658165e-18 9.177728932e-18 5.996836862e-17 3.830207370e-16 2.387964066e-15 
1.451097327e-14 8.581342718e-14 4.930576655e-13 2.747785030e-12 1.482631771e-11 
7.731060269e-11 3.888365969e-10 1.882739606e-09 8.760964356e-09 3.912966826e-08 
1.677261460e-07 6.915271187e-07 2.760635190e-06 1.081580827e-05 4.246967546e-05 
1.708681182e-04 7.090540910e-04 2.956441901e-03 1.163208049e-02 3.960102046e-02 
1.079576701e-01 2.282786104e-01 3.816929448e-01 5.314285541e-01 6.530043542e-01 
7.414684302e-01 8.011778770e-01 8.367329763e-01 8.489821193e-01 0.000000000e+00 
0.000000000e+00 0.000000000e+00 0.000000000e+00 0.000000000e+00 0.000000000e+00 
0.000000000e+00 0.000000000e+00 0.000000000e+00 0.000000000e+00 0.000000000e+00 
0.000000000e+00 0.000000000e+00 0.000000000e+00 0.000000000e+00 0.000000000e+00 
0.000000000e+00 0.000000000e+00 0.000000000e+00 0.000000000e+00 0.000000000e+00 
0.000000000e+00 0.000000000e+00 0.000000000e+00 0.000000000e+00 0.000000000e+00 
0.000000000e+00 0.000000000e+00 0.000000000e+00 0.000000000e+00 0.000000000e+00 
0.000000000e+00 0.000000000e+00 0.000000000e+00 0.000000000e+00 0.000000000e+00 
0.000000000e+00 0.000000000e+00 0.000000000e+00 0.000000000e+00 0.000000000e+00 
0.000000000e+00 0.000000000e+00 0.000000000e+00 0.000000000e+00 0.000000000e+00 
0.000000000e+00 0.000000000e+00 0.000000000e+00 0.000000000e+00 0.000000000e+00 
0.000000000e+00 0.000000000e+00 0.000000000e+00 0.000000000e+00 0.000000000e+00 
0.000000000e+00 0.000000000e+00 0.000000000e+00 0.000000000e+00 0.000000000e+00 
0.000000000e+00 0.000000000e+00 0.000000000e+00 0.000000000e+00 0.000000000e+00 
0.000000000e+00 0.000000000e+00 0.000000000e+00 0.000000000e+00 0.000000000e+00 
0.000000000e+00 0.000000000e+00 0.000000000e+00 0.000000000e+00 0.000000000e+00 
0.000000000e+00 0.000000000e+00 0.000000000e+00 0.000000000e+00 0.000000000e+00 
0.000000000e+00 0.000000000e+00 0.000000000e+00 0.000000000e+00 0.000000000e+00 
0.000000000e+00 0.000000000e+00 0.000000000e+00 0.000000000e+00 0.000000000e+00 
0.000000000e+00 0.000000000e+00 0.000000000e+00 0.000000000e+00 0.000000000e+00 
0.000000000e+00 0.000000000e+00 0.000000000e+00 0.000000000e+00 0.000000000e+00 
0.000000000e+00 0.000000000e+00 0.000000000e+00 0.000000000e+00 0.000000000e+00 
TEMPERATURE
3.000000000e+02 3.000000000e+02 3.000000000e+02 3.000000000e+02 3.000000000e+02 
3.000000000e+02 3.000000000e+02 3.000000000e+02 3.000000000e+02 3.000000000e+02 
3.000000000e+02 3.000000000e+02 3.000000000e+02 3.000000000e+02 3.000000000e+02 
3.000000000e+02 3.000000000e+02 3.000000000e+02 3.000000000e+02 3.000000000e+02 
3.000000000e+02 3.000000000e+02 3.000000000e+02 3.000000000e+02 3.000000000e+02 
3.000000000e+02 3.000000000e+02 3.000000000e+02 3.000000000e+02 3.000000000e+02 
3.000000001e+02 3.000000003e+02 3.000000021e+02 3.000000126e+02 3.000000715e+02 
3.000003852e+02 3.000019680e+02 3.000095006e+02 3.000431566e+02 3.001835580e+02 
3.007265119e+02 3.026521812e+02 3.087999556e+02 3.258796216e+02 3.651560535e+02 
4.370805430e+02 5.435526429e+02 6.788095269e+02 8.353834057e+02 1.006965918e+03 
1.188096698e+03 1.373235788e+03 1.553102994e+03 1.717064359e+03 1.854357384e+03 
1.956691682e+03 2.019992533e+03 2.043598715e+03 2.028103647e+03 1.974098474e+03 
1.882264430e+03 1.754098431e+03 1.592761061e+03 1.403604137e+03 1.193503284e+03 
9.694215112e+02 7.408411875e+02 5.275392144e+02 3.780201307e+02 3.185767310e+02 
3.036041602e+02 3.006186392e+02 3.000966081e+02 3.000138834e+02 3.000018491e+02 
3.000002295e+02 3.000000267e+02 3.000000029e+02 3.000000003e+02 3.000000000e+02 
3.000000000e+02 3.000000000e+02 3.000000000e+02 3.000000000e+02 3.000000000e+02 
3.000000000e+02 3.000000000e+02 3.000000000e+02 3.000000000e+02 3.000000000e+02 
3.000000000e+02 3.000000000e+02 3.000000000e+02 3.000000000e+02 3.000000000e+02 
3.000000000e+02 3.000000000e+02 3.000000000e+02 3.000000000e+02 3.000000000e+02 
3.000000000e+02 3.000000000e+02 3.000000000e+02 3.000000000e+02 3.000000000e+02 
3.000000000e+02 3.000000000e+02 3.000000000e+02 3.000000000e+02 3.000000000e+02 
3.000000000e+02 3.000000000e+02 3.000000000e+02 3.000000000e+02 3.000000000e+02 
3.000000000e+02 3.000000000e+02 3.000000000e+02 3.000000000e+02 3.000000000e+02 
3.000000000e+02 3.000000000e+02 3.000000000e+02 3.000000000e+02 3.000000000e+02 
3.000000000e+02 3.000000000e+02 3.000000000e+02 3.000000000e+02 3.000000000e+02 
3.000000000e+02 3.000000000e+02 3.000000000e+02 3.000000000e+02 3.000000000e+02 
3.000000000e+02 3.000000000e+02 3.000000000e+02 3.000000000e+02 3.000000000e+02 
3.000000000e+02 3.000000000e+02 3.000000000e+02 3.000000000e+02 3.000000000e+02 
3.000000000e+02 3.000000000e+02 3.000000000e+02 3.000000000e+02 3.000000000e+02 
3.000000000e+02 3.000000000e+02 3.000000000e+02 3.000000000e+02 3.000000000e+02 
3.000000000e+02 3.000000000e+02 3.000000000e+02 3.000000000e+02 3.000000000e+02 
Cp
1.432478610e+04 1.432478610e+04 1.432478610e+04 1.432478610e+04 1.432478610e+04 
1.432478610e+04 1.432478610e+04 1.432478610e+04 1.432478610e+04 1.432478610e+04 
1.432478610e+04 1.432478610e+04 1.432478610e+04 1.432478610e+04 1.432478610e+04 
1.432478610e+04 1.432478610e+04 1.432478610e+04 1.432478610e+04 1.432478610e+04 
1.432478610e+04 1.432478610e+04 1.432478610e+04 1.432478610e+04 1.432478610e+04 
1.432478610e+04 1.432478610e+04 1.432478610e+04 1.432478610e+04 1.432478610e+04 
1.432478611e+04 1.432478611e+04 1.432478612e+04 1.432478618e+04 1.432478645e+04 
1.432478767e+04 1.432479286e+04 1.432481353e+04 1.432488819e+04 1.432511782e+04 
1.432560772e+04 1.432539354e+04 1.431563959e+04 1.425160336e+04 1.398589019e+04 
1.323787866e+04 1.180545048e+04 9.897014989e+03 8.026655295e+03 6.566293127e+03 
5.519593514e+03 4.764315783e+03 4.206059126e+03 3.768495479e+03 3.393830021e+03 
3.046364455e+03 2.716203251e+03 2.410321274e+03 2.137903252e+03 1.903141664e+03 
1.705281352e+03 1.540890993e+03 1.405867455e+03 1.296568651e+03 1.209772851e+03 
1.141306949e+03 1.066278193e+03 9.914151782e+02 9.417804589e+02 9.228524927e+02 
9.179973308e+02 9.169395711e+02 9.167126900e+02 9.166593875e+02 9.166449220e+02 
9.166405269e+02 9.166391310e+02 9.166386902e+02 9.166385552e+02 9.166385154e+02 
9.166385042e+02 9.166385011e+02 9.166385003e+02 9.166385001e+02 9.166385001e+02 
9.166385000e+02 9.166385000e+02 9.166385000e+02 9.166385000e+02 9.166385000e+02 
9.166385000e+02 9.166385000e+02 9.166385000e+02 9.166385000e+02 9.166385000e+02 
9.166385000e+02 9.166385000e+02 9.166385000e+02 9.166385000e+02 9.166385000e+02 
9.166385000e+02 9.166385000e+02 9.166385000e+02 9.166385000e+02 9.166385000e+02 
9.166385000e+02 9.166385000e+02 9.166385000e+02 9.166385000e+02 9.166385000e+02 
9.166385000e+02 9.166385000e+02 9.166385000e+02 9.166385000e+02 9.166385000e+02 
9.166385000e+02 9.166385000e+02 9.166385000e+02 9.166385000e+02 9.166385000e+02 
9.166385000e+02 9.166385000e+02 9.166385000e+02 9.166385000e+02 9.166385000e+02 
9.166385000e+02 9.166385000e+02 9.166385000e+02 9.166385000e+02 9.166385000e+02 
9.166385000e+02 9.166385000e+02 9.166385000e+02 9.166385000e+02 9.166385000e+02 
9.166385000e+02 9.166385000e+02 9.166385000e+02 9.166385000e+02 9.166385000e+02 
9.166385000e+02 9.166385000e+02 9.166385000e+02 9.166385000e+02 9.166385000e+02 
9.166385000e+02 9.166385000e+02 9.166385000e+02 9.166385000e+02 9.166385000e+02 
9.166385000e+02 9.166385000e+02 9.166385000e+02 9.166385000e+02 9.166385000e+02 
9.166385000e+02 9.166385000e+02 9.166385000e+02 9.166385000e+02 9.166385000e+02 
MMW
2.015880000e+00 2.015880000e+00 2.015880000e+00 2.015880000e+00 2.015880000e+00 
2.015880000e+00 2.015880000e+00 2.015880000e+00 2.015880000e+00 2.015880000e+00 
2.015880000e+00 2.015880000e+00 2.015880000e+00 2.015880000e+00 2.015880000e+00 
2.015880000e+00 2.015880000e+00 2.015880000e+00 2.015880000e+00 2.015880000e+00 
2.015880000e+00 2.015880000e+00 2.015880000e+00 2.015880000e+00 2.015880000e+00 
2.015880000e+00 2.015880000e+00 2.015880000e+00 2.015880000e+00 2.015880000e+00 
2.015880000e+00 2.015879999e+00 2.015879996e+00 2.015879982e+00 2.015879922e+00 
2.015879673e+00 2.015878703e+00 2.015875221e+00 2.015864116e+00 2.015835751e+00 
2.015801764e+00 2.016010626e+00 2.018084434e+00 2.029303532e+00 2.072807838e+00 
2.198283508e+00 2.477431020e+00 2.980819245e+00 3.748577982e+00 4.771772162e+00 
5.997350126e+00 7.357886950e+00 8.799690945e+00 1.028087702e+01 1.179286651e+01 
1.336535237e+01 1.503426012e+01 1.681159932e+01 1.868389172e+01 2.062076529e+01 
2.258138343e+01 2.451664455e+01 2.636574881e+01 2.804802007e+01 2.946379435e+01 
3.053137122e+01 3.124924768e+01 3.168360991e+01 3.188993913e+01 3.196268414e+01 
3.198624830e+01 3.199423418e+01 3.199712234e+01 3.199819593e+01 3.199859034e+01 
3.199873033e+01 3.199877787e+01 3.199879328e+01 3.199879804e+01 3.199879945e+01 
3.199879985e+01 3.199879996e+01 3.199879999e+01 3.199880000e+01 3.199880000e+01 
3.199880000e+01 3.199880000e+01 3.199880000e+01 3.199880000e+01 3.199880000e+01 
3.199880000e+01 3.199880000e+01 3.199880000e+01 3.199880000e+01 3.199880000e+01 
3.199880000e+01 3.199880000e+01 3.199880000e+01 3.199880000e+01 3.199880000e+01 
3.199880000e+01 3.199880000e+01 3.199880000e+01 3.199880000e+01 3.199880000e+01 
3.199880000e+01 3.199880000e+01 3.199880000e+01 3.199880000e+01 3.199880000e+01 
3.199880000e+01 3.199880000e+01 3.199880000e+01 3.199880000e+01 3.199880000e+01 
3.199880000e+01 3.199880000e+01 3.199880000e+01 3.199880000e+01 3.199880000e+01 
3.199880000e+01 3.199880000e+01 3.199880000e+01 3.199880000e+01 3.199880000e+01 
3.199880000e+01 3.199880000e+01 3.199880000e+01 3.199880000e+01 3.199880000e+01 
3.199880000e+01 3.199880000e+01 3.199880000e+01 3.199880000e+01 3.199880000e+01 
3.199880000e+01 3.199880000e+01 3.199880000e+01 3.199880000e+01 3.199880000e+01 
3.199880000e+01 3.199880000e+01 3.199880000e+01 3.199880000e+01 3.199880000e+01 
3.199880000e+01 3.199880000e+01 3.199880000e+01 3.199880000e+01 3.199880000e+01 
3.199880000e+01 3.199880000e+01 3.199880000e+01 3.199880000e+01 3.199880000e+01 
3.199880000e+01 3.199880000e+01 3.199880000e+01 3.199880000e+01 3.199880000e+01 
rho
8.188905810e-02 8.188905810e-02 8.188905810e-02 8.188905810e-02 8.188905810e-02 
8.188905810e-02 8.188905810e-02 8.188905810e-02 8.188905810e-02 8.188905810e-02 
8.188905810e-02 8.188905810e-02 8.188905810e-02 8.188905810e-02 8.188905810e-02 
8.188905810e-02 8.188905810e-02 8.188905810e-02 8.188905810e-02 8.188905810e-02 
8.188905810e-02 8.188905810e-02 8.188905810e-02 8.188905810e-02 8.188905810e-02 
8.188905810e-02 8.188905810e-02 8.188905810e-02 8.188905810e-02 8.188905810e-02 
8.188905808e-02 8.188905798e-02 8.188905737e-02 8.188905394e-02 8.188903543e-02 
8.188893968e-02 8.188846825e-02 8.188627074e-02 8.187663446e-02 8.183718770e-02 
8.168805553e-02 8.117671321e-02 7.964244014e-02 7.588785234e-02 6.917720198e-02 
6.129212551e-02 5.554467292e-02 5.351433919e-02 5.468436334e-02 5.774938747e-02 
6.151628058e-02 6.529658255e-02 6.904776367e-02 7.296692504e-02 7.750119498e-02 
8.324160949e-02 9.070155867e-02 1.002526506e-01 1.122689473e-01 1.272970738e-01 
1.462016804e-01 1.703293640e-01 2.017306718e-01 2.435230219e-01 3.008482645e-01 
3.838098461e-01 5.140399841e-01 7.319178919e-01 1.028066522e+00 1.222676728e+00 
1.283920225e+00 1.296994902e+00 1.299368366e+00 1.299770259e+00 1.299838419e+00 
1.299851123e+00 1.299853933e+00 1.299854662e+00 1.299854867e+00 1.299854926e+00 
1.299854942e+00 1.299854946e+00 1.299854948e+00 1.299854948e+00 1.299854948e+00 
1.299854948e+00 1.299854948e+00 1.299854948e+00 1.299854948e+00 1.299854948e+00 
1.299854948e+00 1.299854948e+00 1.299854948e+00 1.299854948e+00 1.299854948e+00 
1.299854948e+00 1.299854948e+00 1.299854948e+00 1.299854948e+00 1.299854948e+00 
1.299854948e+00 1.299854948e+00 1.299854948e+00 1.299854948e+00 1.299854948e+00 
1.299854948e+00 1.299854948e+00 1.299854948e+00 1.299854948e+00 1.299854948e+00 
1.299854948e+00 1.299854948e+00 1.299854948e+00 1.299854948e+00 1.299854948e+00 
1.299854948e+00 1.299854948e+00 1.299854948e+00 1.299854948e+00 1.299854948e+00 
1.299854948e+00 1.299854948e+00 1.299854948e+00 1.299854948e+00 1.299854948e+00 
1.299854948e+00 1.299854948e+00 1.299854948e+00 1.299854948e+00 1.299854948e+00 
1.299854948e+00 1.299854948e+00 1.299854948e+00 1.299854948e+00 1.299854948e+00 
1.299854948e+00 1.299854948e+00 1.299854948e+00 1.299854948e+00 1.299854948e+00 
1.299854948e+00 1.299854948e+00 1.299854948e+00 1.299854948e+00 1.299854948e+00 
1.299854948e+00 1.299854948e+00 1.299854948e+00 1.299854948e+00 1.299854948e+00 
1.299854948e+00 1.299854948e+00 1.299854948e+00 1.299854948e+00 1.299854948e+00 
1.299854948e+00 1.299854948e+00 1.299854948e+00 1.299854948e+00 1.299854948e+00 
mu
9.000028555e-06 9.000028555e-06 9.000028555e-06 9.000028555e-06 9.000028555e-06 
9.000028555e-06 9.000028555e-06 9.000028555e-06 9.000028555e-06 9.000028555e-06 
9.000028555e-06 9.000028555e-06 9.000028555e-06 9.000028555e-06 9.000028555e-06 
9.000028555e-06 9.000028555e-06 9.000028555e-06 9.000028555e-06 9.000028555e-06 
9.000028555e-06 9.000028555e-06 9.000028555e-06 9.000028555e-06 9.000028555e-06 
9.000028555e-06 9.000028555e-06 9.000028555e-06 9.000028555e-06 9.000028555e-06 
9.000028556e-06 9.000028562e-06 9.000028599e-06 9.000028815e-06 9.000030016e-06 
9.000036373e-06 9.000068303e-06 9.000219786e-06 9.000895413e-06 9.003712849e-06 
9.014621144e-06 9.053414870e-06 9.177726547e-06 9.524379483e-06 1.032715317e-05 
1.184113033e-05 1.427725962e-05 1.783845169e-05 2.264919009e-05 2.860968088e-05 
3.539844823e-05 4.262160640e-05 4.984918323e-05 5.667910031e-05 6.276270851e-05 
6.780517902e-05 7.155961785e-05 7.386642098e-05 7.468238343e-05 7.405384695e-05 
7.207635800e-05 6.887192799e-05 6.458220330e-05 5.936110814e-05 5.333753254e-05 
4.655213305e-05 3.901282911e-05 3.104240048e-05 2.454445405e-05 2.162227665e-05 
2.084451620e-05 2.068722020e-05 2.065966878e-05 2.065531359e-05 2.065468489e-05 
2.065460206e-05 2.065459230e-05 2.065459136e-05 2.065459132e-05 2.065459133e-05 
2.065459134e-05 2.065459134e-05 2.065459134e-05 2.065459134e-05 2.065459134e-05 
2.065459134e-05 2.065459134e-05 2.065459134e-05 2.065459134e-05 2.065459134e-05 
2.065459134e-05 2.065459134e-05 2.065459134e-05 2.065459134e-05 2.065459134e-05 
2.065459134e-05 2.065459134e-05 2.065459134e-05 2.065459134e-05 2.065459134e-05 
2.065459134e-05 2.065459134e-05 2.065459134e-05 2.065459134e-05 2.065459134e-05 
2.065459134e-05 2.065459134e-05 2.065459134e-05 2.065459134e-05 2.065459134e-05 
2.065459134e-05 2.065459134e-05 2.065459134e-05 2.065459134e-05 2.065459134e-05 
2.065459134e-05 2.065459134e-05 2.065459134e-05 2.065459134e-05 2.065459134e-05 
2.065459134e-05 2.065459134e-05 2.065459134e-05 2.065459134e-05 2.065459134e-05 
2.065459134e-05 2.065459134e-05 2.065459134e-05 2.065459134e-05 2.065459134e-05 
2.065459134e-05 2.065459134e-05 2.065459134e-05 2.065459134e-05 2.065459134e-05 
2.065459134e-05 2.065459134e-05 2.065459134e-05 2.065459134e-05 2.065459134e-05 
2.065459134e-05 2.065459134e-05 2.065459134e-05 2.065459134e-05 2.065459134e-05 
2.065459134e-05 2.065459134e-05 2.065459134e-05 2.065459134e-05 2.065459134e-05 
2.065459134e-05 2.065459134e-05 2.065459134e-05 2.065459134e-05 2.065459134e-05 
2.065459134e-05 2.065459134e-05 2.065459134e-05 2.065459134e-05 2.065459134e-05 
TC
1.868277014e-01 1.868277014e-01 1.868277014e-01 1.868277014e-01 1.868277014e-01 
1.868277014e-01 1.868277014e-01 1.868277014e-01 1.868277014e-01 1.868277014e-01 
1.868277014e-01 1.868277014e-01 1.868277014e-01 1.868277014e-01 1.868277014e-01 
1.868277014e-01 1.868277014e-01 1.868277014e-01 1.868277014e-01 1.868277014e-01 
1.868277014e-01 1.868277014e-01 1.868277014e-01 1.868277014e-01 1.868277014e-01 
1.868277014e-01 1.868277014e-01 1.868277014e-01 1.868277014e-01 1.868277014e-01 
1.868277015e-01 1.868277016e-01 1.868277027e-01 1.868277088e-01 1.868277416e-01 
1.868279099e-01 1.868287350e-01 1.868325689e-01 1.868493557e-01 1.869181111e-01 
1.871790867e-01 1.880838161e-01 1.908729704e-01 1.981474980e-01 2.130832264e-01 
2.361602385e-01 2.642295713e-01 2.938222171e-01 3.226671248e-01 3.493315352e-01 
3.728038247e-01 3.919847506e-01 4.045841426e-01 4.083267657e-01 4.011659081e-01 
3.823881114e-01 3.538660999e-01 3.193475268e-01 2.824361553e-01 2.456133691e-01 
2.103949433e-01 1.777156136e-01 1.481543222e-01 1.219670447e-01 9.898040981e-02 
7.857208546e-02 6.012751711e-02 4.385734352e-02 3.250155013e-02 2.797312898e-02 
2.682665033e-02 2.658926014e-02 2.654328969e-02 2.653413396e-02 2.653207608e-02 
2.653153402e-02 2.653137455e-02 2.653132583e-02 2.653131110e-02 2.653130677e-02 
2.653130555e-02 2.653130522e-02 2.653130513e-02 2.653130511e-02 2.653130511e-02 
2.653130511e-02 2.653130511e-02 2.653130511e-02 2.653130511e-02 2.653130511e-02 
2.653130511e-02 2.653130511e-02 2.653130511e-02 2.653130511e-02 2.653130511e-02 
2.653130511e-02 2.653130511e-02 2.653130511e-02 2.653130511e-02 2.653130511e-02 
2.653130511e-02 2.653130511e-02 2.653130511e-02 2.653130511e-02 2.653130511e-02 
2.653130511e-02 2.653130511e-02 2.653130511e-02 2.653130511e-02 2.653130511e-02 
2.653130511e-02 2.653130511e-02 2.653130511e-02 2.653130511e-02 2.653130511e-02 
2.653130511e-02 2.653130511e-02 2.653130511e-02 2.653130511e-02 2.653130511e-02 
2.653130511e-02 2.653130511e-02 2.653130511e-02 2.653130511e-02 2.653130511e-02 
2.653130511e-02 2.653130511e-02 2.653130511e-02 2.653130511e-02 2.653130511e-02 
2.653130511e-02 2.653130511e-02 2.653130511e-02 2.653130511e-02 2.653130511e-02 
2.653130511e-02 2.653130511e-02 2.653130511e-02 2.653130511e-02 2.653130511e-02 
2.653130511e-02 2.653130511e-02 2.653130511e-02 2.653130511e-02 2.653130511e-02 
2.653130511e-02 2.653130511e-02 2.653130511e-02 2.653130511e-02 2.653130511e-02 
2.653130511e-02 2.653130511e-02 2.653130511e-02 2.653130511e-02 2.653130511e-02 
2.653130511e-02 2.653130511e-02 2.653130511e-02 2.653130511e-02 2.653130511e-02 
net_rxn-H2
-1.645333220e-19 -1.597519905e-19 -1.550973024e-19 -1.505614303e-19 -1.461370894e-19 
-1.418174864e-19 -1.375962743e-19 -1.334675119e-19 -1.294256273e-19 -1.254653841e-19 
-1.215818524e-19 -1.177703808e-19 -1.140265721e-19 -1.103462602e-19 -1.067254896e-19 
-1.031604960e-19 -9.964768880e-20 -9.618363846e-20 -9.276511537e-20 -8.938979138e-20 
-8.606549569e-20 -8.292755642e-20 -8.169033377e-20 -1.031613031e-19 -3.930493615e-19 
-3.773159083e-18 -4.170257425e-17 -4.538471682e-16 -4.779774205e-15 -4.840017089e-14 
-4.660811979e-13 -4.158955463e-12 -3.197891914e-11 -1.558924934e-10 1.055884031e-09 
4.937827678e-08 1.016501924e-06 1.631807780e-05 2.229349016e-04 2.645918171e-03 
2.724300950e-02 2.389826807e-01 1.705720845e+00 9.011404898e+00 3.083211441e+01 
6.311477988e+01 8.126800452e+01 7.324702775e+01 4.428172096e+01 -1.646567695e+01 
-1.597307220e+02 -4.694320750e+02 -1.001907123e+03 -1.685552568e+03 -2.251569360e+03 
-2.377835105e+03 -2.017210640e+03 -1.451735025e+03 -9.609381003e+02 -6.306839470e+02 
-4.259265069e+02 -2.893899857e+02 -1.819921993e+02 -9.386719925e+01 -3.409129167e+01 
-4.659752824e+00 4.157665440e+00 2.186022991e+00 1.448061663e-01 1.275084269e-03 
-2.927813833e-05 -3.473955786e-06 -2.866484221e-07 -2.065891333e-08 -1.316604804e-09 
-7.469661130e-11 -3.796968649e-12 -1.739546271e-13 -7.221712948e-15 -2.730147719e-16 
-9.441251205e-18 -2.998939634e-19 -8.783310854e-21 -2.380318655e-22 -5.988558949e-24 
-1.402962077e-25 -3.069333293e-27 -6.287468884e-29 -1.209008230e-30 -2.187397685e-32 
-3.731954132e-34 -6.016814790e-36 -9.185058883e-38 -1.330150926e-39 -1.830634075e-41 
-2.398414983e-43 -2.996231233e-45 -3.574612359e-47 -4.078805303e-49 -4.458083029e-51 
-4.680632886e-53 -4.831093010e-55 -6.453484798e-57 -3.194342633e-58 -4.003390278e-59 
-5.583520626e-60 -7.724546850e-61 -1.052222682e-61 -1.411253631e-62 -1.864456720e-63 
-2.427408945e-64 -3.115774399e-65 -3.944623147e-66 -4.927660800e-67 -6.076404919e-68 
-7.399354549e-69 -8.901205145e-70 -1.058216304e-70 -1.243741102e-71 -1.445676961e-72 
-1.662458755e-73 -1.891988100e-74 -2.131672489e-75 -2.378488339e-76 -2.629065092e-77 
-2.879786174e-78 -3.126901596e-79 -3.366646398e-80 -3.595358902e-81 -3.809593026e-82 
-4.006219463e-83 -4.182511480e-84 -4.336212161e-85 -4.465581186e-86 -4.569420441e-87 
-4.647078924e-88 -4.698438442e-89 -4.723882385e-90 -4.724250470e-91 -4.700782699e-92 
-4.655055902e-93 -4.588916165e-94 -4.504410205e-95 -4.403718385e-96 -4.289091625e-97 
-4.162793948e-98 -4.027051928e-99 -3.884011803e-100 -3.735704587e-101 -3.584019150e-102 
-3.430682910e-103 -3.277249557e-104 -3.125093063e-105 -2.975407130e-106 -2.829209177e-107 
-2.687347978e-108 -2.550514082e-109 -2.419252051e-110 -2.293972068e-111 -2.174942786e-112 
net_rxn-H
8.226666099e-20 7.987599527e-20 7.754865119e-20 7.528071517e-20 7.306854471e-20 
7.090874319e-20 6.879813714e-20 6.673375597e-20 6.471281363e-20 6.273269205e-20 
6.079092618e-20 5.888519040e-20 5.701328604e-20 5.517313010e-20 5.336274482e-20 
5.158024802e-20 4.982384440e-20 4.809181923e-20 4.638255768e-20 4.469489569e-20 
4.303274784e-20 4.146377810e-20 4.084516205e-20 5.158045418e-20 1.965170092e-19 
1.886296259e-18 2.084138042e-17 2.265965461e-16 2.379730866e-15 2.390445087e-14 
2.250054669e-13 1.876397437e-12 1.123739570e-11 -2.452590112e-11 -2.554029960e-09 
-6.122268184e-08 -1.105519478e-06 -1.695601913e-05 -2.273783686e-04 -2.677891518e-03 
-2.750949710e-02 -2.417034257e-01 -1.735305385e+00 -9.280052030e+00 -3.245156963e+01 
-6.885289407e+01 -9.406994391e+01 -9.483260566e+01 -7.803889521e+01 -4.536580374e+01 
2.109040875e+01 1.541426816e+02 3.709232239e+02 6.270350463e+02 7.955075624e+02 
7.521215449e+02 5.166440042e+02 2.363261938e+02 2.532524077e+01 -9.584677762e+01 
-1.514891826e+02 -1.663614695e+02 -1.524083432e+02 -1.157718195e+02 -7.782972063e+01 
-7.598724945e+01 -9.565943491e+01 -6.002777547e+01 -1.111430752e+01 -6.557545829e-01 
-2.206922540e-02 -6.469278328e-04 -1.909867366e-05 -5.878998296e-07 -1.878854393e-08 
-6.116901269e-10 -1.993216282e-11 -6.446391117e-13 -2.069810578e-14 -6.622785959e-16 
-2.115805706e-17 -6.731257779e-19 -2.119211699e-20 -6.555177546e-22 -1.980791698e-23 
-5.828514588e-25 -1.669011952e-26 -4.659074175e-28 -1.270907887e-29 -3.400203679e-31 
-8.976374944e-33 -2.334261468e-34 -6.223952800e-36 -1.525439968e-37 -4.677932975e-39 
-1.179865324e-40 -1.547270663e-42 -1.449001216e-43 -6.444247704e-45 -6.754778978e-47 
-1.570674413e-48 -4.794121748e-50 4.712633554e-51 2.884216150e-52 3.134318420e-53 
-3.003099371e-54 -4.451694813e-56 -4.219474016e-58 2.577910312e-58 1.364721235e-60 
4.653807529e-62 6.925233603e-63 4.388621612e-65 -1.187123638e-66 1.962647116e-67 
-3.976999231e-69 -7.349546028e-70 -3.021751556e-71 -1.413439885e-72 -6.655387604e-74 
-7.867731769e-75 -7.027265855e-76 -8.372811143e-77 -9.507596947e-78 -1.068618836e-78 
-1.187320973e-79 -1.304794835e-80 -1.420916784e-81 -1.534345036e-82 -1.643163304e-83 
-1.745245643e-84 -1.836253723e-85 -1.923583883e-86 -1.633047557e-87 5.505910212e-88 
-2.069454864e-88 -3.832338337e-88 -3.192128527e-88 4.629884216e-88 2.806164901e-88 
-5.696839277e-89 -1.338572206e-88 9.481076780e-89 9.068394418e-89 6.123491657e-88 
-1.003195205e-88 -1.676684194e-89 -3.566748596e-88 -2.777833745e-88 3.207030684e-89 
-1.186918254e-88 2.500659100e-89 -3.200636742e-89 1.299721522e-88 5.065305014e-89 
1.382279581e-89 -2.141266302e-89 -1.652177642e-90 -5.549373851e-93 -7.857532255e-94 
net_rxn-O
2.341594798e-20 2.341483544e-20 2.341372108e-20 2.341260372e-20 2.341148214e-20 
2.341035511e-20 2.340922137e-20 2.340807962e-20 2.340692852e-20 2.340576666e-20 
2.340459259e-20 2.340340478e-20 2.340220160e-20 2.340098135e-20 2.339974221e-20 
2.339848221e-20 2.339719925e-20 2.339589089e-20 2.339455253e-20 2.339315390e-20 
2.339134743e-20 2.338491603e-20 2.332355084e-20 2.262178095e-20 1.464799212e-20 
-7.357653565e-20 -1.020842962e-18 -1.087033658e-17 -1.098439564e-16 -1.068889242e-15 
-1.000938469e-14 -8.999909705e-14 -7.753180599e-13 -6.394469548e-12 -5.078835888e-11 
-4.007529213e-10 -3.477979292e-09 -3.956544323e-08 -6.092466146e-07 -1.049453427e-05 
-1.708410116e-04 -2.408921576e-03 -2.742924733e-02 -2.280631880e-01 -1.226041872e+00 
-4.076621662e+00 -9.497247946e+00 -1.976977782e+01 -4.226287456e+01 -9.443227417e+01 
-2.268275022e+02 -5.471448450e+02 -1.160831172e+03 -1.965561909e+03 -2.429501762e+03 
-1.906089844e+03 -4.597359913e+02 1.150413910e+03 2.363801954e+03 3.105070882e+03 
3.456594451e+03 3.384617875e+03 2.691030036e+03 1.317556482e+03 -1.637931917e+02 
-7.936188731e+02 -4.681064040e+02 -1.179124452e+02 -1.561300317e+01 -1.108910875e+00 
-5.760404752e-02 -2.472346011e-03 -9.171626862e-05 -3.006014574e-06 -8.818279439e-08 
-2.334144832e-09 -5.602143925e-11 -1.222919774e-12 -2.433695899e-14 -4.425746985e-16 
-7.376821322e-18 -1.131863346e-19 -1.609502136e-21 -2.145200871e-23 -2.732709446e-25 
-3.435346478e-27 -4.452640024e-29 -6.191326243e-31 -9.322931690e-33 -1.480452133e-34 
-2.383509757e-36 -3.772223321e-38 -5.764698369e-40 -8.434988861e-42 -1.177502097e-43 
-1.567248276e-45 -1.993019982e-47 -2.380843386e-49 -2.613360594e-51 -2.923342002e-53 
-2.847071650e-55 -1.889914505e-57 -1.864426767e-58 -9.655735222e-60 -1.017232399e-60 
9.715611208e-62 1.440385007e-63 1.365433665e-65 -8.342055974e-66 -4.413312644e-68 
-1.502071088e-69 -2.235988836e-70 -1.354740320e-72 4.800729574e-74 -3.749897468e-75 
1.866585243e-75 1.656349413e-75 1.620853517e-75 1.618410415e-75 1.618188980e-75 
1.618166379e-75 1.618163764e-75 1.618163472e-75 1.618163439e-75 1.618163435e-75 
1.618163435e-75 1.618163435e-75 1.618163435e-75 1.618163435e-75 1.618163435e-75 
1.618163435e-75 1.618163435e-75 1.618163435e-75 1.618163435e-75 1.618163435e-75 
1.618163435e-75 1.618163435e-75 1.618163435e-75 1.618163435e-75 1.618163435e-75 
1.618163435e-75 1.618163435e-75 1.618163435e-75 1.618163435e-75 1.618163435e-75 
1.618163435e-75 1.618163435e-75 1.618163435e-75 1.618163435e-75 1.618163435e-75 
1.618163435e-75 1.618163435e-75 1.618163435e-75 1.618163435e-75 1.618163435e-75 
1.618163435e-75 1.618163435e-75 1.618163435e-75 1.618163435e-75 1.618163435e-75 
net_rxn-O2
-3.485727894e-36 -3.387343055e-36 -3.291568182e-36 -3.198242009e-36 -3.107214452e-36 
-3.018345564e-36 -2.931504604e-36 -2.846569199e-36 -2.763424609e-36 -2.681963208e-36 
-2.602085108e-36 -2.523707167e-36 -2.446835237e-36 -2.372110625e-36 -2.304867938e-36 
-2.284828124e-36 -2.600082645e-36 -5.304108711e-36 -2.478267098e-35 -1.599808573e-34 
-1.078211035e-33 -7.187245021e-33 -4.702436683e-32 -3.075254237e-31 -2.586711863e-30 
-7.473967568e-29 -5.351796005e-27 -4.147291156e-25 -3.043445820e-23 -2.085336582e-21 
-1.327372183e-19 -7.812146845e-18 -4.229903716e-16 -2.095640012e-14 -9.444210344e-13 
-3.846559436e-11 -1.405871335e-09 -4.574445772e-08 -1.313140653e-06 -3.288995469e-05 
-7.076951552e-04 -1.273250541e-02 -1.813506717e-01 -1.842685664e+00 -1.161971459e+01 
-4.220524570e+01 -9.431284472e+01 -1.496816538e+02 -2.000021688e+02 -2.919201991e+02 
-5.662711745e+02 -1.262574165e+03 -2.690926277e+03 -5.111069057e+03 -8.326483459e+03 
-1.128084892e+04 -1.273917626e+04 -1.257184304e+04 -1.155782367e+04 -1.033003313e+04 
-9.032521747e+03 -7.492075136e+03 -5.429582628e+03 -2.845983784e+03 -5.353214336e+02 
2.208510402e+02 -3.619078423e+02 -4.359526895e+02 -1.210487616e+02 -6.408067452e+00 
-4.926406570e-02 3.222182764e-03 1.182521343e-04 7.089242753e-08 -1.864520359e-07 
-1.209790795e-08 -5.451193634e-10 -2.094292549e-11 -7.402247568e-13 -2.496789760e-14 
-8.171756213e-16 -2.608509081e-17 -8.117836801e-19 -2.458534141e-20 -7.238670475e-22 
-2.073039619e-23 -5.785759935e-25 -1.578906158e-26 -4.226626854e-28 -1.114174848e-29 
-2.908944260e-31 -7.506024172e-33 -1.990481329e-34 -4.863887196e-36 -1.487996628e-37 
-3.749493794e-39 -4.916834572e-41 -4.600672587e-42 -2.045902726e-43 -2.144492282e-45 
-4.986452232e-47 -1.521984805e-48 1.496105769e-49 9.156433945e-51 9.950423712e-52 
-9.533876496e-53 -1.413292098e-54 -1.339879110e-56 8.183574482e-57 4.326624747e-59 
1.469725526e-60 2.188643715e-61 1.268015006e-63 -5.333100693e-65 4.301703072e-66 
-3.611620443e-67 -5.159082415e-68 -4.318799784e-69 -4.397208554e-70 -4.801000369e-71 
-5.529156010e-72 -6.245718073e-73 -7.194989027e-74 -9.470921495e-75 -2.486730811e-75 
-1.713356588e-75 -1.628504555e-75 -1.619277344e-75 -1.618282447e-75 -1.618176051e-75 
-1.618164762e-75 -1.618163573e-75 -1.618163449e-75 -1.618163436e-75 -1.618163435e-75 
-1.618163435e-75 -1.618163435e-75 -1.618163435e-75 -1.618163435e-75 -1.618163435e-75 
-1.618163435e-75 -1.618163435e-75 -1.618163435e-75 -1.618163435e-75 -1.618163435e-75 
-1.618163435e-75 -1.618163435e-75 -1.618163435e-75 -1.618163435e-75 -1.618163435e-75 
-1.618163435e-75 -1.618163435e-75 -1.618163435e-75 -1.618163435e-75 -1.618163435e-75 
-1.618163435e-75 -1.618163435e-75 -1.618163435e-75 -1.618163435e-75 -1.618163435e-75 
net_rxn-OH
-1.437897678e-18 -1.397556736e-18 -1.358284240e-18 -1.320014151e-18 -1.282685006e-18 
-1.246239489e-18 -1.210624052e-18 -1.175788567e-18 -1.141686021e-18 -1.108272235e-18 
-1.075505614e-18 -1.043346912e-18 -1.011759028e-18 -9.807068102e-19 -9.501568832e-19 
-9.200774845e-19 -8.904383167e-19 -8.612104415e-19 -8.323666014e-19 -8.038870903e-19 
-7.758372217e-19 -7.493497523e-19 -7.387813149e-19 -9.184363589e-19 -3.347303800e-18 
-3.168130251e-17 -3.498282385e-16 -3.811372496e-15 -4.026328042e-14 -4.110527767e-13 
-4.046478719e-12 -3.832308192e-11 -3.483301116e-10 -3.030627763e-09 -2.516884321e-08 
-1.989237182e-07 -1.491732882e-06 -1.058572303e-05 -7.097002703e-05 -4.492404336e-04 
-2.670083901e-03 -1.441991009e-02 -6.413321814e-02 -2.000282294e-01 -3.116570847e-01 
9.317811528e-01 3.948512145e+00 -4.518011362e+00 -5.493344470e+01 -2.221834660e+02 
-6.530896190e+02 -1.471529944e+03 -2.455826351e+03 -2.812891141e+03 -1.698850521e+03 
6.052955627e+02 2.740874166e+03 3.772948047e+03 3.759166509e+03 3.102440845e+03 
2.115423511e+03 1.051476944e+03 1.994565669e+02 -2.462109551e+02 -3.265458057e+02 
-5.493281270e+01 2.213085062e+02 -3.851571439e+01 -5.953960830e+01 -5.642788471e+00 
-2.826315441e-01 -1.108655799e-02 -3.695357554e-04 -1.082361625e-05 -2.864403422e-07 
-7.075865429e-09 -1.703113720e-10 -4.207232596e-12 -1.112482222e-13 -3.160811859e-15 
-9.318825905e-17 -2.727390939e-18 -7.674060291e-20 -2.040153184e-21 -5.086229137e-23 
-1.186457441e-24 -2.590410441e-26 -5.301297736e-28 -1.018907096e-29 -1.843034230e-31 
-3.144049170e-33 -5.068608477e-35 -7.737185119e-37 -1.120431447e-38 -1.541952343e-40 
-2.020130008e-42 -2.523576254e-44 -3.010576282e-46 -3.434909197e-48 -3.753767051e-50 
-3.934070416e-52 -3.958711348e-54 -3.849220651e-56 -3.670658355e-58 -4.285586741e-60 
7.550995011e-62 1.298696842e-63 1.263312697e-65 -8.882335395e-66 -4.702536634e-68 
-1.597525088e-69 -2.376929091e-70 -1.441848088e-72 4.931129867e-74 -5.706243856e-75 
2.640719765e-76 4.059163866e-77 2.859553126e-78 2.625401622e-79 2.715451398e-80 
3.130011835e-81 3.495882433e-82 3.954416500e-83 4.417966444e-84 4.889491884e-85 
5.361555547e-86 5.826995091e-87 6.279292392e-88 6.711687936e-89 7.117595400e-90 
7.490901184e-91 7.825423051e-92 8.119823478e-93 8.242391075e-94 5.965242000e-95 
1.511157611e-95 1.399107497e-95 1.106193546e-95 -1.591833430e-95 -9.652191540e-96 
1.959750712e-96 4.604597443e-96 -3.261419630e-96 -3.119460644e-96 -2.106435914e-95 
3.450917432e-96 5.767669824e-97 1.226935181e-95 9.555542972e-96 -1.103194875e-96 
4.082911154e-96 -8.602082659e-97 1.100995406e-96 -4.470946067e-96 -1.742427523e-96 
-4.754939692e-97 7.365797970e-97 5.683369093e-98 1.908943629e-100 2.702933077e-101 
net_rxn-HO2
4.911641505e-33 4.911639206e-33 4.911636996e-33 4.911634871e-33 4.911632825e-33 
4.911630856e-33 4.911628961e-33 4.911627136e-33 4.911625381e-33 4.911623699e-33 
4.911622149e-33 4.911621190e-33 4.911624329e-33 4.911658046e-33 4.911919595e-33 
4.913858452e-33 4.927969727e-33 5.029044472e-33 5.741020094e-33 1.066751051e-32 
4.411198557e-32 2.665797513e-31 1.714639131e-30 1.092534987e-29 6.812377143e-29 
4.169690115e-28 2.713130040e-27 3.458398579e-26 1.558465273e-24 9.996363470e-23 
6.218783409e-21 3.588725130e-19 1.905245097e-17 9.252573161e-16 4.086015486e-14 
1.630257568e-12 5.835014468e-11 1.858726256e-09 5.221324016e-08 1.277670790e-06 
2.665817108e-05 4.525450548e-04 5.656646736e-03 4.433135622e-02 1.871002669e-01 
4.020061837e-01 4.660573610e-01 3.591216736e-01 2.703666311e-01 2.141567282e-01 
5.671053663e-02 -3.231406042e-01 -8.183199300e-01 -1.271285997e+00 -1.387652866e+00 
-9.673302652e-01 -2.982636588e-01 4.539102911e-02 -2.311634377e-01 -1.145667517e+00 
-2.810463782e+00 -5.839069112e+00 -1.188563588e+01 -2.408108720e+01 -4.370229246e+01 
-5.344134665e+01 -5.466149595e+00 1.454061445e+02 1.011894855e+02 6.236784982e+00 
6.202417366e-02 -1.824598473e-03 -3.478417969e-05 3.654780194e-06 3.228666203e-07 
1.638710306e-08 6.645629288e-10 2.397407565e-11 8.127265074e-13 2.667346801e-14 
8.584829325e-16 2.714696831e-17 8.407471763e-19 2.540380996e-20 7.471959784e-22 
2.138924136e-23 5.968610341e-25 1.628698499e-26 4.359814605e-28 1.149274948e-29 
3.000577429e-31 7.742461275e-33 2.053180286e-34 5.017096378e-36 1.534867494e-37 
3.867600244e-39 5.071711442e-41 4.745590572e-42 2.110347238e-43 2.212042297e-45 
5.143522007e-47 1.569926267e-48 -1.543232060e-49 -9.444855243e-51 -1.026385513e-51 
9.834186971e-53 1.457809815e-54 1.382084369e-56 -8.441351384e-57 -4.462910416e-59 
-1.516020857e-60 -2.257584469e-61 -1.307956596e-63 5.501089655e-65 -4.437203725e-66 
3.725383960e-67 5.321589757e-68 4.454837306e-69 4.535700876e-70 4.952061631e-71 
5.701651448e-72 6.425762507e-73 7.254712735e-74 8.100114483e-75 8.959266451e-76 
9.819167099e-77 1.066685817e-77 1.148997017e-78 1.227607289e-79 1.301325404e-80 
1.369056997e-81 1.429767087e-82 1.482958812e-83 1.515808824e-84 1.316035256e-85 
2.199445246e-86 1.408824022e-86 1.060786909e-86 -1.514588687e-86 -9.187733333e-87 
1.865681065e-87 4.383401408e-87 -3.104741223e-87 -2.969602572e-87 -2.005243333e-86 
3.285136343e-87 5.490592610e-88 1.167993564e-86 9.096497411e-87 -1.050197708e-87 
3.886769266e-87 -8.188841060e-88 1.048103901e-87 -4.256163092e-87 -1.658721802e-87 
-4.526513744e-88 7.011947135e-88 5.410341661e-89 1.817238521e-91 2.573084942e-92 
net_rxn-H2O
1.496748391e-18 1.454017896e-18 1.412419170e-18 1.371882262e-18 1.332342069e-18 
1.293737877e-18 1.256012968e-18 1.219114243e-18 1.182991906e-18 1.147599161e-18 
1.112891948e-18 1.078828698e-18 1.045370112e-18 1.012478959e-18 9.801198858e-19 
9.482592503e-19 9.168649619e-19 8.859063699e-19 8.553546065e-19 8.251888321e-19 
7.954786221e-19 7.674286146e-19 7.563029358e-19 9.473954268e-19 3.529188160e-18 
3.364174187e-17 3.717102753e-16 4.049493455e-15 4.277316774e-14 4.366173880e-13 
4.297563961e-12 4.069564649e-11 3.698473571e-10 3.217460658e-09 2.671868106e-08 
2.112057114e-07 1.585575921e-06 1.130711439e-05 7.728360506e-05 5.233178549e-04 
3.788351142e-03 3.182666665e-02 2.967771088e-01 2.494167227e+00 1.458294936e+01 
5.066557534e+01 1.121782423e+02 1.952010921e+02 3.307121143e+02 6.702217278e+02 
1.584973033e+03 3.597367604e+03 6.940291000e+03 1.095030982e+04 1.391275777e+04 
1.420798819e+04 1.195807454e+04 8.862973511e+03 6.369981474e+03 4.849636418e+03 
4.040349022e+03 3.517639851e+03 2.886773241e+03 2.012806297e+03 1.189351052e+03 
7.673297430e+02 6.978673719e+02 4.895397378e+02 9.741097730e+01 6.637729822e+00 
3.084946036e-01 1.147330600e-02 3.573748400e-04 9.566854757e-06 2.263311851e-07 
4.961770438e-09 1.099590635e-10 2.757541523e-12 8.171783845e-14 2.663260417e-15 
8.703407833e-17 2.708930968e-18 7.876824774e-20 2.129112246e-21 5.351397556e-23 
1.253224153e-24 2.741321465e-26 5.615149223e-28 1.079688930e-29 1.953380774e-31 
3.332633920e-33 5.372928482e-35 8.202000785e-37 1.187769870e-38 1.634656120e-40 
2.141620795e-42 2.675388284e-44 3.191782825e-46 3.641890500e-48 3.980017577e-50 
4.171573351e-52 4.198946099e-54 4.063994371e-56 3.786733607e-58 3.400812726e-60 
2.947112083e-62 2.467059298e-64 1.997050107e-66 1.564831545e-68 1.188076965e-70 
8.748550604e-73 6.253832651e-75 4.343778407e-77 2.934149320e-79 1.929130650e-81 
1.235572164e-83 7.715334492e-86 4.700739214e-88 2.796654560e-90 1.625929247e-92 
9.244347596e-95 5.143722373e-97 2.802939681e-99 1.496880679e-101 7.839605728e-104 
4.029264227e-106 2.033607964e-108 1.008551098e-110 4.917943238e-113 2.358987538e-115 
1.112533649e-117 5.122651591e-120 2.179179434e-122 4.510896345e-125 -1.466638869e-126 
-5.816184881e-128 -1.845375511e-129 -5.667681531e-131 -1.724353229e-132 -5.214895119e-134 
-1.568846894e-135 -4.696572019e-137 -1.399497664e-138 -4.152169967e-140 -1.226900601e-141 
-3.611558766e-143 -1.059329955e-144 -3.077039640e-146 -5.084746860e-148 4.495511787e-148 
4.352146178e-148 3.423681858e-148 2.249516512e-148 1.153277854e-148 2.613626397e-149 
2.246772782e-151 -4.460222237e-153 -7.928866388e-156 -2.066004639e-157 -5.929065926e-159 
net_rxn-H2O2
-5.059819558e-33 -5.059822121e-33 -5.059824597e-33 -5.059826993e-33 -5.059829316e-33 
-5.059831572e-33 -5.059833769e-33 -5.059835911e-33 -5.059838004e-33 -5.059840053e-33 
-5.059842064e-33 -5.059844041e-33 -5.059846001e-33 -5.059848033e-33 -5.059850772e-33 
-5.059858857e-33 -5.059905845e-33 -5.060230863e-33 -5.062509031e-33 -5.078261703e-33 
-5.185190597e-33 -5.896446973e-33 -1.052591683e-32 -3.996963485e-32 -2.226854813e-31 
-1.327979848e-30 -7.898924010e-30 -5.122409688e-29 -7.119089147e-28 -3.214786524e-26 
-1.875988215e-24 -1.016067909e-22 -4.795207299e-21 -1.837866890e-19 -4.549504966e-18 
4.913968427e-17 1.503371580e-14 1.156509673e-12 6.299010692e-11 2.743396493e-09 
9.835266760e-08 2.870364795e-06 6.392113193e-05 9.256295195e-04 6.819141231e-03 
2.061888386e-02 1.922027927e-02 -5.192859666e-03 -2.681859779e-02 -6.846465117e-02 
-2.011348386e-01 -5.061153850e-01 -9.049800400e-01 -9.989051311e-01 -4.725769557e-01 
3.359007155e-01 8.284475534e-01 8.710155257e-01 7.177580960e-01 5.613782426e-01 
3.809157336e-01 -6.900942563e-02 -1.391037082e+00 -4.447934023e+00 -8.067316026e+00 
-5.540748407e+00 7.806287230e+00 1.527671930e+01 8.570411675e+00 9.397314930e-01 
4.107938361e-02 1.338415498e-03 3.979455147e-05 1.145662192e-06 3.198251590e-08 
8.454314574e-10 2.065931379e-11 4.600544262e-13 9.285410829e-15 1.698491053e-16 
2.822999074e-18 4.278854641e-20 5.937889324e-22 7.574013178e-24 8.913179557e-26 
9.711283961e-28 9.828388245e-30 9.267841995e-32 8.165956570e-34 6.741081680e-36 
5.226803999e-38 3.815503794e-40 2.628103985e-42 1.711670369e-44 1.056195717e-46 
6.185874050e-49 3.442497898e-51 1.812267539e-53 8.512778749e-56 1.109816062e-58 
-1.286520684e-59 -6.392091306e-61 -2.751828071e-62 -1.147355671e-63 -4.684731358e-65 
-1.876323861e-66 -7.376936406e-68 -2.848709710e-69 -1.081110968e-70 -4.034406089e-72 
-1.481172874e-73 -5.352676003e-75 -1.904981102e-76 -6.679961043e-78 -2.308998997e-79 
-7.871136919e-81 -2.647324164e-82 -8.788600591e-84 -2.881094987e-85 -9.330362846e-87 
-2.986182159e-88 -9.448887265e-90 -2.957044203e-91 -9.156100739e-93 -2.806071139e-94 
-8.514893891e-96 -2.559216777e-97 -7.621409708e-99 -2.249656223e-100 -6.584184843e-102 
-1.911380115e-103 -5.505663444e-105 -1.574185546e-106 -4.469563936e-108 -1.260776472e-109 
-3.535160961e-111 -9.859594165e-113 -2.736295846e-114 -7.441667766e-116 -1.276410775e-117 
7.484581256e-118 8.044988798e-118 8.870426319e-118 8.839292371e-118 6.988982933e-118 
6.909449083e-118 6.908145818e-118 6.908132915e-118 6.908132799e-118 6.908132792e-118 
6.908132798e-118 6.908132800e-118 4.629446121e-118 2.349064749e-118 5.349793439e-119 
1.486571271e-120 2.728563854e-122 7.217461652e-124 1.888050703e-125 4.896011994e-127 
massfraction-H2
1.000000000e+00 1.000000000e+00 1.000000000e+00 1.000000000e+00 1.000000000e+00 
1.000000000e+00 1.000000000e+00 1.000000000e+00 1.000000000e+00 1.000000000e+00 
1.000000000e+00 1.000000000e+00 1.000000000e+00 1.000000000e+00 1.000000000e+00 
1.000000000e+00 1.000000000e+00 1.000000000e+00 1.000000000e+00 1.000000000e+00 
1.000000000e+00 1.000000000e+00 1.000000000e+00 1.000000000e+00 1.000000000e+00 
1.000000000e+00 1.000000000e+00 1.000000000e+00 1.000000000e+00 1.000000000e+00 
9.999999999e-01 9.999999996e-01 9.999999981e-01 9.999999912e-01 9.999999609e-01 
9.999998322e-01 9.999993081e-01 9.999972361e-01 9.999891581e-01 9.999573386e-01 
9.998278356e-01 9.992829462e-01 9.969990902e-01 9.881497109e-01 9.594841980e-01 
8.889320630e-01 7.636330728e-01 6.024934125e-01 4.442508739e-01 3.151424764e-01 
2.199640310e-01 1.523986412e-01 1.045606887e-01 7.072988490e-02 4.695286813e-02 
3.051246907e-02 1.948486515e-02 1.232847361e-02 7.771765497e-03 4.884500229e-03 
3.061990346e-03 1.928797076e-03 1.244343095e-03 8.408299244e-04 5.959953000e-04 
4.290450396e-04 2.966368075e-04 1.837834433e-04 9.802165880e-05 4.668057541e-05 
2.064298482e-05 8.574838594e-06 3.358439128e-06 1.243927356e-06 4.369199957e-07 
1.459086852e-07 4.643816473e-08 1.411724329e-08 4.107730739e-09 1.146208915e-09 
3.072628472e-10 0.000000000e+00 0.000000000e+00 0.000000000e+00 0.000000000e+00 
0.000000000e+00 0.000000000e+00 0.000000000e+00 0.000000000e+00 0.000000000e+00 
0.000000000e+00 0.000000000e+00 0.000000000e+00 0.000000000e+00 0.000000000e+00 
0.000000000e+00 0.000000000e+00 0.000000000e+00 0.000000000e+00 0.000000000e+00 
0.000000000e+00 0.000000000e+00 0.000000000e+00 0.000000000e+00 0.000000000e+00 
0.000000000e+00 0.000000000e+00 0.000000000e+00 0.000000000e+00 0.000000000e+00 
0.000000000e+00 0.000000000e+00 0.000000000e+00 0.000000000e+00 0.000000000e+00 
0.000000000e+00 0.000000000e+00 0.000000000e+00 0.000000000e+00 0.000000000e+00 
0.000000000e+00 0.000000000e+00 0.000000000e+00 0.000000000e+00 0.000000000e+00 
0.000000000e+00 0.000000000e+00 0.000000000e+00 0.000000000e+00 0.000000000e+00 
0.000000000e+00 0.000000000e+00 0.000000000e+00 0.000000000e+00 0.000000000e+00 
0.000000000e+00 0.000000000e+00 0.000000000e+00 0.000000000e+00 0.000000000e+00 
0.000000000e+00 0.000000000e+00 0.000000000e+00 0.000000000e+00 0.000000000e+00 
0.000000000e+00 0.000000000e+00 0.000000000e+00 0.000000000e+00 0.000000000e+00 
0.000000000e+00 0.000000000e+00 0.000000000e+00 0.000000000e+00 0.000000000e+00 
0.000000000e+00 0.000000000e+00 0.000000000e+00 0.000000000e+00 0.000000000e+00 
massfraction-H
0.000000000e+00 0.000000000e+00 0.000000000e+00 0.000000000e+00 0.000000000e+00 
0.000000000e+00 0.000000000e+00 0.000000000e+00 0.000000000e+00 0.000000000e+00 
0.000000000e+00 0.000000000e+00 0.000000000e+00 0.000000000e+00 0.000000000e+00 
0.000000000e+00 0.000000000e+00 0.000000000e+00 0.000000000e+00 0.000000000e+00 
0.000000000e+00 0.000000000e+00 0.000000000e+00 0.000000000e+00 0.000000000e+00 
0.000000000e+00 0.000000000e+00 0.000000000e+00 0.000000000e+00 0.000000000e+00 
0.000000000e+00 3.885194101e-10 1.879382238e-09 8.727054362e-09 3.880398974e-08 
1.647631452e-07 6.660977882e-07 2.555722768e-06 9.273648339e-06 3.169711033e-05 
1.015686082e-04 3.031632859e-04 8.341208897e-04 2.076116678e-03 4.534782838e-03 
8.375666041e-03 1.271408072e-02 1.592744974e-02 1.721592737e-02 1.706049490e-02 
1.626828497e-02 1.530995257e-02 1.430586643e-02 1.321124234e-02 1.191240466e-02 
1.034148441e-02 8.579557242e-03 6.818124951e-03 5.227326883e-03 3.890435470e-03 
2.819261598e-03 1.989428124e-03 1.364019903e-03 9.022439636e-04 5.602021515e-04 
2.992230408e-04 1.114566390e-04 1.946833441e-05 1.217974179e-06 4.184067484e-08 
1.236300466e-09 0.000000000e+00 0.000000000e+00 0.000000000e+00 0.000000000e+00 
0.000000000e+00 0.000000000e+00 0.000000000e+00 0.000000000e+00 0.000000000e+00 
0.000000000e+00 0.000000000e+00 0.000000000e+00 0.000000000e+00 0.000000000e+00 
0.000000000e+00 0.000000000e+00 0.000000000e+00 0.000000000e+00 0.000000000e+00 
0.000000000e+00 0.000000000e+00 0.000000000e+00 0.000000000e+00 0.000000000e+00 
0.000000000e+00 0.000000000e+00 0.000000000e+00 0.000000000e+00 0.000000000e+00 
0.000000000e+00 0.000000000e+00 0.000000000e+00 0.000000000e+00 0.000000000e+00 
0.000000000e+00 0.000000000e+00 0.000000000e+00 0.000000000e+00 0.000000000e+00 
0.000000000e+00 0.000000000e+00 0.000000000e+00 0.000000000e+00 0.000000000e+00 
0.000000000e+00 0.000000000e+00 0.000000000e+00 0.000000000e+00 0.000000000e+00 
0.000000000e+00 0.000000000e+00 0.000000000e+00 0.000000000e+00 0.000000000e+00 
0.000000000e+00 0.000000000e+00 0.000000000e+00 0.000000000e+00 0.000000000e+00 
0.000000000e+00 0.000000000e+00 0.000000000e+00 0.000000000e+00 0.000000000e+00 
0.000000000e+00 0.000000000e+00 0.000000000e+00 0.000000000e+00 0.000000000e+00 
0.000000000e+00 0.000000000e+00 0.000000000e+00 0.000000000e+00 0.000000000e+00 
0.000000000e+00 0.000000000e+00 0.000000000e+00 0.000000000e+00 0.000000000e+00 
0.000000000e+00 0.000000000e+00 0.000000000e+00 0.000000000e+00 0.000000000e+00 
0.000000000e+00 0.000000000e+00 0.000000000e+00 0.000000000e+00 0.000000000e+00 
massfraction-O
0.000000000e+00 0.000000000e+00 0.000000000e+00 0.000000000e+00 0.000000000e+00 
0.000000000e+00 0.000000000e+00 0.000000000e+00 0.000000000e+00 0.000000000e+00 
0.000000000e+00 0.000000000e+00 0.000000000e+00 0.000000000e+00 0.000000000e+00 
0.000000000e+00 0.000000000e+00 0.000000000e+00 0.000000000e+00 0.000000000e+00 
0.000000000e+00 0.000000000e+00 0.000000000e+00 0.000000000e+00 0.000000000e+00 
0.000000000e+00 0.000000000e+00 0.000000000e+00 0.000000000e+00 0.000000000e+00 
0.000000000e+00 0.000000000e+00 0.000000000e+00 0.000000000e+00 0.000000000e+00 
0.000000000e+00 1.256841290e-10 8.286856979e-10 5.115623250e-09 2.940951138e-08 
1.565266613e-07 7.664002013e-07 3.431058526e-06 1.396250744e-05 5.089805008e-05 
1.581168947e-04 3.891533323e-04 7.450864919e-04 1.184828649e-03 1.731506785e-03 
2.544023039e-03 4.009874651e-03 6.897065584e-03 1.241402841e-02 2.170000162e-02 
3.451807311e-02 4.831540487e-02 5.944611215e-02 6.537855827e-02 6.540984681e-02 
6.003875819e-02 5.029119860e-02 3.755983495e-02 2.388520446e-02 1.202124470e-02 
4.348766015e-03 1.065232780e-03 1.853142837e-04 2.950915828e-05 6.199048532e-06 
1.469417464e-06 3.363772147e-07 7.165888210e-08 1.417588521e-08 2.614458882e-09 
4.515450515e-10 0.000000000e+00 0.000000000e+00 0.000000000e+00 0.000000000e+00 
0.000000000e+00 0.000000000e+00 0.000000000e+00 0.000000000e+00 0.000000000e+00 
0.000000000e+00 0.000000000e+00 0.000000000e+00 0.000000000e+00 0.000000000e+00 
0.000000000e+00 0.000000000e+00 0.000000000e+00 0.000000000e+00 0.000000000e+00 
0.000000000e+00 0.000000000e+00 0.000000000e+00 0.000000000e+00 0.000000000e+00 
0.000000000e+00 0.000000000e+00 0.000000000e+00 0.000000000e+00 0.000000000e+00 
0.000000000e+00 0.000000000e+00 0.000000000e+00 0.000000000e+00 0.000000000e+00 
0.000000000e+00 0.000000000e+00 0.000000000e+00 0.000000000e+00 0.000000000e+00 
0.000000000e+00 0.000000000e+00 0.000000000e+00 0.000000000e+00 0.000000000e+00 
0.000000000e+00 0.000000000e+00 0.000000000e+00 0.000000000e+00 0.000000000e+00 
0.000000000e+00 0.000000000e+00 0.000000000e+00 0.000000000e+00 0.000000000e+00 
0.000000000e+00 0.000000000e+00 0.000000000e+00 0.000000000e+00 0.000000000e+00 
0.000000000e+00 0.000000000e+00 0.000000000e+00 0.000000000e+00 0.000000000e+00 
0.000000000e+00 0.000000000e+00 0.000000000e+00 0.000000000e+00 0.000000000e+00 
0.000000000e+00 0.000000000e+00 0.000000000e+00 0.000000000e+00 0.000000000e+00 
0.000000000e+00 0.000000000e+00 0.000000000e+00 0.000000000e+00 0.000000000e+00 
0.000000000e+00 0.000000000e+00 0.000000000e+00 0.000000000e+00 0.000000000e+00 
massfraction-O2
0.000000000e+00 0.000000000e+00 0.000000000e+00 0.000000000e+00 0.000000000e+00 
0.000000000e+00 0.000000000e+00 0.000000000e+00 0.000000000e+00 0.000000000e+00 
0.000000000e+00 0.000000000e+00 0.000000000e+00 0.000000000e+00 0.000000000e+00 
0.000000000e+00 0.000000000e+00 0.000000000e+00 0.000000000e+00 0.000000000e+00 
0.000000000e+00 0.000000000e+00 0.000000000e+00 0.000000000e+00 0.000000000e+00 
0.000000000e+00 0.000000000e+00 0.000000000e+00 0.000000000e+00 0.000000000e+00 
0.000000000e+00 0.000000000e+00 0.000000000e+00 0.000000000e+00 0.000000000e+00 
0.000000000e+00 3.887040392e-10 3.297395307e-09 2.610411113e-08 1.916904627e-07 
1.296327985e-06 7.999667121e-06 4.446789706e-05 2.182086421e-04 9.147815782e-04 
3.110266905e-03 8.088316758e-03 1.581364272e-02 2.432057200e-02 3.185316937e-02 
3.856753877e-02 4.642348173e-02 5.870633505e-02 8.028799579e-02 1.174143162e-01 
1.755037785e-01 2.551792451e-01 3.507219647e-01 4.532717622e-01 5.549807032e-01 
6.506908231e-01 7.374947933e-01 8.135585119e-01 8.770131536e-01 9.257119020e-01 
9.587075433e-01 9.786198360e-01 9.905330877e-01 9.969556756e-01 9.992816590e-01 
9.998495408e-01 9.999687650e-01 9.999930054e-01 9.999982143e-01 9.999994875e-01 
9.999998441e-01 9.999999523e-01 9.999999857e-01 9.999999959e-01 9.999999989e-01 
9.999999997e-01 9.999999999e-01 1.000000000e+00 1.000000000e+00 1.000000000e+00 
1.000000000e+00 1.000000000e+00 1.000000000e+00 1.000000000e+00 1.000000000e+00 
1.000000000e+00 1.000000000e+00 1.000000000e+00 1.000000000e+00 1.000000000e+00 
1.000000000e+00 1.000000000e+00 1.000000000e+00 1.000000000e+00 1.000000000e+00 
1.000000000e+00 1.000000000e+00 1.000000000e+00 1.000000000e+00 1.000000000e+00 
1.000000000e+00 1.000000000e+00 1.000000000e+00 1.000000000e+00 1.000000000e+00 
1.000000000e+00 1.000000000e+00 1.000000000e+00 1.000000000e+00 1.000000000e+00 
1.000000000e+00 1.000000000e+00 1.000000000e+00 1.000000000e+00 1.000000000e+00 
1.000000000e+00 1.000000000e+00 1.000000000e+00 1.000000000e+00 1.000000000e+00 
1.000000000e+00 1.000000000e+00 1.000000000e+00 1.000000000e+00 1.000000000e+00 
1.000000000e+00 1.000000000e+00 1.000000000e+00 1.000000000e+00 1.000000000e+00 
1.000000000e+00 1.000000000e+00 1.000000000e+00 1.000000000e+00 1.000000000e+00 
1.000000000e+00 1.000000000e+00 1.000000000e+00 1.000000000e+00 1.000000000e+00 
1.000000000e+00 1.000000000e+00 1.000000000e+00 1.000000000e+00 1.000000000e+00 
1.000000000e+00 1.000000000e+00 1.000000000e+00 1.000000000e+00 1.000000000e+00 
1.000000000e+00 1.000000000e+00 1.000000000e+00 1.000000000e+00 1.000000000e+00 
massfraction-OH
0.000000000e+00 0.000000000e+00 0.000000000e+00 0.000000000e+00 0.000000000e+00 
0.000000000e+00 0.000000000e+00 0.000000000e+00 0.000000000e+00 0.000000000e+00 
0.000000000e+00 0.000000000e+00 0.000000000e+00 0.000000000e+00 0.000000000e+00 
0.000000000e+00 0.000000000e+00 0.000000000e+00 0.000000000e+00 0.000000000e+00 
0.000000000e+00 0.000000000e+00 0.000000000e+00 0.000000000e+00 0.000000000e+00 
0.000000000e+00 0.000000000e+00 0.000000000e+00 0.000000000e+00 0.000000000e+00 
0.000000000e+00 0.000000000e+00 0.000000000e+00 0.000000000e+00 0.000000000e+00 
0.000000000e+00 1.190881749e-10 8.430401506e-10 5.615625521e-09 3.503870222e-08 
2.036893364e-07 1.094474424e-06 5.345247510e-06 2.281015411e-05 7.936113405e-05 
2.085256410e-04 3.845901882e-04 5.057327676e-04 6.166070520e-04 1.046936753e-03 
2.498714641e-03 6.223559776e-03 1.388582054e-02 2.675171509e-02 4.399015483e-02 
6.146644162e-02 7.349448047e-02 7.670518040e-02 7.151005213e-02 6.052898406e-02 
4.682054756e-02 3.307256343e-02 2.130479861e-02 1.261353888e-02 7.074373773e-03 
4.030797530e-03 2.239544673e-03 7.367791353e-04 1.160680456e-04 2.137513667e-05 
4.837941911e-06 1.085918477e-06 2.276567816e-07 4.432461240e-08 8.043463451e-09 
1.366509060e-09 2.182482026e-10 0.000000000e+00 0.000000000e+00 0.000000000e+00 
0.000000000e+00 0.000000000e+00 0.000000000e+00 0.000000000e+00 0.000000000e+00 
0.000000000e+00 0.000000000e+00 0.000000000e+00 0.000000000e+00 0.000000000e+00 
0.000000000e+00 0.000000000e+00 0.000000000e+00 0.000000000e+00 0.000000000e+00 
0.000000000e+00 0.000000000e+00 0.000000000e+00 0.000000000e+00 0.000000000e+00 
0.000000000e+00 0.000000000e+00 0.000000000e+00 0.000000000e+00 0.000000000e+00 
0.000000000e+00 0.000000000e+00 0.000000000e+00 0.000000000e+00 0.000000000e+00 
0.000000000e+00 0.000000000e+00 0.000000000e+00 0.000000000e+00 0.000000000e+00 
0.000000000e+00 0.000000000e+00 0.000000000e+00 0.000000000e+00 0.000000000e+00 
0.000000000e+00 0.000000000e+00 0.000000000e+00 0.000000000e+00 0.000000000e+00 
0.000000000e+00 0.000000000e+00 0.000000000e+00 0.000000000e+00 0.000000000e+00 
0.000000000e+00 0.000000000e+00 0.000000000e+00 0.000000000e+00 0.000000000e+00 
0.000000000e+00 0.000000000e+00 0.000000000e+00 0.000000000e+00 0.000000000e+00 
0.000000000e+00 0.000000000e+00 0.000000000e+00 0.000000000e+00 0.000000000e+00 
0.000000000e+00 0.000000000e+00 0.000000000e+00 0.000000000e+00 0.000000000e+00 
0.000000000e+00 0.000000000e+00 0.000000000e+00 0.000000000e+00 0.000000000e+00 
0.000000000e+00 0.000000000e+00 0.000000000e+00 0.000000000e+00 0.000000000e+00 
massfraction-HO2
0.000000000e+00 0.000000000e+00 0.000000000e+00 0.000000000e+00 0.000000000e+00 
0.000000000e+00 0.000000000e+00 0.000000000e+00 0.000000000e+00 0.000000000e+00 
0.000000000e+00 0.000000000e+00 0.000000000e+00 0.000000000e+00 0.000000000e+00 
0.000000000e+00 0.000000000e+00 0.000000000e+00 0.000000000e+00 0.000000000e+00 
0.000000000e+00 0.000000000e+00 0.000000000e+00 0.000000000e+00 0.000000000e+00 
0.000000000e+00 0.000000000e+00 0.000000000e+00 0.000000000e+00 0.000000000e+00 
0.000000000e+00 0.000000000e+00 0.000000000e+00 0.000000000e+00 0.000000000e+00 
0.000000000e+00 0.000000000e+00 0.000000000e+00 4.894594222e-10 3.593544117e-09 
2.423406610e-08 1.478448654e-07 7.913741504e-07 3.497724020e-06 1.167669552e-05 
2.758074784e-05 4.653843178e-05 6.006203717e-05 6.452941828e-05 6.230452875e-05 
5.765026952e-05 5.409847947e-05 5.407299787e-05 5.887648179e-05 6.858864024e-05 
8.135761631e-05 9.369154379e-05 1.027215920e-04 1.080928619e-04 1.116860249e-04 
1.165173869e-04 1.263766923e-04 1.469077873e-04 1.888567355e-04 2.737650706e-04 
4.326582417e-04 6.548746265e-04 7.717628529e-04 4.351133620e-04 1.013054022e-04 
1.812846907e-05 2.907681615e-06 4.262605362e-07 5.751553767e-08 7.187435353e-09 
8.364881077e-10 0.000000000e+00 0.000000000e+00 0.000000000e+00 0.000000000e+00 
0.000000000e+00 0.000000000e+00 0.000000000e+00 0.000000000e+00 0.000000000e+00 
0.000000000e+00 0.000000000e+00 0.000000000e+00 0.000000000e+00 0.000000000e+00 
0.000000000e+00 0.000000000e+00 0.000000000e+00 0.000000000e+00 0.000000000e+00 
0.000000000e+00 0.000000000e+00 0.000000000e+00 0.000000000e+00 0.000000000e+00 
0.000000000e+00 0.000000000e+00 0.000000000e+00 0.000000000e+00 0.000000000e+00 
0.000000000e+00 0.000000000e+00 0.000000000e+00 0.000000000e+00 0.000000000e+00 
0.000000000e+00 0.000000000e+00 0.000000000e+00 0.000000000e+00 0.000000000e+00 
0.000000000e+00 0.000000000e+00 0.000000000e+00 0.000000000e+00 0.000000000e+00 
0.000000000e+00 0.000000000e+00 0.000000000e+00 0.000000000e+00 0.000000000e+00 
0.000000000e+00 0.000000000e+00 0.000000000e+00 0.000000000e+00 0.000000000e+00 
0.000000000e+00 0.000000000e+00 0.000000000e+00 0.000000000e+00 0.000000000e+00 
0.000000000e+00 0.000000000e+00 0.000000000e+00 0.000000000e+00 0.000000000e+00 
0.000000000e+00 0.000000000e+00 0.000000000e+00 0.000000000e+00 0.000000000e+00 
0.000000000e+00 0.000000000e+00 0.000000000e+00 0.000000000e+00 0.000000000e+00 
0.000000000e+00 0.000000000e+00 0.000000000e+00 0.000000000e+00 0.000000000e+00 
0.000000000e+00 0.000000000e+00 0.000000000e+00 0.000000000e+00 0.000000000e+00 
massfraction-H2O
0.000000000e+00 0.000000000e+00 0.000000000e+00 0.000000000e+00 0.000000000e+00 
0.000000000e+00 0.000000000e+00 0.000000000e+00 0.000000000e+00 0.000000000e+00 
0.000000000e+00 0.000000000e+00 0.000000000e+00 0.000000000e+00 0.000000000e+00 
0.000000000e+00 0.000000000e+00 0.000000000e+00 0.000000000e+00 0.000000000e+00 
0.000000000e+00 0.000000000e+00 0.000000000e+00 0.000000000e+00 0.000000000e+00 
0.000000000e+00 0.000000000e+00 0.000000000e+00 0.000000000e+00 0.000000000e+00 
0.000000000e+00 0.000000000e+00 0.000000000e+00 0.000000000e+00 3.211638259e-10 
2.928351257e-09 2.517711152e-08 2.031774779e-07 1.530927930e-06 1.070444038e-05 
6.891449867e-05 4.038786350e-04 2.112734498e-03 9.515606953e-03 3.492400400e-02 
9.918713200e-02 2.147434589e-01 3.644540362e-01 5.123462655e-01 6.331026158e-01 
7.200986827e-01 7.755777077e-01 8.015838534e-01 7.965335128e-01 7.579402656e-01 
6.875466704e-01 5.948178142e-01 4.938412615e-01 3.966980575e-01 3.101627720e-01 
2.364248029e-01 1.750730111e-01 1.247998004e-01 8.453225072e-02 5.372633715e-02 
3.168846531e-02 1.692015284e-02 7.484918049e-03 2.321902324e-03 5.321241678e-04 
1.034218982e-04 1.801538370e-05 2.864641797e-06 4.195976131e-07 5.698619773e-08 
7.215165383e-09 8.556932083e-10 0.000000000e+00 0.000000000e+00 0.000000000e+00 
0.000000000e+00 0.000000000e+00 0.000000000e+00 0.000000000e+00 0.000000000e+00 
0.000000000e+00 0.000000000e+00 0.000000000e+00 0.000000000e+00 0.000000000e+00 
0.000000000e+00 0.000000000e+00 0.000000000e+00 0.000000000e+00 0.000000000e+00 
0.000000000e+00 0.000000000e+00 0.000000000e+00 0.000000000e+00 0.000000000e+00 
0.000000000e+00 0.000000000e+00 0.000000000e+00 0.000000000e+00 0.000000000e+00 
0.000000000e+00 0.000000000e+00 0.000000000e+00 0.000000000e+00 0.000000000e+00 
0.000000000e+00 0.000000000e+00 0.000000000e+00 0.000000000e+00 0.000000000e+00 
0.000000000e+00 0.000000000e+00 0.000000000e+00 0.000000000e+00 0.000000000e+00 
0.000000000e+00 0.000000000e+00 0.000000000e+00 0.000000000e+00 0.000000000e+00 
0.000000000e+00 0.000000000e+00 0.000000000e+00 0.000000000e+00 0.000000000e+00 
0.000000000e+00 0.000000000e+00 0.000000000e+00 0.000000000e+00 0.000000000e+00 
0.000000000e+00 0.000000000e+00 0.000000000e+00 0.000000000e+00 0.000000000e+00 
0.000000000e+00 0.000000000e+00 0.000000000e+00 0.000000000e+00 0.000000000e+00 
0.000000000e+00 0.000000000e+00 0.000000000e+00 0.000000000e+00 0.000000000e+00 
0.000000000e+00 0.000000000e+00 0.000000000e+00 0.000000000e+00 0.000000000e+00 
0.000000000e+00 0.000000000e+00 0.000000000e+00 0.000000000e+00 0.000000000e+00 
massfraction-H2O2
0.000000000e+00 0.000000000e+00 0.000000000e+00 0.000000000e+00 0.000000000e+00 
0.000000000e+00 0.000000000e+00 0.000000000e+00 0.000000000e+00 0.000000000e+00 
0.000000000e+00 0.000000000e+00 0.000000000e+00 0.000000000e+00 0.000000000e+00 
0.000000000e+00 0.000000000e+00 0.000000000e+00 0.000000000e+00 0.000000000e+00 
0.000000000e+00 0.000000000e+00 0.000000000e+00 0.000000000e+00 0.000000000e+00 
0.000000000e+00 0.000000000e+00 0.000000000e+00 0.000000000e+00 0.000000000e+00 
0.000000000e+00 0.000000000e+00 0.000000000e+00 0.000000000e+00 0.000000000e+00 
0.000000000e+00 0.000000000e+00 0.000000000e+00 0.000000000e+00 0.000000000e+00 
5.613180540e-10 3.450564269e-09 1.883298063e-08 8.647760094e-08 2.977358026e-07 
6.487366974e-07 7.888532003e-07 5.775527910e-07 3.961914265e-07 4.954305653e-07 
1.074565461e-06 2.683815931e-06 6.297289079e-06 1.274423286e-05 2.140032983e-05 
2.972522171e-05 3.494137517e-05 3.616107511e-05 3.438468152e-05 3.107217252e-05 
2.729883972e-05 2.383167066e-05 2.178333715e-05 2.392171391e-05 3.617983388e-05 
6.350155018e-05 9.226559134e-05 8.488618031e-05 4.249192250e-05 1.061481341e-05 
1.957256847e-06 3.147643624e-07 4.592974994e-08 6.159638574e-09 7.648540162e-10 
0.000000000e+00 0.000000000e+00 0.000000000e+00 0.000000000e+00 0.000000000e+00 
0.000000000e+00 0.000000000e+00 0.000000000e+00 0.000000000e+00 0.000000000e+00 
0.000000000e+00 0.000000000e+00 0.000000000e+00 0.000000000e+00 0.000000000e+00 
0.000000000e+00 0.000000000e+00 0.000000000e+00 0.000000000e+00 0.000000000e+00 
0.000000000e+00 0.000000000e+00 0.000000000e+00 0.000000000e+00 0.000000000e+00 
0.000000000e+00 0.000000000e+00 0.000000000e+00 0.000000000e+00 0.000000000e+00 
0.000000000e+00 0.000000000e+00 0.000000000e+00 0.000000000e+00 0.000000000e+00 
0.000000000e+00 0.000000000e+00 0.000000000e+00 0.000000000e+00 0.000000000e+00 
0.000000000e+00 0.000000000e+00 0.000000000e+00 0.000000000e+00 0.000000000e+00 
0.000000000e+00 0.000000000e+00 0.000000000e+00 0.000000000e+00 0.000000000e+00 
0.000000000e+00 0.000000000e+00 0.000000000e+00 0.000000000e+00 0.000000000e+00 
0.000000000e+00 0.000000000e+00 0.000000000e+00 0.000000000e+00 0.000000000e+00 
0.000000000e+00 0.000000000e+00 0.000000000e+00 0.000000000e+00 0.000000000e+00 
0.000000000e+00 0.000000000e+00 0.000000000e+00 0.000000000e+00 0.000000000e+00 
0.000000000e+00 0.000000000e+00 0.000000000e+00 0.000000000e+00 0.000000000e+00 
0.000000000e+00 0.000000000e+00 0.000000000e+00 0.000000000e+00 0.000000000e+00 
0.000000000e+00 0.000000000e+00 0.000000000e+00 0.000000000e+00 0.000000000e+00 
PREMIX_CDOT
0.000000000e+00 1.597519905e-19 1.550973024e-19 1.505614303e-19 1.461370894e-19 
1.418174864e-19 1.375962743e-19 1.334675119e-19 1.294256273e-19 1.254653841e-19 
1.215818524e-19 1.177703808e-19 1.140265721e-19 1.103462602e-19 1.067254896e-19 
1.031604960e-19 9.964768880e-20 9.618363846e-20 9.276511537e-20 8.938979138e-20 
8.606549569e-20 8.292755642e-20 8.169033377e-20 1.031613031e-19 3.930493615e-19 
3.773159083e-18 4.170257426e-17 4.538471686e-16 4.779774235e-15 4.840017298e-14 
4.660813306e-13 4.158963275e-12 3.197934213e-11 1.559134498e-10 -1.054939610e-09 
-4.933981119e-08 -1.015096053e-06 -1.627233334e-05 -2.216217609e-04 -2.613028217e-03 
-2.653531435e-02 -2.262501753e-01 -1.524370173e+00 -7.168719234e+00 -1.921239982e+01 
-2.090953417e+01 1.304484020e+01 7.643462607e+01 1.557204479e+02 3.083858760e+02 
7.260018966e+02 1.732006240e+03 3.692833401e+03 6.796621624e+03 1.057805282e+04 
1.365868402e+04 1.475638690e+04 1.402357807e+04 1.251876177e+04 1.096071708e+04 
9.458448253e+03 7.781465121e+03 5.611574827e+03 2.939850983e+03 5.694127252e+02 
-2.161912873e+02 3.577501768e+02 4.337666666e+02 1.209039554e+02 6.406792368e+00 
4.929334384e-02 -3.218708808e-03 -1.179654858e-04 -5.023351420e-08 1.877686407e-07 
1.217260457e-08 5.489163320e-10 2.111688012e-11 7.474464698e-13 2.524091238e-14 
8.266168725e-16 2.638498477e-17 8.205669910e-19 2.482337328e-20 7.298556064e-22 
2.087069240e-23 5.816453268e-25 1.585193627e-26 4.238716936e-28 1.116362246e-29 
2.912676214e-31 7.512040987e-33 1.991399835e-34 4.865217347e-36 1.488179692e-37 
3.749733635e-39 4.917134195e-41 4.600708333e-42 2.045906805e-43 2.144496740e-45 
4.986456913e-47 1.521985288e-48 -1.496105705e-49 -9.156433626e-51 -9.950423311e-52 
9.533877055e-53 1.413292870e-54 1.339889632e-56 -8.183560370e-57 -4.326438302e-59 
-1.469482785e-60 -2.188332137e-61 -1.264070383e-63 5.382377301e-65 -4.240939023e-66 
3.685613989e-67 5.248094466e-68 4.424621414e-69 4.521582664e-70 4.945568065e-71 
5.695401886e-72 6.434916883e-73 7.408156275e-74 9.708770329e-75 2.513021462e-75 
1.716236374e-75 1.628817245e-75 1.619311011e-75 1.618286042e-75 1.618176432e-75 
1.618164802e-75 1.618163578e-75 1.618163450e-75 1.618163436e-75 1.618163435e-75 
1.618163435e-75 1.618163435e-75 1.618163435e-75 1.618163435e-75 1.618163435e-75 
1.618163435e-75 1.618163435e-75 1.618163435e-75 1.618163435e-75 1.618163435e-75 
1.618163435e-75 1.618163435e-75 1.618163435e-75 1.618163435e-75 1.618163435e-75 
1.618163435e-75 1.618163435e-75 1.618163435e-75 1.618163435e-75 1.618163435e-75 
1.618163435e-75 1.618163435e-75 1.618163435e-75 1.618163435e-75 0.000000000e+00 

