HEADER
PREMIX_CHI 0.0000
C  0.150484
NUMOFSPECIES  13
GRIDPOINTS 160
PRESSURE 101325.00
BODY
MIXTURE_FRACTION
1.000000000e+00 9.999999990e-01 1.000000000e+00 9.999999990e-01 1.000000000e+00 
9.999999990e-01 1.000000000e+00 9.999999990e-01 1.000000000e+00 9.999999990e-01 
1.000000000e+00 9.999999990e-01 1.000000000e+00 9.999999990e-01 1.000000000e+00 
9.999999990e-01 1.000000000e+00 9.999999990e-01 1.000000000e+00 1.000000000e+00 
1.000000000e+00 1.000000000e+00 1.000000000e+00 1.000000000e+00 1.000000000e+00 
1.000000000e+00 1.000000000e+00 9.999999998e-01 9.999999993e-01 9.999999965e-01 
9.999999842e-01 9.999999305e-01 9.999997048e-01 9.999987934e-01 9.999952626e-01 
9.999821773e-01 9.999359303e-01 9.997806330e-01 9.992874288e-01 9.978151926e-01 
9.937217175e-01 9.832667328e-01 9.592627290e-01 9.112476845e-01 8.306590226e-01 
7.204530210e-01 5.976657720e-01 4.820778031e-01 3.849348718e-01 3.082571306e-01 
2.490976584e-01 2.033678363e-01 1.676509081e-01 1.393488789e-01 1.165450903e-01 
9.783574835e-02 8.219953253e-02 6.890987220e-02 5.747183002e-02 4.756177485e-02 
3.896218193e-02 3.150696995e-02 2.505870384e-02 1.951337805e-02 1.480222522e-02 
1.088106285e-02 7.721168427e-03 5.288307584e-03 3.509498701e-03 2.266885279e-03 
1.428683607e-03 8.790161472e-04 5.278429146e-04 3.092610675e-04 1.767689514e-04 
9.857989184e-05 5.365233330e-05 2.850850783e-05 1.479604101e-05 7.504455812e-06 
3.721530219e-06 1.805432363e-06 8.572863739e-07 3.986394518e-07 1.816204308e-07 
8.111380670e-08 3.552883986e-08 1.526963918e-08 6.442260019e-09 2.669344619e-09 
1.086721510e-09 4.348752150e-10 1.711294646e-10 6.624837221e-11 2.523993302e-11 
9.467426322e-12 3.497604211e-12 1.273106824e-12 4.567423810e-13 1.615635561e-13 
5.636780514e-14 1.940355339e-14 6.592309110e-15 2.211264941e-15 7.325358333e-16 
2.397381162e-16 7.753505043e-17 2.478802880e-17 7.836039594e-18 2.450120567e-18 
7.579451832e-19 2.320432018e-19 7.032339079e-20 2.110318084e-20 6.272325898e-21 
1.846951662e-21 5.389402330e-22 1.558813510e-22 4.470179392e-23 1.271277151e-23 
3.586293764e-24 1.003797874e-24 2.788332886e-25 7.688520927e-26 2.104948623e-26 
5.723217581e-27 1.545743785e-27 4.147922587e-28 1.106155131e-28 2.932169802e-29 
7.727595557e-30 2.025235223e-30 5.279285883e-31 1.369101093e-31 3.533033349e-32 
9.074075285e-33 2.320007032e-33 5.906058213e-34 1.497325611e-34 3.781228520e-35 
9.513388508e-36 2.385119604e-36 5.959972019e-37 1.484647914e-37 3.687513038e-38 
9.133973769e-39 2.256768258e-39 5.562880766e-40 1.368303286e-40 3.359067225e-41 
8.231745453e-42 2.014110591e-42 4.921150832e-43 1.200842699e-43 2.925930910e-44 
7.109218222e-45 1.711963974e-45 3.977070030e-46 7.783174813e-47 0.000000000e+00 
PROGRESS VARIABLE
6.795573994e-20 6.797712756e-20 6.802250894e-20 6.815011184e-20 6.854853167e-20 
6.982824167e-20 7.395881601e-20 8.726595567e-20 1.299562258e-19 2.661768900e-19 
6.981492897e-19 2.058431318e-18 6.308839512e-18 1.947723961e-17 5.989888307e-17 
1.827463068e-16 5.521617612e-16 1.650806411e-15 4.881772632e-15 1.428256520e-14 
4.139218921e-14 1.191938227e-13 3.432114419e-13 9.996219603e-13 2.999092084e-12 
9.489099203e-12 3.233217102e-11 1.193917779e-10 4.713281589e-10 1.938061812e-09 
8.083071452e-09 3.349919138e-08 1.360508929e-07 5.365784102e-07 2.042466837e-06 
7.469148259e-06 2.613873466e-05 8.720410427e-05 2.761694324e-04 8.257718176e-04 
2.313707613e-03 6.006316327e-03 1.420331770e-02 2.989062579e-02 5.457525453e-02 
8.509415127e-02 1.140272474e-01 1.350545652e-01 1.465920638e-01 1.504842662e-01 
1.493707406e-01 1.452407568e-01 1.393049793e-01 1.321873012e-01 1.240729700e-01 
1.148335207e-01 1.041944708e-01 9.198204128e-02 7.838639538e-02 6.407229659e-02 
5.000465101e-02 3.709241234e-02 2.594683924e-02 1.690059049e-02 1.009966229e-02 
5.475005655e-03 2.677437573e-03 1.181734276e-03 4.754375665e-04 1.770369220e-04 
6.179870928e-05 2.038215270e-05 6.379669995e-06 1.900356606e-06 5.398796576e-07 
1.465632653e-07 3.809108694e-08 9.494432981e-09 2.273585295e-09 5.239232888e-10 
1.163652705e-10 2.494776418e-11 5.170315817e-12 1.037241955e-12 2.016984155e-13 
3.806752468e-14 6.982384976e-15 1.246304933e-15 2.167754108e-16 3.679501899e-17 
6.104379842e-18 9.915631329e-19 1.580059436e-19 2.475518282e-20 3.822957497e-21 
5.836018921e-22 8.834650724e-23 1.330675109e-23 2.000864807e-24 3.012709573e-25 
4.553643648e-26 6.919959088e-27 1.057815598e-27 1.625701772e-28 2.508319261e-29 
3.877715861e-30 5.993139288e-31 9.239838201e-32 1.418227577e-32 2.163592219e-33 
3.276258496e-34 4.919505536e-35 7.319766147e-36 1.078700790e-36 1.574024148e-37 
2.273900972e-38 3.252174317e-39 4.605187875e-40 6.457262271e-41 8.967120002e-42 
1.233533690e-42 1.681288997e-43 2.271086240e-44 3.041135726e-45 4.037966414e-46 
5.317771769e-47 6.947888735e-48 9.008414362e-49 1.159396611e-49 1.481559434e-50 
1.880285913e-51 2.370608876e-52 2.969884351e-53 3.698061699e-54 4.577981629e-55 
5.635706886e-56 6.900885834e-57 8.407091182e-58 1.019148105e-58 1.228716152e-59 
1.464192531e-60 1.629993844e-61 7.211554314e-63 -1.136808738e-62 -1.357639812e-62 
-1.383856820e-62 -1.387019295e-62 -1.387459320e-62 -1.387578639e-62 -1.387660112e-62 
-1.387736976e-62 -1.387813140e-62 -1.387889079e-62 -1.387964868e-62 -1.388040581e-62 
-1.388117574e-62 -1.388232337e-62 -1.389381197e-62 -1.421296585e-62 0.000000000e+00 
TEMPERATURE
3.000000000e+02 3.000000000e+02 3.000000000e+02 3.000000000e+02 3.000000000e+02 
3.000000000e+02 3.000000000e+02 3.000000000e+02 3.000000000e+02 3.000000000e+02 
3.000000000e+02 3.000000000e+02 3.000000000e+02 3.000000000e+02 3.000000000e+02 
3.000000000e+02 3.000000000e+02 3.000000000e+02 3.000000000e+02 3.000000000e+02 
3.000000000e+02 3.000000000e+02 3.000000001e+02 3.000000004e+02 3.000000012e+02 
3.000000037e+02 3.000000118e+02 3.000000364e+02 3.000001096e+02 3.000003221e+02 
3.000009218e+02 3.000025663e+02 3.000069398e+02 3.000182013e+02 3.000462307e+02 
3.001135356e+02 3.002691310e+02 3.006146326e+02 3.013495250e+02 3.028419572e+02 
3.057241311e+02 3.109917696e+02 3.200552525e+02 3.346664005e+02 3.566744382e+02 
3.876660428e+02 4.286259226e+02 4.796778547e+02 5.398690832e+02 6.070977675e+02 
6.790058478e+02 7.517493704e+02 8.217575338e+02 8.857791887e+02 9.407519086e+02 
9.836565188e+02 1.011478262e+03 1.021353625e+03 1.010913269e+03 9.787265395e+02 
9.247143258e+02 8.505544136e+02 7.603273268e+02 6.612200627e+02 5.628305172e+02 
4.745812584e+02 4.038181178e+02 3.544044271e+02 3.250643821e+02 3.102742057e+02 
3.038147082e+02 3.013037957e+02 3.004152307e+02 3.001243156e+02 3.000352137e+02 
3.000094830e+02 3.000024369e+02 3.000005994e+02 3.000001414e+02 3.000000321e+02 
3.000000070e+02 3.000000015e+02 3.000000003e+02 3.000000001e+02 3.000000000e+02 
3.000000000e+02 3.000000000e+02 3.000000000e+02 3.000000000e+02 3.000000000e+02 
3.000000000e+02 3.000000000e+02 3.000000000e+02 3.000000000e+02 3.000000000e+02 
3.000000000e+02 3.000000000e+02 3.000000000e+02 3.000000000e+02 3.000000000e+02 
3.000000000e+02 3.000000000e+02 3.000000000e+02 3.000000000e+02 3.000000000e+02 
3.000000000e+02 3.000000000e+02 3.000000000e+02 3.000000000e+02 3.000000000e+02 
3.000000000e+02 3.000000000e+02 3.000000000e+02 3.000000000e+02 3.000000000e+02 
3.000000000e+02 3.000000000e+02 3.000000000e+02 3.000000000e+02 3.000000000e+02 
3.000000000e+02 3.000000000e+02 3.000000000e+02 3.000000000e+02 3.000000000e+02 
3.000000000e+02 3.000000000e+02 3.000000000e+02 3.000000000e+02 3.000000000e+02 
3.000000000e+02 3.000000000e+02 3.000000000e+02 3.000000000e+02 3.000000000e+02 
3.000000000e+02 3.000000000e+02 3.000000000e+02 3.000000000e+02 3.000000000e+02 
3.000000000e+02 3.000000000e+02 3.000000000e+02 3.000000000e+02 3.000000000e+02 
3.000000000e+02 3.000000000e+02 3.000000000e+02 3.000000000e+02 3.000000000e+02 
3.000000000e+02 3.000000000e+02 3.000000000e+02 3.000000000e+02 3.000000000e+02 
3.000000000e+02 3.000000000e+02 3.000000000e+02 3.000000000e+02 3.000000000e+02 
Cp
1.432478610e+04 1.432478610e+04 1.432478610e+04 1.432478610e+04 1.432478610e+04 
1.432478610e+04 1.432478610e+04 1.432478610e+04 1.432478610e+04 1.432478610e+04 
1.432478610e+04 1.432478610e+04 1.432478610e+04 1.432478610e+04 1.432478610e+04 
1.432478610e+04 1.432478610e+04 1.432478610e+04 1.432478610e+04 1.432478610e+04 
1.432478610e+04 1.432478610e+04 1.432478610e+04 1.432478611e+04 1.432478611e+04 
1.432478611e+04 1.432478612e+04 1.432478616e+04 1.432478626e+04 1.432478653e+04 
1.432478724e+04 1.432478893e+04 1.432479227e+04 1.432479636e+04 1.432478932e+04 
1.432470961e+04 1.432430730e+04 1.432269711e+04 1.431705252e+04 1.429917384e+04 
1.424758922e+04 1.411268143e+04 1.379813322e+04 1.316258673e+04 1.208902790e+04 
1.061548001e+04 8.971322058e+03 7.424625480e+03 6.128749940e+03 5.112151928e+03 
4.335685141e+03 3.743372937e+03 3.287252268e+03 2.929674330e+03 2.642186880e+03 
2.404006291e+03 2.200714335e+03 2.023107100e+03 1.865631067e+03 1.724884008e+03 
1.597994828e+03 1.482007729e+03 1.374609667e+03 1.275396308e+03 1.186176142e+03 
1.109655622e+03 1.048029660e+03 1.002055787e+03 9.703453203e+02 9.497495925e+02 
9.368005831e+02 9.287677668e+02 9.238250965e+02 9.208177822e+02 9.190178899e+02 
9.179627620e+02 9.173585175e+02 9.170209034e+02 9.168369246e+02 9.167391293e+02 
9.166884007e+02 9.166627079e+02 9.166499947e+02 9.166438451e+02 9.166409352e+02 
9.166395876e+02 9.166389764e+02 9.166387048e+02 9.166385864e+02 9.166385358e+02 
9.166385146e+02 9.166385059e+02 9.166385023e+02 9.166385009e+02 9.166385004e+02 
9.166385002e+02 9.166385001e+02 9.166385001e+02 9.166385000e+02 9.166385000e+02 
9.166385000e+02 9.166385000e+02 9.166385000e+02 9.166385000e+02 9.166385000e+02 
9.166385000e+02 9.166385000e+02 9.166385000e+02 9.166385000e+02 9.166385000e+02 
9.166385000e+02 9.166385000e+02 9.166385000e+02 9.166385000e+02 9.166385000e+02 
9.166385000e+02 9.166385000e+02 9.166385000e+02 9.166385000e+02 9.166385000e+02 
9.166385000e+02 9.166385000e+02 9.166385000e+02 9.166385000e+02 9.166385000e+02 
9.166385000e+02 9.166385000e+02 9.166385000e+02 9.166385000e+02 9.166385000e+02 
9.166385000e+02 9.166385000e+02 9.166385000e+02 9.166385000e+02 9.166385000e+02 
9.166385000e+02 9.166385000e+02 9.166385000e+02 9.166385000e+02 9.166385000e+02 
9.166385000e+02 9.166385000e+02 9.166385000e+02 9.166385000e+02 9.166385000e+02 
9.166385000e+02 9.166385000e+02 9.166385000e+02 9.166385000e+02 9.166385000e+02 
9.166385000e+02 9.166385000e+02 9.166385000e+02 9.166385000e+02 9.166385000e+02 
9.166385000e+02 9.166385000e+02 9.166385000e+02 9.166385000e+02 9.166385000e+02 
MMW
2.015880000e+00 2.015880000e+00 2.015880000e+00 2.015880000e+00 2.015880000e+00 
2.015880000e+00 2.015880000e+00 2.015880000e+00 2.015880000e+00 2.015880000e+00 
2.015880000e+00 2.015880000e+00 2.015880000e+00 2.015880000e+00 2.015880000e+00 
2.015880000e+00 2.015880000e+00 2.015880000e+00 2.015880000e+00 2.015880000e+00 
2.015880000e+00 2.015880000e+00 2.015880000e+00 2.015880000e+00 2.015880000e+00 
2.015880000e+00 2.015880000e+00 2.015880000e+00 2.015880001e+00 2.015880006e+00 
2.015880029e+00 2.015880132e+00 2.015880566e+00 2.015882324e+00 2.015889146e+00 
2.015914437e+00 2.016003824e+00 2.016303958e+00 2.017257351e+00 2.020107290e+00 
2.028069747e+00 2.048682280e+00 2.097597315e+00 2.202708545e+00 2.404718586e+00 
2.748875610e+00 3.268849333e+00 3.974300302e+00 4.850796557e+00 5.868151586e+00 
6.995292490e+00 8.208674273e+00 9.487898203e+00 1.081624703e+01 1.218126301e+01 
1.357497529e+01 1.499310916e+01 1.643286747e+01 1.788986466e+01 1.935602347e+01 
2.082017221e+01 2.227066658e+01 2.369654756e+01 2.508456206e+01 2.641429907e+01 
2.765466037e+01 2.876275403e+01 2.969385869e+01 3.042340153e+01 3.095975078e+01 
3.133465545e+01 3.158640586e+01 3.174971695e+01 3.185234023e+01 3.191490608e+01 
3.195195568e+01 3.197328668e+01 3.198523797e+01 3.199175974e+01 3.199522882e+01 
3.199702891e+01 3.199794076e+01 3.199839200e+01 3.199861028e+01 3.199871356e+01 
3.199876140e+01 3.199878309e+01 3.199879273e+01 3.199879693e+01 3.199879873e+01 
3.199879948e+01 3.199879979e+01 3.199879992e+01 3.199879997e+01 3.199879999e+01 
3.199880000e+01 3.199880000e+01 3.199880000e+01 3.199880000e+01 3.199880000e+01 
3.199880000e+01 3.199880000e+01 3.199880000e+01 3.199880000e+01 3.199880000e+01 
3.199880000e+01 3.199880000e+01 3.199880000e+01 3.199880000e+01 3.199880000e+01 
3.199880000e+01 3.199880000e+01 3.199880000e+01 3.199880000e+01 3.199880000e+01 
3.199880000e+01 3.199880000e+01 3.199880000e+01 3.199880000e+01 3.199880000e+01 
3.199880000e+01 3.199880000e+01 3.199880000e+01 3.199880000e+01 3.199880000e+01 
3.199880000e+01 3.199880000e+01 3.199880000e+01 3.199880000e+01 3.199880000e+01 
3.199880000e+01 3.199880000e+01 3.199880000e+01 3.199880000e+01 3.199880000e+01 
3.199880000e+01 3.199880000e+01 3.199880000e+01 3.199880000e+01 3.199880000e+01 
3.199880000e+01 3.199880000e+01 3.199880000e+01 3.199880000e+01 3.199880000e+01 
3.199880000e+01 3.199880000e+01 3.199880000e+01 3.199880000e+01 3.199880000e+01 
3.199880000e+01 3.199880000e+01 3.199880000e+01 3.199880000e+01 3.199880000e+01 
3.199880000e+01 3.199880000e+01 3.199880000e+01 3.199880000e+01 3.199880000e+01 
rho
8.188905810e-02 8.188905810e-02 8.188905810e-02 8.188905810e-02 8.188905810e-02 
8.188905810e-02 8.188905810e-02 8.188905810e-02 8.188905810e-02 8.188905810e-02 
8.188905810e-02 8.188905810e-02 8.188905810e-02 8.188905810e-02 8.188905810e-02 
8.188905810e-02 8.188905810e-02 8.188905810e-02 8.188905810e-02 8.188905810e-02 
8.188905810e-02 8.188905809e-02 8.188905807e-02 8.188905801e-02 8.188905779e-02 
8.188905708e-02 8.188905489e-02 8.188904819e-02 8.188902824e-02 8.188897045e-02 
8.188880768e-02 8.188836296e-02 8.188718684e-02 8.188418452e-02 8.187681220e-02 
8.185947711e-02 8.182068644e-02 8.173881566e-02 8.157803685e-02 8.129069676e-02 
8.084173426e-02 8.028014899e-02 7.986925142e-02 8.020978983e-02 8.216270496e-02 
8.641313898e-02 9.293919899e-02 1.009702578e-01 1.094982196e-01 1.177945351e-01 
1.255494510e-01 1.330706886e-01 1.407047557e-01 1.488105012e-01 1.577973358e-01 
1.681814250e-01 1.806415302e-01 1.960738482e-01 2.156629852e-01 2.410112024e-01 
2.743842546e-01 3.190902748e-01 3.798104691e-01 4.623202914e-01 5.719313568e-01 
7.101338262e-01 8.680147829e-01 1.021056921e+00 1.140567095e+00 1.216001856e+00 
1.256893797e+00 1.277550461e+00 1.287954039e+00 1.293369507e+00 1.296294852e+00 
1.297911012e+00 1.298807996e+00 1.299301435e+00 1.299568346e+00 1.299709740e+00 
1.299782973e+00 1.299820038e+00 1.299838373e+00 1.299847241e+00 1.299851437e+00 
1.299853380e+00 1.299854261e+00 1.299854653e+00 1.299854823e+00 1.299854896e+00 
1.299854927e+00 1.299854940e+00 1.299854945e+00 1.299854947e+00 1.299854947e+00 
1.299854948e+00 1.299854948e+00 1.299854948e+00 1.299854948e+00 1.299854948e+00 
1.299854948e+00 1.299854948e+00 1.299854948e+00 1.299854948e+00 1.299854948e+00 
1.299854948e+00 1.299854948e+00 1.299854948e+00 1.299854948e+00 1.299854948e+00 
1.299854948e+00 1.299854948e+00 1.299854948e+00 1.299854948e+00 1.299854948e+00 
1.299854948e+00 1.299854948e+00 1.299854948e+00 1.299854948e+00 1.299854948e+00 
1.299854948e+00 1.299854948e+00 1.299854948e+00 1.299854948e+00 1.299854948e+00 
1.299854948e+00 1.299854948e+00 1.299854948e+00 1.299854948e+00 1.299854948e+00 
1.299854948e+00 1.299854948e+00 1.299854948e+00 1.299854948e+00 1.299854948e+00 
1.299854948e+00 1.299854948e+00 1.299854948e+00 1.299854948e+00 1.299854948e+00 
1.299854948e+00 1.299854948e+00 1.299854948e+00 1.299854948e+00 1.299854948e+00 
1.299854948e+00 1.299854948e+00 1.299854948e+00 1.299854948e+00 1.299854948e+00 
1.299854948e+00 1.299854948e+00 1.299854948e+00 1.299854948e+00 1.299854948e+00 
1.299854948e+00 1.299854948e+00 1.299854948e+00 1.299854948e+00 1.299854948e+00 
mu
9.000028555e-06 9.000028555e-06 9.000028555e-06 9.000028555e-06 9.000028555e-06 
9.000028555e-06 9.000028555e-06 9.000028555e-06 9.000028555e-06 9.000028555e-06 
9.000028555e-06 9.000028555e-06 9.000028555e-06 9.000028555e-06 9.000028555e-06 
9.000028555e-06 9.000028555e-06 9.000028555e-06 9.000028555e-06 9.000028555e-06 
9.000028555e-06 9.000028555e-06 9.000028557e-06 9.000028562e-06 9.000028578e-06 
9.000028629e-06 9.000028788e-06 9.000029274e-06 9.000030724e-06 9.000034934e-06 
9.000046830e-06 9.000079510e-06 9.000166670e-06 9.000392117e-06 9.000957126e-06 
9.002328091e-06 9.005547207e-06 9.012859611e-06 9.028925666e-06 9.063053098e-06 
9.133062341e-06 9.271414153e-06 9.533580471e-06 1.000623908e-05 1.080750822e-05 
1.206663090e-05 1.388096303e-05 1.627412212e-05 1.918115287e-05 2.246317350e-05 
2.596544379e-05 2.950729291e-05 3.292799150e-05 3.609370019e-05 3.889397416e-05 
4.123380725e-05 4.302620324e-05 4.418900387e-05 4.464791804e-05 4.434452181e-05 
4.324580878e-05 4.135557027e-05 3.873716024e-05 3.555146517e-05 3.207175258e-05 
2.864068428e-05 2.562708202e-05 2.334979049e-05 2.191743593e-05 2.117134645e-05 
2.084197726e-05 2.071499624e-05 2.067142832e-05 2.065815762e-05 2.065473160e-05 
2.065413195e-05 2.065419719e-05 2.065434514e-05 2.065445460e-05 2.065451990e-05 
2.065455544e-05 2.065457383e-05 2.065458300e-05 2.065458746e-05 2.065458957e-05 
2.065459055e-05 2.065459100e-05 2.065459119e-05 2.065459128e-05 2.065459132e-05 
2.065459133e-05 2.065459134e-05 2.065459134e-05 2.065459134e-05 2.065459134e-05 
2.065459134e-05 2.065459134e-05 2.065459134e-05 2.065459134e-05 2.065459134e-05 
2.065459134e-05 2.065459134e-05 2.065459134e-05 2.065459134e-05 2.065459134e-05 
2.065459134e-05 2.065459134e-05 2.065459134e-05 2.065459134e-05 2.065459134e-05 
2.065459134e-05 2.065459134e-05 2.065459134e-05 2.065459134e-05 2.065459134e-05 
2.065459134e-05 2.065459134e-05 2.065459134e-05 2.065459134e-05 2.065459134e-05 
2.065459134e-05 2.065459134e-05 2.065459134e-05 2.065459134e-05 2.065459134e-05 
2.065459134e-05 2.065459134e-05 2.065459134e-05 2.065459134e-05 2.065459134e-05 
2.065459134e-05 2.065459134e-05 2.065459134e-05 2.065459134e-05 2.065459134e-05 
2.065459134e-05 2.065459134e-05 2.065459134e-05 2.065459134e-05 2.065459134e-05 
2.065459134e-05 2.065459134e-05 2.065459134e-05 2.065459134e-05 2.065459134e-05 
2.065459134e-05 2.065459134e-05 2.065459134e-05 2.065459134e-05 2.065459134e-05 
2.065459134e-05 2.065459134e-05 2.065459134e-05 2.065459134e-05 2.065459134e-05 
2.065459134e-05 2.065459134e-05 2.065459134e-05 2.065459134e-05 2.065459134e-05 
TC
1.868277014e-01 1.868277014e-01 1.868277014e-01 1.868277014e-01 1.868277014e-01 
1.868277014e-01 1.868277014e-01 1.868277014e-01 1.868277014e-01 1.868277014e-01 
1.868277014e-01 1.868277014e-01 1.868277014e-01 1.868277014e-01 1.868277014e-01 
1.868277014e-01 1.868277014e-01 1.868277014e-01 1.868277014e-01 1.868277014e-01 
1.868277014e-01 1.868277014e-01 1.868277015e-01 1.868277016e-01 1.868277020e-01 
1.868277032e-01 1.868277069e-01 1.868277184e-01 1.868277526e-01 1.868278516e-01 
1.868281309e-01 1.868288956e-01 1.868309245e-01 1.868361299e-01 1.868490139e-01 
1.868796895e-01 1.869496947e-01 1.871021258e-01 1.874168759e-01 1.880280073e-01 
1.891305674e-01 1.909482390e-01 1.936266349e-01 1.970683586e-01 2.008703157e-01 
2.045773954e-01 2.080784553e-01 2.115998416e-01 2.152999590e-01 2.190030806e-01 
2.223515586e-01 2.245601615e-01 2.250426328e-01 2.234021209e-01 2.193787207e-01 
2.128056595e-01 2.036007396e-01 1.917963206e-01 1.775846848e-01 1.613372730e-01 
1.435750209e-01 1.249219383e-01 1.061035251e-01 8.797804286e-02 7.146860497e-02 
5.738230798e-02 4.630813409e-02 3.846255163e-02 3.347463517e-02 3.053880093e-02 
2.885869565e-02 2.789046503e-02 2.732317956e-02 2.698776924e-02 2.679005612e-02 
2.667502122e-02 2.660937423e-02 2.657275180e-02 2.655280795e-02 2.654220944e-02 
2.653671231e-02 2.653392824e-02 2.653255065e-02 2.653188429e-02 2.653156898e-02 
2.653142295e-02 2.653135672e-02 2.653132729e-02 2.653131447e-02 2.653130898e-02 
2.653130668e-02 2.653130574e-02 2.653130535e-02 2.653130520e-02 2.653130514e-02 
2.653130512e-02 2.653130511e-02 2.653130511e-02 2.653130511e-02 2.653130511e-02 
2.653130511e-02 2.653130511e-02 2.653130511e-02 2.653130511e-02 2.653130511e-02 
2.653130511e-02 2.653130511e-02 2.653130511e-02 2.653130511e-02 2.653130511e-02 
2.653130511e-02 2.653130511e-02 2.653130511e-02 2.653130511e-02 2.653130511e-02 
2.653130511e-02 2.653130511e-02 2.653130511e-02 2.653130511e-02 2.653130511e-02 
2.653130511e-02 2.653130511e-02 2.653130511e-02 2.653130511e-02 2.653130511e-02 
2.653130511e-02 2.653130511e-02 2.653130511e-02 2.653130511e-02 2.653130511e-02 
2.653130511e-02 2.653130511e-02 2.653130511e-02 2.653130511e-02 2.653130511e-02 
2.653130511e-02 2.653130511e-02 2.653130511e-02 2.653130511e-02 2.653130511e-02 
2.653130511e-02 2.653130511e-02 2.653130511e-02 2.653130511e-02 2.653130511e-02 
2.653130511e-02 2.653130511e-02 2.653130511e-02 2.653130511e-02 2.653130511e-02 
2.653130511e-02 2.653130511e-02 2.653130511e-02 2.653130511e-02 2.653130511e-02 
2.653130511e-02 2.653130511e-02 2.653130511e-02 2.653130511e-02 2.653130511e-02 
net_rxn-H2
-7.408797314e-19 -6.197182814e-19 -5.182426130e-19 -4.332066144e-19 -3.619184257e-19 
-3.021411172e-19 -2.520121570e-19 -2.099779146e-19 -1.747402457e-19 -1.452128617e-19 
-1.204859301e-19 -9.979931276e-20 -8.253472038e-20 -6.829497736e-20 -5.748429355e-20 
-5.485930040e-20 -9.065222230e-20 -3.447874591e-19 -1.869887651e-18 -1.075285738e-17 
-6.177538825e-17 -3.511301078e-16 -1.970003252e-15 -1.089571442e-14 -5.934027824e-14 
-3.178921579e-13 -1.673340401e-12 -8.645780033e-12 -4.380066440e-11 -2.173453352e-10 
-1.055204009e-09 -5.006500515e-09 -2.318378614e-08 -1.046232161e-07 -4.592390920e-07 
-1.955815775e-06 -8.054447988e-06 -3.193337841e-05 -1.212225793e-04 -4.379489492e-04 
-1.497557595e-03 -4.832657770e-03 -1.474729230e-02 -4.292586060e-02 -1.207430613e-01 
-3.302315592e-01 -8.630001861e-01 -2.064679315e+00 -4.319932577e+00 -7.731739368e+00 
-1.199627963e+01 -1.683557749e+01 -2.255407350e+01 -3.010314961e+01 -4.039745785e+01 
-5.290465714e+01 -6.433171937e+01 -6.927571526e+01 -6.389996917e+01 -4.983811824e+01 
-3.315959948e+01 -1.882353436e+01 -8.344777894e+00 -2.387605307e+00 -3.934286356e-01 
-4.392450450e-02 -4.626578723e-03 -5.839075284e-04 -9.678456335e-05 -2.011575138e-05 
-4.681102814e-06 -1.110538542e-06 -2.551547689e-07 -5.553488800e-08 -1.136240911e-08 
-2.181633466e-09 -3.933412929e-10 -6.669112303e-11 -1.065203804e-11 -1.605636999e-12 
-2.288168050e-13 -3.088218590e-14 -3.953973769e-15 -4.810189680e-16 -5.568800052e-17 
-6.144305712e-18 -6.470091185e-19 -6.511250190e-20 -6.270492211e-21 -5.785851924e-22 
-5.121370835e-23 -4.353755483e-24 -3.558676083e-25 -2.799821416e-26 -2.122484858e-27 
-1.551926932e-28 -1.095560227e-29 -7.473984633e-31 -4.931956169e-32 -3.150834242e-33 
-1.950510716e-34 -1.170992417e-35 -6.823375947e-37 -3.862166893e-38 -2.125139106e-39 
-1.137621683e-40 -5.929037181e-42 -3.010656034e-43 -1.490533915e-44 -7.200600853e-46 
-3.398734195e-47 -1.575269067e-48 -7.381105076e-50 -4.112797015e-51 -4.337478965e-52 
-9.396185442e-53 -2.600243262e-53 -7.462677203e-54 -2.137712181e-54 -6.078525494e-55 
-1.714726012e-55 -4.799476863e-56 -1.333190112e-56 -3.676124754e-57 -1.006442430e-57 
-2.736451115e-58 -7.390689317e-59 -1.983252816e-59 -5.288877098e-60 -1.401963006e-60 
-3.694807540e-61 -9.683289345e-62 -2.524193346e-62 -6.546104808e-63 -1.689254848e-63 
-4.338602031e-64 -1.109268648e-64 -2.823872996e-65 -7.159186729e-66 -1.807924799e-66 
-4.548651560e-67 -1.140401025e-67 -2.849650890e-68 -7.098570656e-69 -1.763116468e-69 
-4.367241401e-70 -1.079032204e-70 -2.659789137e-71 -6.542291435e-72 -1.606077345e-72 
-3.935869496e-73 -9.630218617e-74 -2.353077315e-74 -5.742804772e-75 -1.400176494e-75 
-3.411106806e-76 -8.305090586e-77 -2.021212853e-77 -4.917882157e-78 -1.196500420e-78 
net_rxn-H
3.704398657e-19 3.098591407e-19 2.591213065e-19 2.166033072e-19 1.809592129e-19 
1.510705586e-19 1.260060785e-19 1.049889573e-19 8.737012285e-20 7.260643085e-20 
6.024296507e-20 4.989965637e-20 4.126736014e-20 3.414748817e-20 2.874214195e-20 
2.742960532e-20 4.532570183e-20 1.723900786e-19 9.349120296e-19 5.376158748e-18 
3.088546292e-17 1.755471165e-16 9.848613978e-16 5.446789879e-15 2.966219827e-14 
1.588878257e-13 8.362421315e-13 4.319664505e-12 2.187477645e-11 1.084569082e-10 
5.256792627e-10 2.485662156e-09 1.143194588e-08 5.090275139e-08 2.178180015e-07 
8.850698165e-07 3.347846599e-06 1.138117285e-05 3.232991724e-05 6.143167298e-05 
-3.234506550e-05 -9.757931875e-04 -5.383871469e-03 -2.026055853e-02 -6.109808266e-02 
-1.578290022e-01 -3.542792059e-01 -6.782328656e-01 -1.089326092e+00 -1.484456911e+00 
-1.753012776e+00 -1.834985313e+00 -1.594391221e+00 -7.592368071e-01 9.369239869e-01 
3.372740485e+00 5.673784482e+00 6.443048775e+00 4.851568681e+00 1.653383943e+00 
-1.347925786e+00 -2.938920763e+00 -2.962535803e+00 -1.821640559e+00 -6.251011900e-01 
-1.113557036e-01 -9.999706856e-03 -4.849114062e-04 -1.697882605e-05 -8.289051460e-07 
-9.353208033e-08 -1.766192323e-08 -3.981106654e-09 -9.235343194e-10 -2.071498834e-10 
-4.388943387e-11 -8.722365418e-12 -1.624487023e-12 -2.838757243e-13 -4.663146167e-14 
-7.215161921e-15 -1.053662020e-15 -1.455077559e-16 -1.903723875e-17 -2.363846371e-18 
-2.790351983e-19 -3.136280810e-20 -3.361600650e-21 -3.440975294e-22 -3.368375426e-23 
-3.157600405e-24 -2.837747641e-25 -2.448915090e-26 -2.029432843e-27 -1.620031682e-28 
-1.244656925e-29 -9.231591783e-31 -6.588837848e-32 -4.554530770e-33 -2.986719616e-34 
-1.985780041e-35 -1.264987958e-36 -6.640602769e-38 -3.873488827e-39 -2.735557081e-40 
-2.231422703e-41 -1.072629400e-42 3.261182853e-43 -5.955267794e-44 2.990352311e-45 
-1.103421336e-46 -2.096840032e-47 -2.481456947e-48 -3.543591968e-50 2.934547857e-50 
1.104018381e-51 -5.345965142e-52 -4.209084822e-54 1.722349346e-54 2.387679059e-55 
8.457286092e-56 -7.997574328e-57 1.009691172e-57 -2.067264026e-59 -3.172385985e-60 
-1.533178719e-60 -3.332961719e-61 -9.080783507e-62 -2.514753939e-62 -6.816672742e-63 
-1.813097307e-63 -4.788265577e-64 -1.260708574e-64 -3.299224508e-65 -8.586941359e-66 
-2.223465130e-66 -5.729346459e-67 -1.469284407e-67 -3.750883886e-68 -9.516357311e-69 
-2.405319291e-69 -6.018825262e-70 -1.645820143e-70 -5.560186645e-71 -1.358131506e-72 
-8.359231163e-72 -3.662092831e-71 -9.017434254e-72 -1.902098309e-71 -1.788030867e-71 
-4.284622026e-70 -1.181504030e-68 -3.241199410e-67 -8.884952088e-66 -2.433095265e-64 
-6.656986034e-63 -1.820039981e-61 -4.973235958e-60 3.618954345e-58 1.292964622e-58 
net_rxn-O
-1.321435016e-21 -1.320994385e-21 -1.320553217e-21 -1.320111032e-21 -1.319667368e-21 
-1.319221884e-21 -1.318774914e-21 -1.318330475e-21 -1.317912494e-21 -1.317651413e-21 
-1.318242735e-21 -1.323352326e-21 -1.352104963e-21 -1.503202723e-21 -2.280119493e-21 
-6.218684389e-21 -2.591715196e-20 -1.230477899e-19 -5.947680607e-19 -2.848789207e-18 
-1.343399206e-17 -6.223343025e-17 -2.828280060e-16 -1.259414759e-15 -5.488187113e-15 
-2.337506862e-14 -9.717858316e-14 -3.938125864e-13 -1.553441803e-12 -5.955952451e-12 
-2.216211937e-11 -7.991806869e-11 -2.789484776e-10 -9.420719693e-10 -3.085637262e-09 
-9.908061285e-09 -3.227091263e-08 -1.155352111e-07 -5.055338193e-07 -2.725729473e-06 
-1.595656084e-05 -8.874986792e-05 -4.332743655e-04 -1.790625882e-03 -6.239876020e-03 
-1.877752642e-02 -5.086846525e-02 -1.292995862e-01 -3.158149099e-01 -7.356032680e-01 
-1.560862056e+00 -2.853206441e+00 -4.303082852e+00 -5.116124271e+00 -4.216276372e+00 
-7.504330649e-01 5.044867743e+00 1.093423211e+01 1.309339246e+01 9.034298267e+00 
1.182739601e+00 -4.133798968e+00 -3.934243319e+00 -1.678490896e+00 -4.416765226e-01 
-9.380495073e-02 -1.925198032e-02 -3.925882319e-03 -7.506735106e-04 -1.274899358e-04 
-1.897895771e-05 -2.503986914e-06 -2.971505091e-07 -3.213702969e-08 -3.212166212e-09 
-3.027703960e-10 -2.782060685e-11 -2.620281540e-12 -2.671194617e-13 -3.019060265e-14 
-3.690087332e-15 -4.651001297e-16 -5.815726839e-17 -7.058194999e-18 -8.230775405e-19 
-9.187163844e-20 -9.806424275e-21 -1.001314920e-21 -9.788815962e-23 -9.171589235e-24 
-8.245114653e-25 -7.119857622e-26 -5.912144318e-27 -4.725874389e-28 -3.640268856e-29 
-2.704804111e-30 -1.940495953e-31 -1.345472500e-32 -9.024442475e-34 -5.860518714e-35 
-3.688055499e-36 -2.250969902e-37 -1.333546010e-38 -7.674643216e-40 -4.293951815e-41 
-2.337401829e-42 -1.238817611e-43 -6.397241625e-45 -3.220995889e-46 -1.582381121e-47 
-7.589780591e-49 -3.556632376e-50 -1.629352779e-51 -7.302417587e-53 -3.204465272e-54 
-1.376799017e-55 -5.778401903e-57 -2.390785335e-58 -9.717790532e-60 -3.835708030e-61 
-1.503064155e-62 4.567838795e-64 1.611931916e-64 5.933817314e-65 1.635751642e-65 
4.476204180e-66 1.206583037e-66 3.238334194e-67 8.638933504e-68 2.290476618e-68 
6.036981945e-69 1.582281478e-69 4.125032674e-70 1.069871715e-70 2.761213789e-71 
7.093556747e-72 1.814988028e-72 4.632838268e-73 1.186697226e-73 3.117887439e-74 
9.055853254e-75 3.482843173e-75 2.084571317e-75 1.734819709e-75 1.646735129e-75 
1.625500270e-75 1.621094415e-75 1.618885606e-75 1.618884821e-75 1.618768039e-75 
1.632035092e-75 2.000506661e-75 1.210687614e-74 2.891404497e-73 7.875257844e-72 
2.154256097e-70 5.889758266e-69 1.609368484e-67 -1.171114955e-65 -4.184109722e-66 
net_rxn-O2
1.683992886e-33 1.682712254e-33 1.682324783e-33 1.684234042e-33 1.693103283e-33 
1.724124168e-33 1.826389477e-33 2.157633808e-33 3.221730022e-33 6.617593706e-33 
1.737192741e-32 5.092416089e-32 1.492776053e-31 3.212608377e-31 -1.819303440e-30 
-6.082582572e-29 -1.246543707e-27 -2.363431580e-26 -4.324392695e-25 -7.670801133e-24 
-1.317842133e-22 -2.188631881e-21 -3.506425981e-20 -5.407522498e-19 -8.009419703e-18 
-1.136754617e-16 -1.542242593e-15 -1.995151942e-14 -2.454759093e-13 -2.864663048e-12 
-3.161802785e-11 -3.290709427e-10 -3.219215265e-09 -2.949944569e-08 -2.522370147e-07 
-2.003497081e-06 -1.470080383e-05 -9.891237202e-05 -6.039033015e-04 -3.295515511e-03 
-1.574256265e-02 -6.424668689e-02 -2.201963441e-01 -6.421007252e-01 -1.691668106e+00 
-4.306650433e+00 -1.058021466e+01 -2.365924142e+01 -4.589998321e+01 -7.644970798e+01 
-1.112492936e+02 -1.478991684e+02 -1.885903810e+02 -2.398757802e+02 -3.082539540e+02 
-3.915630192e+02 -4.703285790e+02 -5.098764663e+02 -4.816251978e+02 -3.902820395e+02 
-2.744831943e+02 -1.731353035e+02 -9.816583883e+01 -4.587752412e+01 -1.450736855e+01 
-2.084108132e+00 9.669045237e-02 9.209572064e-02 2.112966698e-02 3.267544405e-03 
3.812610997e-04 3.192596518e-05 7.250699945e-07 -4.722863455e-07 -1.505910613e-07 
-3.321204121e-08 -6.316646338e-09 -1.096273546e-09 -1.772017971e-10 -2.691309520e-11 
-3.858056076e-12 -5.234877943e-13 -6.737378805e-14 -8.239353058e-15 -9.589819289e-16 
-1.063884744e-16 -1.126584672e-17 -1.140273136e-18 -1.104577411e-19 -1.025344174e-20 
-9.131773488e-22 -7.811767144e-23 -6.426267045e-24 -5.088537431e-25 -3.883404882e-26 
-2.858568223e-27 -2.032095649e-28 -1.395546959e-29 -9.274588910e-31 -5.949620190e-32 
-3.726537194e-33 -2.260351385e-34 -1.293916832e-35 -7.360264756e-37 -4.241760975e-38 
-2.514192419e-39 -1.281663099e-40 5.574246295e-42 -2.127206687e-42 8.350227385e-44 
-4.043070776e-45 -6.908590955e-46 -8.000314819e-47 -1.206274919e-48 9.199775564e-49 
3.215572907e-50 -1.779346961e-50 -3.703895330e-52 -1.318040875e-53 -1.171699618e-53 
-2.758773663e-54 -1.777573507e-54 -3.911898713e-55 -1.173612318e-55 -3.205196991e-56 
-8.736011143e-57 -2.356883317e-57 -6.325007876e-58 -1.687029105e-58 -4.472414943e-59 
-1.178736600e-59 -3.089328994e-60 -8.053512080e-61 -2.088648241e-61 -5.390092649e-62 
-1.384423089e-62 -3.539754134e-63 -9.011518602e-64 -2.284715580e-64 -5.769781542e-65 
-1.451684276e-65 -3.639508257e-66 -9.098959436e-67 -2.271215919e-67 -5.601630201e-68 
-1.412994366e-68 -4.588170885e-69 -1.130671779e-69 -8.115520169e-70 -6.186306722e-70 
-1.361477099e-68 -3.750919646e-67 -1.028974931e-65 -2.820681837e-64 -7.724282078e-63 
-2.113375446e-61 -5.778031959e-60 -1.578839839e-58 1.148899699e-56 4.104740001e-57 
net_rxn-OH
-6.247757875e-18 -5.225558097e-18 -4.369441015e-18 -3.652020214e-18 -3.050585326e-18 
-2.546264086e-18 -2.123342903e-18 -1.768714281e-18 -1.471426136e-18 -1.222313521e-18 
-1.013698987e-18 -8.391616961e-19 -6.934446803e-19 -5.729872604e-19 -4.801293008e-19 
-4.496103642e-19 -7.097111509e-19 -2.647324721e-18 -1.451170962e-17 -8.466647425e-17 
-4.926562168e-16 -2.830365341e-15 -1.602132624e-14 -8.926355410e-14 -4.890919022e-13 
-2.633110584e-12 -1.391626806e-11 -7.213564539e-11 -3.663748691e-10 -1.821312427e-09 
-8.850872824e-09 -4.198114532e-08 -1.939415141e-07 -8.699744008e-07 -3.771981516e-06 
-1.569836779e-05 -6.206926117e-05 -2.296544105e-04 -7.782041577e-04 -2.345212469e-03 
-6.067665796e-03 -1.315808496e-02 -2.514532707e-02 -5.122888046e-02 -1.198361429e-01 
-2.540879312e-01 -3.969478410e-01 -3.973817103e-01 -1.793725744e-01 9.914856157e-02 
6.021221527e-02 -3.821875102e-01 -1.114653055e+00 -1.843514070e+00 -2.013431281e+00 
-9.494644640e-01 1.470977086e+00 4.084003318e+00 5.012515337e+00 3.843117972e+00 
2.512373882e+00 2.219941271e+00 8.794125294e-01 -1.479399768e+00 -1.501655900e+00 
-4.853750569e-01 -8.851883772e-02 -1.396840919e-02 -2.308095745e-03 -3.985578936e-04 
-7.124170113e-05 -1.333296585e-05 -2.599558187e-06 -5.140461767e-07 -1.000127510e-07 
-1.873480601e-08 -3.338856817e-09 -5.631059580e-10 -8.972539948e-11 -1.351021430e-11 
-1.924365624e-12 -2.596583524e-13 -3.324066083e-14 -4.043518905e-15 -4.680890174e-16 
-5.164310599e-17 -5.437805696e-18 -5.472068580e-19 -5.269414532e-20 -4.861845674e-21 
-4.303211139e-22 -3.657989504e-23 -2.989773291e-24 -2.352073456e-25 -1.782933988e-26 
-1.303561126e-27 -9.201639191e-29 -6.276958994e-30 -4.141748990e-31 -2.645799425e-32 
-1.637743203e-33 -9.831435886e-35 -5.728314612e-36 -3.242071373e-37 -1.783783469e-38 
-9.548059069e-40 -4.975800167e-41 -2.526384481e-42 -1.250636669e-43 -6.040289045e-45 
-2.848210794e-46 -1.312082657e-47 -5.908887961e-49 -2.603041549e-50 -1.122424968e-51 
-4.740217324e-53 -1.961822475e-54 -7.961748206e-56 -3.170223304e-57 -1.239176090e-58 
-4.757853116e-60 -1.784334270e-61 -6.466929925e-63 -1.792376632e-64 8.681307721e-66 
4.450088181e-66 1.271852278e-66 3.438651320e-67 9.181921785e-68 2.434731388e-68 
6.417287866e-69 1.681960844e-69 4.384886661e-70 1.137254943e-70 2.934994415e-71 
7.538720874e-72 1.927609650e-72 4.907499596e-73 1.244256450e-73 3.142299473e-74 
7.906253958e-75 1.982151975e-75 4.957909320e-76 1.240054577e-76 3.037167104e-77 
7.799045350e-78 3.115628445e-78 7.676669896e-79 7.668327687e-79 6.426933511e-79 
1.474555295e-77 4.064303187e-76 1.114948705e-74 3.056357914e-73 8.369668055e-72 
2.289954041e-70 6.260803144e-69 1.710756448e-67 -1.244893573e-65 -4.447702830e-66 
net_rxn-HO2
-5.411726516e-32 -5.411948924e-32 -5.412794811e-32 -5.415654535e-32 -5.425050232e-32 
-5.455635408e-32 -5.554699633e-32 -5.874133686e-32 -6.899137251e-32 -1.016997492e-31 
-2.054139563e-31 -5.318146321e-31 -1.547641513e-30 -4.611723318e-30 -1.234712443e-29 
-3.012637005e-30 6.555102837e-28 1.440165033e-26 2.690583257e-25 4.786475217e-24 
8.223540225e-23 1.365172378e-21 2.186078196e-20 3.369616104e-19 4.988428003e-18 
7.076361448e-17 9.595689457e-16 1.240732003e-14 1.525755991e-13 1.779567450e-12 
1.963002503e-11 2.041653243e-10 1.995599286e-09 1.826514301e-08 1.558935897e-07 
1.234520793e-06 9.010894023e-06 6.006023919e-05 3.604787849e-04 1.906735460e-03 
8.603171256e-03 3.161920347e-02 8.947778513e-02 1.864398217e-01 2.999066760e-01 
5.032789138e-01 1.124201417e+00 2.439243542e+00 4.030824755e+00 4.998020635e+00 
4.706463698e+00 3.622101449e+00 2.391732157e+00 1.330464910e+00 4.767067239e-01 
-2.482348954e-01 -9.695740614e-01 -1.831641371e+00 -2.894736304e+00 -3.702513351e+00 
-2.358696601e+00 4.330721982e+00 1.540798948e+01 1.914978458e+01 9.393249493e+00 
1.080249695e+00 -4.110369074e-01 -1.814528345e-01 -3.975067275e-02 -6.130970915e-03 
-7.270700776e-04 -6.673016819e-05 -3.730728231e-06 2.528606801e-07 1.387827542e-07 
3.320154349e-08 6.454611494e-09 1.127635805e-09 1.826378099e-10 2.775519909e-11 
3.979429847e-12 5.399781503e-13 6.949655526e-14 8.498940955e-15 9.891932657e-16 
1.097399058e-16 1.162072926e-17 1.176191860e-18 1.139371318e-19 1.057642047e-20 
9.419419179e-22 8.057832915e-23 6.628690222e-24 5.248822919e-25 4.005729474e-26 
2.948611149e-27 2.096105253e-28 1.439505719e-29 9.566732014e-31 6.137029088e-32 
3.843920523e-33 2.331550881e-34 1.334674312e-35 7.592107975e-37 4.375373494e-38 
2.593387731e-39 1.322034595e-40 -5.749831174e-42 2.194212218e-42 -8.613253737e-44 
4.170424692e-45 7.126206763e-46 8.252319169e-47 1.244271739e-48 -9.489562092e-49 
-3.316861216e-50 1.835395152e-50 3.820565458e-52 1.359558253e-53 1.208607343e-53 
2.845673119e-54 1.833565837e-54 4.035120805e-55 1.210580291e-55 3.306158470e-56 
9.011189423e-57 2.431123504e-57 6.524241229e-58 1.740169349e-58 4.613292906e-59 
1.215865984e-59 3.186640711e-60 8.307192115e-61 2.154439209e-61 5.559876822e-62 
1.428031454e-62 3.651253930e-63 9.295375176e-64 2.356682533e-64 5.951525651e-65 
1.497411321e-65 3.754150237e-66 9.385570320e-67 2.342757626e-67 5.778077493e-68 
1.457502540e-68 4.732693409e-69 1.166285485e-69 8.371136718e-70 6.381154388e-70 
1.404362513e-68 3.869070988e-67 1.061386925e-65 2.909531352e-64 7.967591588e-63 
2.179945302e-61 5.960035945e-60 1.628572196e-58 -1.185089240e-56 -4.234036454e-57 
net_rxn-H2O
6.619519176e-18 5.536738232e-18 4.629882875e-18 3.869943632e-18 3.232864206e-18 
2.698653867e-18 2.250667757e-18 1.875021568e-18 1.560114172e-18 1.296237603e-18 
1.075260195e-18 8.903847048e-19 7.360641455e-19 6.086379523e-19 5.111515719e-19 
4.832587438e-19 7.809548239e-19 2.942769901e-18 1.604145346e-17 9.289196497e-17 
5.369801838e-16 3.068182586e-15 1.728930930e-14 9.597209722e-14 5.242611907e-13 
2.815532903e-12 1.485112767e-11 7.686311869e-11 3.899471090e-10 1.937241963e-09 
9.414547214e-09 4.470677950e-08 2.071952236e-07 9.358576616e-07 4.112602459e-06 
1.754455423e-05 7.245160644e-05 2.886131776e-04 1.104999885e-03 4.056528247e-03 
1.429612384e-02 4.863299767e-02 1.602208302e-01 5.060940796e-01 1.501964442e+00 
4.127557609e+00 1.039990536e+01 2.357059472e+01 4.684284546e+01 8.054194828e+01 
1.212910226e+02 1.659360021e+02 2.157222527e+02 2.764806833e+02 3.537121210e+02 
4.434227025e+02 5.239773414e+02 5.602239199e+02 5.262481656e+02 4.299186135e+02 
3.077426663e+02 1.917275311e+02 9.554511576e+01 3.213751802e+01 6.498865424e+00 
9.126626951e-01 1.242700014e-01 1.934432097e-02 3.283865096e-03 5.637228018e-04 
9.642819823e-05 1.687207234e-05 3.077212143e-06 5.791355971e-07 1.093534227e-07 
2.016160423e-08 3.565344857e-09 5.991489659e-10 9.531690662e-11 1.434248996e-11 
2.042367228e-12 2.755549444e-13 3.527499199e-14 4.291024966e-15 4.967518200e-16 
5.480685540e-17 5.771100128e-18 5.807634874e-19 5.592722956e-20 5.160307330e-21 
4.567523584e-22 3.882796586e-23 3.173619005e-24 2.496790307e-25 1.892698466e-26 
1.383862267e-27 9.768824246e-29 6.664112959e-30 4.397371253e-31 2.809201665e-32 
1.738956801e-33 1.043944184e-34 6.082818896e-36 3.442854376e-37 1.894334383e-38 
1.014024392e-39 5.284640044e-41 2.683313920e-42 1.328382532e-43 6.416084149e-45 
3.025556171e-46 1.393848152e-47 6.277426506e-49 2.765533580e-50 1.192551579e-51 
5.036641318e-53 2.084636254e-54 8.460579254e-56 3.369001169e-57 1.316982342e-58 
5.056836526e-60 1.908256069e-61 7.080894250e-63 2.585024922e-64 9.289549549e-66 
3.287780585e-67 1.146598004e-68 3.942201111e-70 1.336909245e-71 4.474189144e-73 
1.478383956e-74 4.825357484e-76 1.556494959e-77 4.964167263e-79 1.566130778e-80 
4.889822841e-82 1.511612392e-83 4.628784903e-85 1.404650221e-86 4.226081698e-88 
1.261155156e-89 3.734660801e-91 1.097932472e-92 3.205756540e-94 9.300436419e-96 
2.682129860e-97 7.692002934e-99 2.194393039e-100 6.223472460e-102 1.739336013e-103 
4.396545304e-105 3.025756943e-109 -3.008789255e-107 -8.188141919e-108 -2.020374614e-108 
-4.929737954e-109 -1.200739735e-109 -2.924543138e-110 -7.221542675e-111 -3.288708449e-112 
net_rxn-H2O2
3.916242873e-32 3.916222567e-32 3.916208402e-32 3.916198735e-32 3.916192842e-32 
3.916191596e-32 3.916200086e-32 3.916236434e-32 3.916361103e-32 3.916776981e-32 
3.918193286e-32 3.923292706e-32 3.943462017e-32 4.033407497e-32 4.478265106e-32 
6.711296013e-32 1.506936016e-31 -2.348927168e-31 -1.861054533e-29 -4.102945796e-28 
-7.513094532e-27 -1.274140728e-25 -2.053757807e-24 -3.163577125e-23 -4.647768760e-22 
-6.467641585e-21 -8.406606882e-20 -9.910536094e-19 -9.835277270e-18 -6.087277330e-17 
4.789965830e-16 2.787409889e-14 6.951961657e-13 1.357861039e-11 2.292094990e-10 
3.443866320e-09 4.643685036e-08 5.611065234e-07 6.026984848e-06 5.670727895e-05 
4.567925669e-04 3.049771545e-03 1.620749402e-02 6.577274940e-02 1.977141504e-01 
4.367399296e-01 7.212035868e-01 9.189966367e-01 9.307591468e-01 7.623900524e-01 
5.017495143e-01 2.470216619e-01 4.259676938e-02 -1.133432849e-01 -2.446322072e-01 
-3.796342235e-01 -5.370982749e-01 -7.013811187e-01 -7.857388528e-01 -6.267425999e-01 
-8.836359251e-02 7.533632849e-01 1.574878068e+00 1.957358051e+00 1.577115877e+00 
8.256559582e-01 3.124735573e-01 8.897590334e-02 1.850967333e-02 2.846696193e-03 
3.443760734e-04 3.489728390e-05 3.084290664e-06 2.429316970e-07 1.724936068e-08 
1.111992806e-09 6.543106908e-11 3.530624676e-12 1.755132198e-13 8.079515617e-15 
3.466787554e-16 1.400009458e-17 5.404321350e-19 2.044402388e-20 7.851113623e-22 
3.176875022e-23 1.381042079e-24 6.376915479e-26 3.031179446e-27 1.437858418e-28 
6.664894597e-30 2.984674201e-31 1.284637823e-32 5.304752196e-34 2.101342352e-35 
7.990209798e-37 2.919270495e-38 1.025939851e-39 3.472060272e-41 1.132785108e-42 
3.566634047e-44 1.084755287e-45 3.188954958e-47 9.057421021e-49 2.472895858e-50 
6.328256264e-52 1.328608725e-53 -3.732693466e-57 -3.603811377e-56 -4.617313581e-57 
-4.944619153e-58 -5.054320267e-59 -5.061372357e-60 -4.995367601e-61 -4.867161626e-62 
-4.684668987e-63 -4.456189487e-64 -4.190753944e-65 -3.897791889e-66 -3.586683964e-67 
-3.266346937e-68 -2.944896819e-69 -2.629405178e-70 -2.325750340e-71 -2.038556906e-72 
-1.771211483e-73 -1.525939304e-74 -1.303925097e-75 -1.105461953e-76 -9.301133765e-78 
-7.768751226e-79 -6.443164902e-80 -5.305909689e-81 -4.323215114e-82 -3.328823553e-83 
-8.958685654e-85 1.642672363e-84 1.765391737e-84 1.694180091e-84 1.607902203e-84 
1.520854408e-84 1.434150826e-84 1.347855780e-84 1.261950902e-84 1.176411791e-84 
1.091214033e-84 1.006333633e-84 9.217470192e-85 8.374310100e-85 7.533627796e-85 
6.695198259e-85 5.858799393e-85 5.024211716e-85 4.191218071e-85 3.359603369e-85 
2.529155442e-85 1.699695638e-85 8.719217179e-86 7.042780280e-87 5.320553089e-88 
massfraction-H2
1.000000000e+00 1.000000000e+00 1.000000000e+00 1.000000000e+00 1.000000000e+00 
1.000000000e+00 1.000000000e+00 1.000000000e+00 1.000000000e+00 1.000000000e+00 
1.000000000e+00 1.000000000e+00 1.000000000e+00 1.000000000e+00 1.000000000e+00 
1.000000000e+00 1.000000000e+00 1.000000000e+00 1.000000000e+00 1.000000000e+00 
1.000000000e+00 1.000000000e+00 1.000000000e+00 1.000000000e+00 1.000000000e+00 
1.000000000e+00 1.000000000e+00 9.999999998e-01 9.999999991e-01 9.999999961e-01 
9.999999828e-01 9.999999255e-01 9.999996869e-01 9.999987277e-01 9.999950230e-01 
9.999813224e-01 9.999329809e-01 9.997708746e-01 9.992566784e-01 9.977235285e-01 
9.934653886e-01 9.826021523e-01 9.576924193e-01 9.079444231e-01 8.246287035e-01 
7.110496982e-01 5.850613131e-01 4.671400074e-01 3.687044956e-01 2.915711295e-01 
2.325045451e-01 1.872015262e-01 1.521162136e-01 1.245850796e-01 1.026733989e-01 
8.499307797e-02 7.055307332e-02 5.864339626e-02 4.874303758e-02 4.044973606e-02 
3.343675923e-02 2.743639990e-02 2.223859754e-02 1.769429727e-02 1.371999602e-02 
1.029326342e-02 7.432541444e-03 5.160465871e-03 3.457928620e-03 2.247642319e-03 
1.421954396e-03 8.767931121e-04 5.271460254e-04 3.090531779e-04 1.767098104e-04 
9.856381618e-05 5.364815044e-05 2.850746414e-05 1.479579085e-05 7.504398123e-06 
3.721517398e-06 1.805429614e-06 8.572858041e-07 3.986393375e-07 1.816204086e-07 
8.111380251e-08 3.552883909e-08 1.526963904e-08 6.442259996e-09 2.669344615e-09 
1.086721510e-09 4.348752149e-10 1.711294646e-10 0.000000000e+00 0.000000000e+00 
0.000000000e+00 0.000000000e+00 0.000000000e+00 0.000000000e+00 0.000000000e+00 
0.000000000e+00 0.000000000e+00 0.000000000e+00 0.000000000e+00 0.000000000e+00 
0.000000000e+00 0.000000000e+00 0.000000000e+00 0.000000000e+00 0.000000000e+00 
0.000000000e+00 0.000000000e+00 0.000000000e+00 0.000000000e+00 0.000000000e+00 
0.000000000e+00 0.000000000e+00 0.000000000e+00 0.000000000e+00 0.000000000e+00 
0.000000000e+00 0.000000000e+00 0.000000000e+00 0.000000000e+00 0.000000000e+00 
0.000000000e+00 0.000000000e+00 0.000000000e+00 0.000000000e+00 0.000000000e+00 
0.000000000e+00 0.000000000e+00 0.000000000e+00 0.000000000e+00 0.000000000e+00 
0.000000000e+00 0.000000000e+00 0.000000000e+00 0.000000000e+00 0.000000000e+00 
0.000000000e+00 0.000000000e+00 0.000000000e+00 0.000000000e+00 0.000000000e+00 
0.000000000e+00 0.000000000e+00 0.000000000e+00 0.000000000e+00 0.000000000e+00 
0.000000000e+00 0.000000000e+00 0.000000000e+00 0.000000000e+00 0.000000000e+00 
0.000000000e+00 0.000000000e+00 0.000000000e+00 0.000000000e+00 0.000000000e+00 
massfraction-H
0.000000000e+00 0.000000000e+00 0.000000000e+00 0.000000000e+00 0.000000000e+00 
0.000000000e+00 0.000000000e+00 0.000000000e+00 0.000000000e+00 0.000000000e+00 
0.000000000e+00 0.000000000e+00 0.000000000e+00 0.000000000e+00 0.000000000e+00 
0.000000000e+00 0.000000000e+00 0.000000000e+00 0.000000000e+00 0.000000000e+00 
0.000000000e+00 0.000000000e+00 0.000000000e+00 0.000000000e+00 0.000000000e+00 
0.000000000e+00 0.000000000e+00 0.000000000e+00 1.034587895e-10 2.521697964e-10 
6.005521344e-10 1.395949867e-09 3.163469204e-09 6.981113059e-09 1.498359995e-08 
3.123590075e-08 6.314980213e-08 1.235827534e-07 2.335358910e-07 4.247645976e-07 
7.406596361e-07 1.234099015e-06 1.968394919e-06 3.046677157e-06 4.701807313e-06 
7.425853014e-06 1.204247060e-05 1.959248452e-05 3.093304361e-05 4.624015787e-05 
6.483210273e-05 8.549435695e-05 1.069275052e-04 1.275143508e-04 1.447539814e-04 
1.550089684e-04 1.542725777e-04 1.401567312e-04 1.140824677e-04 8.166969014e-05 
5.029980424e-05 2.564532979e-05 1.003506630e-05 2.681675380e-06 4.334180340e-07 
3.880788002e-08 1.965789210e-09 0.000000000e+00 0.000000000e+00 0.000000000e+00 
0.000000000e+00 0.000000000e+00 0.000000000e+00 0.000000000e+00 0.000000000e+00 
0.000000000e+00 0.000000000e+00 0.000000000e+00 0.000000000e+00 0.000000000e+00 
0.000000000e+00 0.000000000e+00 0.000000000e+00 0.000000000e+00 0.000000000e+00 
0.000000000e+00 0.000000000e+00 0.000000000e+00 0.000000000e+00 0.000000000e+00 
0.000000000e+00 0.000000000e+00 0.000000000e+00 0.000000000e+00 0.000000000e+00 
0.000000000e+00 0.000000000e+00 0.000000000e+00 0.000000000e+00 0.000000000e+00 
0.000000000e+00 0.000000000e+00 0.000000000e+00 0.000000000e+00 0.000000000e+00 
0.000000000e+00 0.000000000e+00 0.000000000e+00 0.000000000e+00 0.000000000e+00 
0.000000000e+00 0.000000000e+00 0.000000000e+00 0.000000000e+00 0.000000000e+00 
0.000000000e+00 0.000000000e+00 0.000000000e+00 0.000000000e+00 0.000000000e+00 
0.000000000e+00 0.000000000e+00 0.000000000e+00 0.000000000e+00 0.000000000e+00 
0.000000000e+00 0.000000000e+00 0.000000000e+00 0.000000000e+00 0.000000000e+00 
0.000000000e+00 0.000000000e+00 0.000000000e+00 0.000000000e+00 0.000000000e+00 
0.000000000e+00 0.000000000e+00 0.000000000e+00 0.000000000e+00 0.000000000e+00 
0.000000000e+00 0.000000000e+00 0.000000000e+00 0.000000000e+00 0.000000000e+00 
0.000000000e+00 0.000000000e+00 0.000000000e+00 0.000000000e+00 0.000000000e+00 
0.000000000e+00 0.000000000e+00 0.000000000e+00 0.000000000e+00 0.000000000e+00 
0.000000000e+00 0.000000000e+00 0.000000000e+00 0.000000000e+00 0.000000000e+00 
massfraction-O
0.000000000e+00 0.000000000e+00 0.000000000e+00 0.000000000e+00 0.000000000e+00 
0.000000000e+00 0.000000000e+00 0.000000000e+00 0.000000000e+00 0.000000000e+00 
0.000000000e+00 0.000000000e+00 0.000000000e+00 0.000000000e+00 0.000000000e+00 
0.000000000e+00 0.000000000e+00 0.000000000e+00 0.000000000e+00 0.000000000e+00 
0.000000000e+00 0.000000000e+00 0.000000000e+00 0.000000000e+00 0.000000000e+00 
0.000000000e+00 0.000000000e+00 0.000000000e+00 0.000000000e+00 0.000000000e+00 
0.000000000e+00 0.000000000e+00 0.000000000e+00 0.000000000e+00 1.473689609e-10 
4.592712429e-10 1.372817828e-09 3.925360089e-09 1.070253498e-08 2.771329406e-08 
6.779313738e-08 1.555954012e-07 3.324519129e-07 6.575897095e-07 1.208457821e-06 
2.105055151e-06 3.594466516e-06 6.208074632e-06 1.103517582e-05 2.026422923e-05 
3.788892496e-05 7.010209983e-05 1.242091612e-04 2.048297742e-04 3.086778625e-04 
4.203185531e-04 5.114812637e-04 5.474644297e-04 5.032820828e-04 3.841390393e-04 
2.327879529e-04 1.067699866e-04 3.649220724e-05 1.007041788e-05 2.656457103e-06 
7.657303616e-07 2.531070058e-07 9.564310041e-08 3.962068624e-08 1.695215104e-08 
7.170170021e-09 2.936513074e-09 1.156144160e-09 4.368850507e-10 1.585067719e-10 
0.000000000e+00 0.000000000e+00 0.000000000e+00 0.000000000e+00 0.000000000e+00 
0.000000000e+00 0.000000000e+00 0.000000000e+00 0.000000000e+00 0.000000000e+00 
0.000000000e+00 0.000000000e+00 0.000000000e+00 0.000000000e+00 0.000000000e+00 
0.000000000e+00 0.000000000e+00 0.000000000e+00 0.000000000e+00 0.000000000e+00 
0.000000000e+00 0.000000000e+00 0.000000000e+00 0.000000000e+00 0.000000000e+00 
0.000000000e+00 0.000000000e+00 0.000000000e+00 0.000000000e+00 0.000000000e+00 
0.000000000e+00 0.000000000e+00 0.000000000e+00 0.000000000e+00 0.000000000e+00 
0.000000000e+00 0.000000000e+00 0.000000000e+00 0.000000000e+00 0.000000000e+00 
0.000000000e+00 0.000000000e+00 0.000000000e+00 0.000000000e+00 0.000000000e+00 
0.000000000e+00 0.000000000e+00 0.000000000e+00 0.000000000e+00 0.000000000e+00 
0.000000000e+00 0.000000000e+00 0.000000000e+00 0.000000000e+00 0.000000000e+00 
0.000000000e+00 0.000000000e+00 0.000000000e+00 0.000000000e+00 0.000000000e+00 
0.000000000e+00 0.000000000e+00 0.000000000e+00 0.000000000e+00 0.000000000e+00 
0.000000000e+00 0.000000000e+00 0.000000000e+00 0.000000000e+00 0.000000000e+00 
0.000000000e+00 0.000000000e+00 0.000000000e+00 0.000000000e+00 0.000000000e+00 
0.000000000e+00 0.000000000e+00 0.000000000e+00 0.000000000e+00 0.000000000e+00 
0.000000000e+00 0.000000000e+00 0.000000000e+00 0.000000000e+00 0.000000000e+00 
massfraction-O2
0.000000000e+00 0.000000000e+00 0.000000000e+00 0.000000000e+00 0.000000000e+00 
0.000000000e+00 0.000000000e+00 0.000000000e+00 0.000000000e+00 0.000000000e+00 
0.000000000e+00 0.000000000e+00 0.000000000e+00 0.000000000e+00 0.000000000e+00 
0.000000000e+00 0.000000000e+00 0.000000000e+00 0.000000000e+00 0.000000000e+00 
0.000000000e+00 0.000000000e+00 0.000000000e+00 0.000000000e+00 0.000000000e+00 
0.000000000e+00 0.000000000e+00 0.000000000e+00 4.125585000e-10 1.975397605e-09 
9.155957450e-09 4.100308435e-08 1.770614413e-07 7.356938752e-07 2.934505690e-06 
1.120845588e-05 4.088040282e-05 1.419212805e-04 4.671522169e-04 1.450699676e-03 
4.220903764e-03 1.139153137e-02 2.810426304e-02 6.216495109e-02 1.207960420e-01 
2.038561505e-01 3.009114395e-01 3.978054274e-01 4.847034406e-01 5.579446044e-01 
6.181247143e-01 6.675577170e-01 7.085788071e-01 7.432276192e-01 7.732536310e-01 
8.001734014e-01 8.252524559e-01 8.493745625e-01 8.728705670e-01 8.954779673e-01 
9.165585898e-01 9.354711878e-01 9.518145632e-01 9.654051122e-01 9.761803417e-01 
9.842317309e-01 9.898900210e-01 9.936577999e-01 9.960666338e-01 9.975753208e-01 
9.985162469e-01 9.991028247e-01 9.994664743e-01 9.996890465e-01 9.998227503e-01 
9.999012896e-01 9.999463138e-01 9.999714830e-01 9.999852019e-01 9.999924951e-01 
9.999962784e-01 9.999981945e-01 9.999991427e-01 9.999996014e-01 9.999998184e-01 
9.999999189e-01 9.999999645e-01 9.999999847e-01 9.999999936e-01 9.999999973e-01 
9.999999989e-01 9.999999996e-01 9.999999998e-01 9.999999999e-01 1.000000000e+00 
1.000000000e+00 1.000000000e+00 1.000000000e+00 1.000000000e+00 1.000000000e+00 
1.000000000e+00 1.000000000e+00 1.000000000e+00 1.000000000e+00 1.000000000e+00 
1.000000000e+00 1.000000000e+00 1.000000000e+00 1.000000000e+00 1.000000000e+00 
1.000000000e+00 1.000000000e+00 1.000000000e+00 1.000000000e+00 1.000000000e+00 
1.000000000e+00 1.000000000e+00 1.000000000e+00 1.000000000e+00 1.000000000e+00 
1.000000000e+00 1.000000000e+00 1.000000000e+00 1.000000000e+00 1.000000000e+00 
1.000000000e+00 1.000000000e+00 1.000000000e+00 1.000000000e+00 1.000000000e+00 
1.000000000e+00 1.000000000e+00 1.000000000e+00 1.000000000e+00 1.000000000e+00 
1.000000000e+00 1.000000000e+00 1.000000000e+00 1.000000000e+00 1.000000000e+00 
1.000000000e+00 1.000000000e+00 1.000000000e+00 1.000000000e+00 1.000000000e+00 
1.000000000e+00 1.000000000e+00 1.000000000e+00 1.000000000e+00 1.000000000e+00 
1.000000000e+00 1.000000000e+00 1.000000000e+00 1.000000000e+00 1.000000000e+00 
1.000000000e+00 1.000000000e+00 1.000000000e+00 1.000000000e+00 1.000000000e+00 
massfraction-OH
0.000000000e+00 0.000000000e+00 0.000000000e+00 0.000000000e+00 0.000000000e+00 
0.000000000e+00 0.000000000e+00 0.000000000e+00 0.000000000e+00 0.000000000e+00 
0.000000000e+00 0.000000000e+00 0.000000000e+00 0.000000000e+00 0.000000000e+00 
0.000000000e+00 0.000000000e+00 0.000000000e+00 0.000000000e+00 0.000000000e+00 
0.000000000e+00 0.000000000e+00 0.000000000e+00 0.000000000e+00 0.000000000e+00 
0.000000000e+00 0.000000000e+00 0.000000000e+00 0.000000000e+00 0.000000000e+00 
0.000000000e+00 0.000000000e+00 0.000000000e+00 0.000000000e+00 3.094071728e-10 
1.318192478e-09 5.426441612e-09 2.145933683e-08 8.082345469e-08 2.863215488e-07 
9.376659530e-07 2.776461684e-06 7.254955858e-06 1.641946071e-05 3.210798606e-05 
5.514031934e-05 8.490896558e-05 1.183382889e-04 1.493184800e-04 1.716367357e-04 
1.834044265e-04 1.894717463e-04 1.972472792e-04 2.133885143e-04 2.413644590e-04 
2.786222038e-04 3.143724484e-04 3.319811719e-04 3.185443470e-04 2.755310225e-04 
2.173151257e-04 1.557997577e-04 9.340702201e-05 3.976235143e-05 1.103286882e-05 
2.374058806e-06 5.460198251e-07 1.572972089e-07 5.510051611e-08 2.142156335e-08 
8.569675724e-09 3.388331925e-09 1.301566071e-09 4.825318391e-10 1.722530736e-10 
0.000000000e+00 0.000000000e+00 0.000000000e+00 0.000000000e+00 0.000000000e+00 
0.000000000e+00 0.000000000e+00 0.000000000e+00 0.000000000e+00 0.000000000e+00 
0.000000000e+00 0.000000000e+00 0.000000000e+00 0.000000000e+00 0.000000000e+00 
0.000000000e+00 0.000000000e+00 0.000000000e+00 0.000000000e+00 0.000000000e+00 
0.000000000e+00 0.000000000e+00 0.000000000e+00 0.000000000e+00 0.000000000e+00 
0.000000000e+00 0.000000000e+00 0.000000000e+00 0.000000000e+00 0.000000000e+00 
0.000000000e+00 0.000000000e+00 0.000000000e+00 0.000000000e+00 0.000000000e+00 
0.000000000e+00 0.000000000e+00 0.000000000e+00 0.000000000e+00 0.000000000e+00 
0.000000000e+00 0.000000000e+00 0.000000000e+00 0.000000000e+00 0.000000000e+00 
0.000000000e+00 0.000000000e+00 0.000000000e+00 0.000000000e+00 0.000000000e+00 
0.000000000e+00 0.000000000e+00 0.000000000e+00 0.000000000e+00 0.000000000e+00 
0.000000000e+00 0.000000000e+00 0.000000000e+00 0.000000000e+00 0.000000000e+00 
0.000000000e+00 0.000000000e+00 0.000000000e+00 0.000000000e+00 0.000000000e+00 
0.000000000e+00 0.000000000e+00 0.000000000e+00 0.000000000e+00 0.000000000e+00 
0.000000000e+00 0.000000000e+00 0.000000000e+00 0.000000000e+00 0.000000000e+00 
0.000000000e+00 0.000000000e+00 0.000000000e+00 0.000000000e+00 0.000000000e+00 
0.000000000e+00 0.000000000e+00 0.000000000e+00 0.000000000e+00 0.000000000e+00 
massfraction-HO2
0.000000000e+00 0.000000000e+00 0.000000000e+00 0.000000000e+00 0.000000000e+00 
0.000000000e+00 0.000000000e+00 0.000000000e+00 0.000000000e+00 0.000000000e+00 
0.000000000e+00 0.000000000e+00 0.000000000e+00 0.000000000e+00 0.000000000e+00 
0.000000000e+00 0.000000000e+00 0.000000000e+00 0.000000000e+00 0.000000000e+00 
0.000000000e+00 0.000000000e+00 0.000000000e+00 0.000000000e+00 0.000000000e+00 
0.000000000e+00 0.000000000e+00 0.000000000e+00 0.000000000e+00 0.000000000e+00 
0.000000000e+00 3.373711611e-10 1.457830281e-09 6.061197980e-09 2.419074618e-08 
9.244032125e-08 3.372290482e-07 1.170386525e-06 3.847328370e-06 1.190695258e-05 
3.439169235e-05 9.150618871e-05 2.200985988e-04 4.671313964e-04 8.537375742e-04 
1.325622492e-03 1.760713201e-03 2.047535220e-03 2.142230227e-03 2.067173374e-03 
1.883696537e-03 1.658264032e-03 1.437436783e-03 1.245188191e-03 1.089862110e-03 
9.717574191e-04 8.882683194e-04 8.369588794e-04 8.173559369e-04 8.311486905e-04 
8.774716628e-04 9.360455458e-04 9.414983644e-04 8.024491688e-04 5.272412517e-04 
2.683236203e-04 1.159599276e-04 4.563947307e-05 1.678506488e-05 5.813916719e-06 
1.902315170e-06 5.891938490e-07 1.730832764e-07 4.832083698e-08 1.284574227e-08 
3.258279566e-09 7.900714908e-10 1.834899617e-10 0.000000000e+00 0.000000000e+00 
0.000000000e+00 0.000000000e+00 0.000000000e+00 0.000000000e+00 0.000000000e+00 
0.000000000e+00 0.000000000e+00 0.000000000e+00 0.000000000e+00 0.000000000e+00 
0.000000000e+00 0.000000000e+00 0.000000000e+00 0.000000000e+00 0.000000000e+00 
0.000000000e+00 0.000000000e+00 0.000000000e+00 0.000000000e+00 0.000000000e+00 
0.000000000e+00 0.000000000e+00 0.000000000e+00 0.000000000e+00 0.000000000e+00 
0.000000000e+00 0.000000000e+00 0.000000000e+00 0.000000000e+00 0.000000000e+00 
0.000000000e+00 0.000000000e+00 0.000000000e+00 0.000000000e+00 0.000000000e+00 
0.000000000e+00 0.000000000e+00 0.000000000e+00 0.000000000e+00 0.000000000e+00 
0.000000000e+00 0.000000000e+00 0.000000000e+00 0.000000000e+00 0.000000000e+00 
0.000000000e+00 0.000000000e+00 0.000000000e+00 0.000000000e+00 0.000000000e+00 
0.000000000e+00 0.000000000e+00 0.000000000e+00 0.000000000e+00 0.000000000e+00 
0.000000000e+00 0.000000000e+00 0.000000000e+00 0.000000000e+00 0.000000000e+00 
0.000000000e+00 0.000000000e+00 0.000000000e+00 0.000000000e+00 0.000000000e+00 
0.000000000e+00 0.000000000e+00 0.000000000e+00 0.000000000e+00 0.000000000e+00 
0.000000000e+00 0.000000000e+00 0.000000000e+00 0.000000000e+00 0.000000000e+00 
0.000000000e+00 0.000000000e+00 0.000000000e+00 0.000000000e+00 0.000000000e+00 
massfraction-H2O
0.000000000e+00 0.000000000e+00 0.000000000e+00 0.000000000e+00 0.000000000e+00 
0.000000000e+00 0.000000000e+00 0.000000000e+00 0.000000000e+00 0.000000000e+00 
0.000000000e+00 0.000000000e+00 0.000000000e+00 0.000000000e+00 0.000000000e+00 
0.000000000e+00 0.000000000e+00 0.000000000e+00 0.000000000e+00 0.000000000e+00 
0.000000000e+00 0.000000000e+00 0.000000000e+00 0.000000000e+00 0.000000000e+00 
0.000000000e+00 0.000000000e+00 0.000000000e+00 3.636909024e-10 1.665935502e-09 
7.390179159e-09 3.169013896e-08 1.311043363e-07 5.221880799e-07 1.997914757e-06 
7.324874971e-06 2.566283206e-05 8.564589268e-05 2.712100793e-04 8.106813538e-04 
2.270465469e-03 5.891572407e-03 1.392731075e-02 2.930434769e-02 5.350393340e-02 
8.343454049e-02 1.118321377e-01 1.325118962e-01 1.439333383e-01 1.479031476e-01 
1.469795660e-01 1.430648528e-01 1.373055432e-01 1.302914010e-01 1.222026579e-01 
1.129334638e-01 1.022559964e-01 9.005316504e-02 7.655240434e-02 6.240544953e-02 
4.851643292e-02 3.574503722e-02 2.473975874e-02 1.593274787e-02 9.472489347e-03 
5.149594774e-03 2.532482945e-03 1.123298194e-03 4.536632050e-04 1.694532368e-04 
5.931190843e-05 1.961089348e-05 6.152730904e-06 1.836840067e-06 5.229280869e-07 
1.422381999e-07 3.703324048e-08 9.245667263e-09 2.217153183e-09 5.115283549e-10 
1.137180478e-10 0.000000000e+00 0.000000000e+00 0.000000000e+00 0.000000000e+00 
0.000000000e+00 0.000000000e+00 0.000000000e+00 0.000000000e+00 0.000000000e+00 
0.000000000e+00 0.000000000e+00 0.000000000e+00 0.000000000e+00 0.000000000e+00 
0.000000000e+00 0.000000000e+00 0.000000000e+00 0.000000000e+00 0.000000000e+00 
0.000000000e+00 0.000000000e+00 0.000000000e+00 0.000000000e+00 0.000000000e+00 
0.000000000e+00 0.000000000e+00 0.000000000e+00 0.000000000e+00 0.000000000e+00 
0.000000000e+00 0.000000000e+00 0.000000000e+00 0.000000000e+00 0.000000000e+00 
0.000000000e+00 0.000000000e+00 0.000000000e+00 0.000000000e+00 0.000000000e+00 
0.000000000e+00 0.000000000e+00 0.000000000e+00 0.000000000e+00 0.000000000e+00 
0.000000000e+00 0.000000000e+00 0.000000000e+00 0.000000000e+00 0.000000000e+00 
0.000000000e+00 0.000000000e+00 0.000000000e+00 0.000000000e+00 0.000000000e+00 
0.000000000e+00 0.000000000e+00 0.000000000e+00 0.000000000e+00 0.000000000e+00 
0.000000000e+00 0.000000000e+00 0.000000000e+00 0.000000000e+00 0.000000000e+00 
0.000000000e+00 0.000000000e+00 0.000000000e+00 0.000000000e+00 0.000000000e+00 
0.000000000e+00 0.000000000e+00 0.000000000e+00 0.000000000e+00 0.000000000e+00 
0.000000000e+00 0.000000000e+00 0.000000000e+00 0.000000000e+00 0.000000000e+00 
massfraction-H2O2
0.000000000e+00 0.000000000e+00 0.000000000e+00 0.000000000e+00 0.000000000e+00 
0.000000000e+00 0.000000000e+00 0.000000000e+00 0.000000000e+00 0.000000000e+00 
0.000000000e+00 0.000000000e+00 0.000000000e+00 0.000000000e+00 0.000000000e+00 
0.000000000e+00 0.000000000e+00 0.000000000e+00 0.000000000e+00 0.000000000e+00 
0.000000000e+00 0.000000000e+00 0.000000000e+00 0.000000000e+00 0.000000000e+00 
0.000000000e+00 0.000000000e+00 0.000000000e+00 0.000000000e+00 0.000000000e+00 
0.000000000e+00 0.000000000e+00 2.961458773e-10 1.232111518e-09 4.920958121e-09 
1.881960228e-08 6.872448946e-08 2.388576175e-07 7.869628673e-07 2.444711783e-06 
7.104333191e-06 1.907157562e-05 4.635254363e-05 9.902297276e-05 1.795653098e-04 
2.693170613e-04 3.338506369e-04 3.509949615e-04 3.252085311e-04 2.758040518e-04 
2.213526070e-04 1.725717388e-04 1.336153793e-04 1.049793849e-04 8.565369762e-05 
7.434971639e-05 7.007980546e-05 7.231502855e-05 8.072619978e-05 9.435861790e-05 
1.103435386e-04 1.231145024e-04 1.256478349e-04 1.128790095e-04 8.580894981e-05 
5.390866373e-05 2.819360738e-05 1.254359306e-05 4.894570900e-06 1.731394193e-06 
5.687457051e-07 1.757404920e-07 5.139809679e-08 1.427628388e-08 3.775068326e-09 
9.523320915e-10 2.296496333e-10 0.000000000e+00 0.000000000e+00 0.000000000e+00 
0.000000000e+00 0.000000000e+00 0.000000000e+00 0.000000000e+00 0.000000000e+00 
0.000000000e+00 0.000000000e+00 0.000000000e+00 0.000000000e+00 0.000000000e+00 
0.000000000e+00 0.000000000e+00 0.000000000e+00 0.000000000e+00 0.000000000e+00 
0.000000000e+00 0.000000000e+00 0.000000000e+00 0.000000000e+00 0.000000000e+00 
0.000000000e+00 0.000000000e+00 0.000000000e+00 0.000000000e+00 0.000000000e+00 
0.000000000e+00 0.000000000e+00 0.000000000e+00 0.000000000e+00 0.000000000e+00 
0.000000000e+00 0.000000000e+00 0.000000000e+00 0.000000000e+00 0.000000000e+00 
0.000000000e+00 0.000000000e+00 0.000000000e+00 0.000000000e+00 0.000000000e+00 
0.000000000e+00 0.000000000e+00 0.000000000e+00 0.000000000e+00 0.000000000e+00 
0.000000000e+00 0.000000000e+00 0.000000000e+00 0.000000000e+00 0.000000000e+00 
0.000000000e+00 0.000000000e+00 0.000000000e+00 0.000000000e+00 0.000000000e+00 
0.000000000e+00 0.000000000e+00 0.000000000e+00 0.000000000e+00 0.000000000e+00 
0.000000000e+00 0.000000000e+00 0.000000000e+00 0.000000000e+00 0.000000000e+00 
0.000000000e+00 0.000000000e+00 0.000000000e+00 0.000000000e+00 0.000000000e+00 
0.000000000e+00 0.000000000e+00 0.000000000e+00 0.000000000e+00 0.000000000e+00 
0.000000000e+00 0.000000000e+00 0.000000000e+00 0.000000000e+00 0.000000000e+00 
PREMIX_CDOT
0.000000000e+00 6.197182814e-19 5.182426130e-19 4.332066144e-19 3.619184257e-19 
3.021411172e-19 2.520121570e-19 2.099779146e-19 1.747402457e-19 1.452128617e-19 
1.204859301e-19 9.979931276e-20 8.253472038e-20 6.829497736e-20 5.748429355e-20 
5.485930046e-20 9.065222355e-20 3.447874827e-19 1.869888083e-18 1.075286505e-17 
6.177552003e-17 3.511322964e-16 1.970038316e-15 1.089625517e-14 5.934828766e-14 
3.180058333e-13 1.674882643e-12 8.665731552e-12 4.404614031e-11 2.202099983e-10 
1.086822037e-09 5.335571458e-09 2.640300141e-08 1.341226618e-07 7.114761067e-07 
3.959312856e-06 2.275525182e-05 1.308457504e-04 7.251258808e-04 3.733464460e-03 
1.724012024e-02 6.907934466e-02 2.349436364e-01 6.850265858e-01 1.812411167e+00 
4.636881993e+00 1.144321485e+01 2.572392074e+01 5.021991578e+01 8.418144735e+01 
1.232455732e+02 1.647347459e+02 2.111444545e+02 2.699789298e+02 3.486514118e+02 
4.444676764e+02 5.346602983e+02 5.791521816e+02 5.455251669e+02 4.401201577e+02 
3.076427938e+02 1.919588379e+02 1.065106167e+02 4.826512943e+01 1.490079718e+01 
2.128032637e+00 -9.206387364e-02 -9.151181312e-02 -2.103288241e-02 -3.247428654e-03 
-3.765799969e-04 -3.081542663e-05 -4.699152256e-07 5.278212335e-07 1.619534704e-07 
3.539367468e-08 6.709987630e-09 1.162964669e-09 1.878538351e-10 2.851873220e-11 
4.086872881e-12 5.543699803e-13 7.132776182e-14 8.720372026e-15 1.014669929e-15 
1.125327801e-16 1.191285584e-17 1.205385637e-18 1.167282334e-19 1.083202693e-20 
9.643910572e-22 8.247142692e-23 6.782134653e-24 5.368519573e-25 4.095653368e-26 
3.013760917e-27 2.141651671e-28 1.470286805e-29 9.767784527e-31 6.264703614e-32 
3.921588266e-33 2.377450627e-34 1.362150591e-35 7.746481446e-37 4.454274885e-38 
2.627954587e-39 1.340953471e-40 -5.273180691e-42 2.142112027e-42 -8.278221377e-44 
4.077058118e-45 6.924343646e-46 8.007695924e-47 1.210387716e-48 -9.195438085e-49 
-3.206176722e-50 1.781947204e-50 3.778522102e-52 1.531812093e-53 1.232484873e-53 
2.930246264e-54 1.825568276e-54 4.045217724e-55 1.210373566e-55 3.305841234e-56 
9.009656254e-57 2.430790210e-57 6.523333157e-58 1.739917876e-58 4.612611244e-59 
1.215684676e-59 3.186161887e-60 8.305931415e-61 2.154109289e-61 5.559018134e-62 
1.427809109e-62 3.650680999e-63 9.293905902e-64 2.356307447e-64 5.950574022e-65 
1.497170791e-65 3.753548359e-66 9.383924525e-67 2.342201626e-67 5.777941848e-68 
1.456666780e-68 4.696074105e-69 1.157269670e-69 8.180943083e-70 6.202367495e-70 
1.361516458e-68 3.750920609e-67 1.028974934e-65 2.820681837e-64 7.724282078e-63 
2.113375446e-61 5.778031959e-60 1.578839839e-58 -1.148899699e-56 0.000000000e+00 

