HEADER
PREMIX_CHI 0.0000
C  0.465784
NUMOFSPECIES  13
GRIDPOINTS 160
PRESSURE 101325.00
BODY
MIXTURE_FRACTION
1.000000000e+00 9.999999990e-01 1.000000000e+00 9.999999990e-01 1.000000000e+00 
9.999999990e-01 1.000000000e+00 9.999999990e-01 1.000000000e+00 9.999999990e-01 
1.000000000e+00 9.999999990e-01 1.000000000e+00 9.999999990e-01 1.000000000e+00 
9.999999990e-01 1.000000000e+00 9.999999990e-01 1.000000000e+00 9.999999990e-01 
1.000000000e+00 9.999999990e-01 1.000000000e+00 9.999999990e-01 1.000000000e+00 
9.999999990e-01 1.000000000e+00 9.999999990e-01 1.000000000e+00 1.000000000e+00 
1.000000000e+00 1.000000000e+00 1.000000000e+00 1.000000000e+00 1.000000000e+00 
9.999999997e-01 9.999999974e-01 9.999999780e-01 9.999998228e-01 9.999986630e-01 
9.999906031e-01 9.999389580e-01 9.996372128e-01 9.980576352e-01 9.908864339e-01 
9.643456211e-01 8.916452575e-01 7.575551402e-01 5.939453998e-01 4.484807576e-01 
3.389918468e-01 2.607741113e-01 2.038472069e-01 1.611068754e-01 1.278726253e-01 
1.011747446e-01 7.921869336e-02 6.098034812e-02 4.589158006e-02 3.361100927e-02 
2.387224682e-02 1.639606750e-02 1.085383740e-02 6.873377631e-03 4.082228829e-03 
2.179691060e-03 9.943577579e-04 3.996255943e-04 1.560993942e-04 6.074869108e-05 
2.312958941e-05 8.478919840e-06 2.970314457e-06 9.922705836e-07 3.162264323e-07 
9.627715115e-08 2.805221955e-08 7.836363688e-09 2.102448809e-09 5.426503922e-10 
1.349509642e-10 3.238386418e-11 7.508874864e-12 1.684517436e-12 3.660654764e-13 
7.714768071e-14 1.578478359e-14 3.138714037e-15 6.071344584e-16 1.143508752e-16 
2.098927919e-17 3.757706951e-18 6.566938194e-19 1.121113181e-19 1.871113265e-20 
3.055055426e-21 4.883132055e-22 7.645724899e-23 1.173409037e-23 1.766243088e-24 
2.608988506e-25 3.784043238e-26 5.391822916e-27 7.551555478e-28 1.040104321e-28 
1.409511681e-29 1.880255881e-30 2.470136176e-31 3.197230717e-32 4.079099566e-33 
5.131861465e-34 6.369188205e-35 7.801273508e-36 9.433842714e-37 1.126727383e-37 
1.329589893e-38 1.550754703e-39 1.788337625e-40 2.039802474e-41 2.302008875e-42 
2.571291377e-43 2.843566306e-44 3.114460915e-45 3.379457922e-46 3.634047635e-47 
3.873879533e-48 4.094905479e-49 4.293507538e-50 4.466604649e-51 4.611733951e-52 
4.727104292e-53 4.811621188e-54 4.864884138e-55 4.887158592e-56 4.879326022e-57 
4.842816290e-58 4.779526986e-59 4.691734495e-60 4.582001388e-61 4.453084312e-62 
4.307845980e-63 4.149174160e-64 3.979909828e-65 3.802785900e-66 3.620377302e-67 
3.435062480e-68 3.248995989e-69 3.064091368e-70 2.882013244e-71 2.704177394e-72 
2.531757442e-73 2.365696807e-74 2.206724552e-75 2.055373292e-76 1.911991786e-77 
1.776688260e-78 1.648573402e-79 1.517999506e-80 1.288766111e-81 0.000000000e+00 
PROGRESS VARIABLE
-1.388781291e-21 -1.388765713e-21 -1.388750278e-21 -1.388734970e-21 -1.388719773e-21 
-1.388704673e-21 -1.388689653e-21 -1.388674699e-21 -1.388659794e-21 -1.388644912e-21 
-1.388629937e-21 -1.388614060e-21 -1.388591043e-21 -1.388512694e-21 -1.388010469e-21 
-1.384301918e-21 -1.356674048e-21 -1.153267069e-21 3.212151613e-22 1.082921237e-20 
8.436082681e-20 5.889861733e-19 3.980976987e-18 2.628377465e-17 1.695314196e-16 
1.066995165e-15 6.543407270e-15 3.904028114e-14 2.262529777e-13 1.271510836e-12 
6.917211739e-12 3.636171353e-11 1.843626826e-10 9.000628567e-10 4.225156075e-09 
1.906038144e-08 8.272533488e-08 3.469932663e-07 1.421124780e-06 5.786435798e-06 
2.398787292e-05 1.031249227e-04 4.579465319e-04 2.030154464e-03 8.468363138e-03 
3.067250991e-02 8.784453301e-02 1.862323741e-01 2.960149815e-01 3.815568434e-01 
4.332965002e-01 4.582764869e-01 4.657842173e-01 4.605142666e-01 4.437454004e-01 
4.151466909e-01 3.745486802e-01 3.232930437e-01 2.648217036e-01 2.042847543e-01 
1.473749708e-01 9.896240744e-02 6.194741102e-02 3.650807618e-02 2.026181626e-02 
1.005190037e-02 3.977453036e-03 1.119075429e-03 2.377933805e-04 4.296440347e-05 
6.976280476e-06 1.044708848e-06 1.465446407e-07 1.947795018e-08 2.476581304e-09 
3.036665440e-10 3.614040105e-11 4.194342355e-12 4.759760938e-13 5.286293742e-14 
5.743264436e-15 6.096024413e-16 6.311377317e-17 6.364125756e-18 6.242707135e-19 
5.952243026e-20 5.514226666e-21 4.963108302e-22 4.340835487e-23 3.690758753e-24 
3.052212811e-25 2.456666827e-26 1.925800753e-27 1.471383262e-28 1.096507283e-29 
7.976103115e-31 5.667379550e-32 3.936396404e-33 2.674516884e-34 1.778763595e-35 
1.158790145e-36 7.399171739e-38 4.633638139e-39 2.847618646e-40 1.718357963e-41 
1.018733712e-42 5.936878869e-44 3.402780410e-45 1.919148312e-46 1.065604294e-47 
5.827788346e-49 3.140751199e-50 1.668711078e-51 8.744543703e-53 4.521546680e-54 
2.307870508e-55 1.163286200e-56 5.792743877e-58 2.850837992e-59 1.387123824e-60 
6.675331031e-62 3.178353802e-63 1.497811822e-64 6.988572940e-66 3.229562717e-67 
1.478658534e-68 6.709704273e-70 3.018492237e-71 1.346683330e-72 5.960256981e-74 
2.617715474e-75 1.141258102e-76 4.944335092e-78 2.165250992e-79 1.303728412e-80 
4.183108990e-81 3.648354857e-81 3.467941308e-81 3.303433362e-81 3.140488162e-81 
2.978453919e-81 2.817255085e-81 2.656841327e-81 2.497164421e-81 2.338177216e-81 
2.179833518e-81 2.022088015e-81 1.864896208e-81 1.708214343e-81 1.551999346e-81 
1.396208760e-81 1.240800689e-81 1.085733731e-81 9.309669295e-82 7.764597142e-82 
6.221718467e-82 4.680633678e-82 3.140945453e-82 1.602258226e-82 0.000000000e+00 
TEMPERATURE
3.000000000e+02 3.000000000e+02 3.000000000e+02 3.000000000e+02 3.000000000e+02 
3.000000000e+02 3.000000000e+02 3.000000000e+02 3.000000000e+02 3.000000000e+02 
3.000000000e+02 3.000000000e+02 3.000000000e+02 3.000000000e+02 3.000000000e+02 
3.000000000e+02 3.000000000e+02 3.000000000e+02 3.000000000e+02 3.000000000e+02 
3.000000000e+02 3.000000000e+02 3.000000000e+02 3.000000000e+02 3.000000000e+02 
3.000000000e+02 3.000000000e+02 3.000000000e+02 3.000000000e+02 3.000000000e+02 
3.000000000e+02 3.000000000e+02 3.000000002e+02 3.000000010e+02 3.000000060e+02 
3.000000341e+02 3.000001853e+02 3.000009538e+02 3.000046392e+02 3.000212343e+02 
3.000910351e+02 3.003635686e+02 3.013433488e+02 3.045477082e+02 3.138890035e+02 
3.373371837e+02 3.857075865e+02 4.652982679e+02 5.726794113e+02 6.997181816e+02 
8.381351102e+02 9.807493836e+02 1.118662901e+03 1.244643034e+03 1.351851282e+03 
1.433656519e+03 1.484149232e+03 1.498977132e+03 1.475957387e+03 1.415199360e+03 
1.318952689e+03 1.191463518e+03 1.038953134e+03 8.699502673e+02 6.953202902e+02 
5.285892264e+02 3.951997290e+02 3.262399295e+02 3.054357890e+02 3.009588926e+02 
3.001517840e+02 3.000219924e+02 3.000029460e+02 3.000003673e+02 3.000000428e+02 
3.000000047e+02 3.000000005e+02 3.000000000e+02 3.000000000e+02 3.000000000e+02 
3.000000000e+02 3.000000000e+02 3.000000000e+02 3.000000000e+02 3.000000000e+02 
3.000000000e+02 3.000000000e+02 3.000000000e+02 3.000000000e+02 3.000000000e+02 
3.000000000e+02 3.000000000e+02 3.000000000e+02 3.000000000e+02 3.000000000e+02 
3.000000000e+02 3.000000000e+02 3.000000000e+02 3.000000000e+02 3.000000000e+02 
3.000000000e+02 3.000000000e+02 3.000000000e+02 3.000000000e+02 3.000000000e+02 
3.000000000e+02 3.000000000e+02 3.000000000e+02 3.000000000e+02 3.000000000e+02 
3.000000000e+02 3.000000000e+02 3.000000000e+02 3.000000000e+02 3.000000000e+02 
3.000000000e+02 3.000000000e+02 3.000000000e+02 3.000000000e+02 3.000000000e+02 
3.000000000e+02 3.000000000e+02 3.000000000e+02 3.000000000e+02 3.000000000e+02 
3.000000000e+02 3.000000000e+02 3.000000000e+02 3.000000000e+02 3.000000000e+02 
3.000000000e+02 3.000000000e+02 3.000000000e+02 3.000000000e+02 3.000000000e+02 
3.000000000e+02 3.000000000e+02 3.000000000e+02 3.000000000e+02 3.000000000e+02 
3.000000000e+02 3.000000000e+02 3.000000000e+02 3.000000000e+02 3.000000000e+02 
3.000000000e+02 3.000000000e+02 3.000000000e+02 3.000000000e+02 3.000000000e+02 
3.000000000e+02 3.000000000e+02 3.000000000e+02 3.000000000e+02 3.000000000e+02 
3.000000000e+02 3.000000000e+02 3.000000000e+02 3.000000000e+02 3.000000000e+02 
Cp
1.432478610e+04 1.432478610e+04 1.432478610e+04 1.432478610e+04 1.432478610e+04 
1.432478610e+04 1.432478610e+04 1.432478610e+04 1.432478610e+04 1.432478610e+04 
1.432478610e+04 1.432478610e+04 1.432478610e+04 1.432478610e+04 1.432478610e+04 
1.432478610e+04 1.432478610e+04 1.432478610e+04 1.432478610e+04 1.432478610e+04 
1.432478610e+04 1.432478610e+04 1.432478610e+04 1.432478610e+04 1.432478610e+04 
1.432478610e+04 1.432478610e+04 1.432478610e+04 1.432478610e+04 1.432478610e+04 
1.432478610e+04 1.432478611e+04 1.432478611e+04 1.432478611e+04 1.432478614e+04 
1.432478627e+04 1.432478685e+04 1.432478926e+04 1.432479842e+04 1.432482783e+04 
1.432488965e+04 1.432479716e+04 1.432270161e+04 1.430720893e+04 1.422520118e+04 
1.389636405e+04 1.295325400e+04 1.116584187e+04 8.957063868e+03 7.000771923e+03 
5.565398019e+03 4.586838855e+03 3.893001995e+03 3.361542548e+03 2.936005943e+03 
2.581749967e+03 2.279116543e+03 2.018357378e+03 1.795307415e+03 1.608035933e+03 
1.454663047e+03 1.332237068e+03 1.236474862e+03 1.156122175e+03 1.077138404e+03 
1.006568286e+03 9.546471384e+02 9.286902703e+02 9.201109301e+02 9.176960701e+02 
9.169870988e+02 9.167577645e+02 9.166790743e+02 9.166518979e+02 9.166427510e+02 
9.166397921e+02 9.166388763e+02 9.166386051e+02 9.166385282e+02 9.166385073e+02 
9.166385019e+02 9.166385005e+02 9.166385001e+02 9.166385001e+02 9.166385000e+02 
9.166385000e+02 9.166385000e+02 9.166385000e+02 9.166385000e+02 9.166385000e+02 
9.166385000e+02 9.166385000e+02 9.166385000e+02 9.166385000e+02 9.166385000e+02 
9.166385000e+02 9.166385000e+02 9.166385000e+02 9.166385000e+02 9.166385000e+02 
9.166385000e+02 9.166385000e+02 9.166385000e+02 9.166385000e+02 9.166385000e+02 
9.166385000e+02 9.166385000e+02 9.166385000e+02 9.166385000e+02 9.166385000e+02 
9.166385000e+02 9.166385000e+02 9.166385000e+02 9.166385000e+02 9.166385000e+02 
9.166385000e+02 9.166385000e+02 9.166385000e+02 9.166385000e+02 9.166385000e+02 
9.166385000e+02 9.166385000e+02 9.166385000e+02 9.166385000e+02 9.166385000e+02 
9.166385000e+02 9.166385000e+02 9.166385000e+02 9.166385000e+02 9.166385000e+02 
9.166385000e+02 9.166385000e+02 9.166385000e+02 9.166385000e+02 9.166385000e+02 
9.166385000e+02 9.166385000e+02 9.166385000e+02 9.166385000e+02 9.166385000e+02 
9.166385000e+02 9.166385000e+02 9.166385000e+02 9.166385000e+02 9.166385000e+02 
9.166385000e+02 9.166385000e+02 9.166385000e+02 9.166385000e+02 9.166385000e+02 
9.166385000e+02 9.166385000e+02 9.166385000e+02 9.166385000e+02 9.166385000e+02 
9.166385000e+02 9.166385000e+02 9.166385000e+02 9.166385000e+02 9.166385000e+02 
MMW
2.015880000e+00 2.015880000e+00 2.015880000e+00 2.015880000e+00 2.015880000e+00 
2.015880000e+00 2.015880000e+00 2.015880000e+00 2.015880000e+00 2.015880000e+00 
2.015880000e+00 2.015880000e+00 2.015880000e+00 2.015880000e+00 2.015880000e+00 
2.015880000e+00 2.015880000e+00 2.015880000e+00 2.015880000e+00 2.015880000e+00 
2.015880000e+00 2.015880000e+00 2.015880000e+00 2.015880000e+00 2.015880000e+00 
2.015880000e+00 2.015880000e+00 2.015880000e+00 2.015880000e+00 2.015880000e+00 
2.015880000e+00 2.015880000e+00 2.015880000e+00 2.015879998e+00 2.015879992e+00 
2.015879963e+00 2.015879843e+00 2.015879384e+00 2.015877801e+00 2.015873327e+00 
2.015866506e+00 2.015897135e+00 2.016285546e+00 2.018856352e+00 2.031820771e+00 
2.083620503e+00 2.243728735e+00 2.618789599e+00 3.293845296e+00 4.274387716e+00 
5.503887635e+00 6.914569577e+00 8.479542625e+00 1.018275377e+01 1.201637986e+01 
1.397412764e+01 1.604181570e+01 1.819101714e+01 2.037797495e+01 2.254370205e+01 
2.461341476e+01 2.650096470e+01 2.812577282e+01 2.944058004e+01 3.044660035e+01 
3.116674663e+01 3.161291717e+01 3.183341562e+01 3.192969514e+01 3.197080362e+01 
3.198793614e+01 3.199478532e+01 3.199738907e+01 3.199832808e+01 3.199864954e+01 
3.199875418e+01 3.199878665e+01 3.199879627e+01 3.199879900e+01 3.199879974e+01 
3.199879994e+01 3.199879998e+01 3.199880000e+01 3.199880000e+01 3.199880000e+01 
3.199880000e+01 3.199880000e+01 3.199880000e+01 3.199880000e+01 3.199880000e+01 
3.199880000e+01 3.199880000e+01 3.199880000e+01 3.199880000e+01 3.199880000e+01 
3.199880000e+01 3.199880000e+01 3.199880000e+01 3.199880000e+01 3.199880000e+01 
3.199880000e+01 3.199880000e+01 3.199880000e+01 3.199880000e+01 3.199880000e+01 
3.199880000e+01 3.199880000e+01 3.199880000e+01 3.199880000e+01 3.199880000e+01 
3.199880000e+01 3.199880000e+01 3.199880000e+01 3.199880000e+01 3.199880000e+01 
3.199880000e+01 3.199880000e+01 3.199880000e+01 3.199880000e+01 3.199880000e+01 
3.199880000e+01 3.199880000e+01 3.199880000e+01 3.199880000e+01 3.199880000e+01 
3.199880000e+01 3.199880000e+01 3.199880000e+01 3.199880000e+01 3.199880000e+01 
3.199880000e+01 3.199880000e+01 3.199880000e+01 3.199880000e+01 3.199880000e+01 
3.199880000e+01 3.199880000e+01 3.199880000e+01 3.199880000e+01 3.199880000e+01 
3.199880000e+01 3.199880000e+01 3.199880000e+01 3.199880000e+01 3.199880000e+01 
3.199880000e+01 3.199880000e+01 3.199880000e+01 3.199880000e+01 3.199880000e+01 
3.199880000e+01 3.199880000e+01 3.199880000e+01 3.199880000e+01 3.199880000e+01 
3.199880000e+01 3.199880000e+01 3.199880000e+01 3.199880000e+01 3.199880000e+01 
rho
8.188905810e-02 8.188905810e-02 8.188905810e-02 8.188905810e-02 8.188905810e-02 
8.188905810e-02 8.188905810e-02 8.188905810e-02 8.188905810e-02 8.188905810e-02 
8.188905810e-02 8.188905810e-02 8.188905810e-02 8.188905810e-02 8.188905810e-02 
8.188905810e-02 8.188905810e-02 8.188905810e-02 8.188905810e-02 8.188905810e-02 
8.188905810e-02 8.188905810e-02 8.188905810e-02 8.188905810e-02 8.188905810e-02 
8.188905810e-02 8.188905810e-02 8.188905810e-02 8.188905810e-02 8.188905810e-02 
8.188905810e-02 8.188905809e-02 8.188905804e-02 8.188905776e-02 8.188905613e-02 
8.188904727e-02 8.188900115e-02 8.188877272e-02 8.188770246e-02 8.188299126e-02 
8.186366838e-02 8.179063247e-02 8.154040814e-02 8.078533632e-02 7.888451304e-02 
7.527259039e-02 7.089157467e-02 6.858855068e-02 7.009290863e-02 7.444460136e-02 
8.002726585e-02 8.591906883e-02 9.237525418e-02 9.970177352e-02 1.083246229e-01 
1.187851215e-01 1.317220271e-01 1.478919142e-01 1.682556511e-01 1.941288433e-01 
2.274181420e-01 2.710587238e-01 3.299065677e-01 4.124149412e-01 5.336252341e-01 
7.185477234e-01 9.748333755e-01 1.189127929e+00 1.273964432e+00 1.294579803e+00 
1.298756535e+00 1.299596593e+00 1.299784869e+00 1.299834186e+00 1.299848650e+00 
1.299853066e+00 1.299854403e+00 1.299854796e+00 1.299854907e+00 1.299854937e+00 
1.299854945e+00 1.299854947e+00 1.299854948e+00 1.299854948e+00 1.299854948e+00 
1.299854948e+00 1.299854948e+00 1.299854948e+00 1.299854948e+00 1.299854948e+00 
1.299854948e+00 1.299854948e+00 1.299854948e+00 1.299854948e+00 1.299854948e+00 
1.299854948e+00 1.299854948e+00 1.299854948e+00 1.299854948e+00 1.299854948e+00 
1.299854948e+00 1.299854948e+00 1.299854948e+00 1.299854948e+00 1.299854948e+00 
1.299854948e+00 1.299854948e+00 1.299854948e+00 1.299854948e+00 1.299854948e+00 
1.299854948e+00 1.299854948e+00 1.299854948e+00 1.299854948e+00 1.299854948e+00 
1.299854948e+00 1.299854948e+00 1.299854948e+00 1.299854948e+00 1.299854948e+00 
1.299854948e+00 1.299854948e+00 1.299854948e+00 1.299854948e+00 1.299854948e+00 
1.299854948e+00 1.299854948e+00 1.299854948e+00 1.299854948e+00 1.299854948e+00 
1.299854948e+00 1.299854948e+00 1.299854948e+00 1.299854948e+00 1.299854948e+00 
1.299854948e+00 1.299854948e+00 1.299854948e+00 1.299854948e+00 1.299854948e+00 
1.299854948e+00 1.299854948e+00 1.299854948e+00 1.299854948e+00 1.299854948e+00 
1.299854948e+00 1.299854948e+00 1.299854948e+00 1.299854948e+00 1.299854948e+00 
1.299854948e+00 1.299854948e+00 1.299854948e+00 1.299854948e+00 1.299854948e+00 
1.299854948e+00 1.299854948e+00 1.299854948e+00 1.299854948e+00 1.299854948e+00 
mu
9.000028555e-06 9.000028555e-06 9.000028555e-06 9.000028555e-06 9.000028555e-06 
9.000028555e-06 9.000028555e-06 9.000028555e-06 9.000028555e-06 9.000028555e-06 
9.000028555e-06 9.000028555e-06 9.000028555e-06 9.000028555e-06 9.000028555e-06 
9.000028555e-06 9.000028555e-06 9.000028555e-06 9.000028555e-06 9.000028555e-06 
9.000028555e-06 9.000028555e-06 9.000028555e-06 9.000028555e-06 9.000028555e-06 
9.000028555e-06 9.000028555e-06 9.000028555e-06 9.000028555e-06 9.000028555e-06 
9.000028555e-06 9.000028555e-06 9.000028558e-06 9.000028576e-06 9.000028678e-06 
9.000029253e-06 9.000032321e-06 9.000047860e-06 9.000122239e-06 9.000457249e-06 
9.001870626e-06 9.007426804e-06 9.027644206e-06 9.095050021e-06 9.297352494e-06 
9.828353797e-06 1.100808440e-05 1.319591076e-05 1.661940721e-05 2.122895607e-05 
2.671014195e-05 3.265275738e-05 3.864119126e-05 4.432999925e-05 4.942306252e-05 
5.365409280e-05 5.678715608e-05 5.864294744e-05 5.912971334e-05 5.825217370e-05 
5.609276681e-05 5.277834930e-05 4.844970091e-05 4.325589155e-05 3.737248369e-05 
3.108274688e-05 2.534757107e-05 2.201325909e-05 2.094017148e-05 2.070484173e-05 
2.066242011e-05 2.065567597e-05 2.065471879e-05 2.065460118e-05 2.065459054e-05 
2.065459065e-05 2.065459110e-05 2.065459127e-05 2.065459132e-05 2.065459134e-05 
2.065459134e-05 2.065459134e-05 2.065459134e-05 2.065459134e-05 2.065459134e-05 
2.065459134e-05 2.065459134e-05 2.065459134e-05 2.065459134e-05 2.065459134e-05 
2.065459134e-05 2.065459134e-05 2.065459134e-05 2.065459134e-05 2.065459134e-05 
2.065459134e-05 2.065459134e-05 2.065459134e-05 2.065459134e-05 2.065459134e-05 
2.065459134e-05 2.065459134e-05 2.065459134e-05 2.065459134e-05 2.065459134e-05 
2.065459134e-05 2.065459134e-05 2.065459134e-05 2.065459134e-05 2.065459134e-05 
2.065459134e-05 2.065459134e-05 2.065459134e-05 2.065459134e-05 2.065459134e-05 
2.065459134e-05 2.065459134e-05 2.065459134e-05 2.065459134e-05 2.065459134e-05 
2.065459134e-05 2.065459134e-05 2.065459134e-05 2.065459134e-05 2.065459134e-05 
2.065459134e-05 2.065459134e-05 2.065459134e-05 2.065459134e-05 2.065459134e-05 
2.065459134e-05 2.065459134e-05 2.065459134e-05 2.065459134e-05 2.065459134e-05 
2.065459134e-05 2.065459134e-05 2.065459134e-05 2.065459134e-05 2.065459134e-05 
2.065459134e-05 2.065459134e-05 2.065459134e-05 2.065459134e-05 2.065459134e-05 
2.065459134e-05 2.065459134e-05 2.065459134e-05 2.065459134e-05 2.065459134e-05 
2.065459134e-05 2.065459134e-05 2.065459134e-05 2.065459134e-05 2.065459134e-05 
2.065459134e-05 2.065459134e-05 2.065459134e-05 2.065459134e-05 2.065459134e-05 
TC
1.868277014e-01 1.868277014e-01 1.868277014e-01 1.868277014e-01 1.868277014e-01 
1.868277014e-01 1.868277014e-01 1.868277014e-01 1.868277014e-01 1.868277014e-01 
1.868277014e-01 1.868277014e-01 1.868277014e-01 1.868277014e-01 1.868277014e-01 
1.868277014e-01 1.868277014e-01 1.868277014e-01 1.868277014e-01 1.868277014e-01 
1.868277014e-01 1.868277014e-01 1.868277014e-01 1.868277014e-01 1.868277014e-01 
1.868277014e-01 1.868277014e-01 1.868277014e-01 1.868277014e-01 1.868277014e-01 
1.868277014e-01 1.868277014e-01 1.868277015e-01 1.868277020e-01 1.868277049e-01 
1.868277206e-01 1.868278018e-01 1.868282025e-01 1.868300762e-01 1.868383287e-01 
1.868723132e-01 1.870020006e-01 1.874549852e-01 1.888750138e-01 1.927326252e-01 
2.012860285e-01 2.156636033e-01 2.335594329e-01 2.516910354e-01 2.687864127e-01 
2.841272274e-01 2.965876852e-01 3.038596990e-01 3.045432409e-01 2.978612146e-01 
2.837148971e-01 2.628810699e-01 2.370256055e-01 2.083448227e-01 1.790102236e-01 
1.507336475e-01 1.245836511e-01 1.010221291e-01 8.012764726e-02 6.187272717e-02 
4.637936084e-02 3.480040293e-02 2.895469126e-02 2.713483596e-02 2.668561731e-02 
2.657533251e-02 2.654513098e-02 2.653582210e-02 2.653277182e-02 2.653176746e-02 
2.653144530e-02 2.653134589e-02 2.653131649e-02 2.653130816e-02 2.653130589e-02 
2.653130530e-02 2.653130515e-02 2.653130512e-02 2.653130511e-02 2.653130511e-02 
2.653130511e-02 2.653130511e-02 2.653130511e-02 2.653130511e-02 2.653130511e-02 
2.653130511e-02 2.653130511e-02 2.653130511e-02 2.653130511e-02 2.653130511e-02 
2.653130511e-02 2.653130511e-02 2.653130511e-02 2.653130511e-02 2.653130511e-02 
2.653130511e-02 2.653130511e-02 2.653130511e-02 2.653130511e-02 2.653130511e-02 
2.653130511e-02 2.653130511e-02 2.653130511e-02 2.653130511e-02 2.653130511e-02 
2.653130511e-02 2.653130511e-02 2.653130511e-02 2.653130511e-02 2.653130511e-02 
2.653130511e-02 2.653130511e-02 2.653130511e-02 2.653130511e-02 2.653130511e-02 
2.653130511e-02 2.653130511e-02 2.653130511e-02 2.653130511e-02 2.653130511e-02 
2.653130511e-02 2.653130511e-02 2.653130511e-02 2.653130511e-02 2.653130511e-02 
2.653130511e-02 2.653130511e-02 2.653130511e-02 2.653130511e-02 2.653130511e-02 
2.653130511e-02 2.653130511e-02 2.653130511e-02 2.653130511e-02 2.653130511e-02 
2.653130511e-02 2.653130511e-02 2.653130511e-02 2.653130511e-02 2.653130511e-02 
2.653130511e-02 2.653130511e-02 2.653130511e-02 2.653130511e-02 2.653130511e-02 
2.653130511e-02 2.653130511e-02 2.653130511e-02 2.653130511e-02 2.653130511e-02 
2.653130511e-02 2.653130511e-02 2.653130511e-02 2.653130511e-02 2.653130511e-02 
net_rxn-H2
-2.086791821e-20 -2.064605767e-20 -2.042593155e-20 -2.020730858e-20 -1.998996308e-20 
-1.977367382e-20 -1.955822292e-20 -1.934339473e-20 -1.912897477e-20 -1.891474860e-20 
-1.870050077e-20 -1.848601363e-20 -1.827106614e-20 -1.805543265e-20 -1.783888150e-20 
-1.762117365e-20 -1.740206149e-20 -1.718129301e-20 -1.695869066e-20 -1.673522583e-20 
-1.652708655e-20 -1.654565707e-20 -1.944800632e-20 -5.780267044e-20 -5.207455829e-19 
-5.933636945e-18 -6.743123305e-17 -7.454224194e-16 -7.985324201e-15 -8.271961367e-14 
-8.268497182e-13 -7.956704323e-12 -7.351220549e-11 -6.499013679e-10 -5.472149796e-09 
-4.355493562e-08 -3.233254415e-07 -2.179180479e-06 -1.253260148e-05 -5.030762713e-05 
3.639137910e-05 3.495800247e-03 4.508376121e-02 3.888927596e-01 2.408619263e+00 
9.725909815e+00 2.058556846e+01 8.715520266e+00 -5.651963485e+01 -1.646820358e+02 
-3.058288689e+02 -5.420725670e+02 -9.865373106e+02 -1.712110834e+03 -2.638706499e+03 
-3.492984567e+03 -3.922562744e+03 -3.727161079e+03 -3.002647681e+03 -2.053229070e+03 
-1.188761190e+03 -5.844888022e+02 -2.480676441e+02 -8.579964409e+01 -1.295641928e+01 
6.356924438e+00 2.212550946e+00 1.208805072e-01 1.780282610e-03 -4.178920410e-05 
-5.892972284e-06 -4.513823373e-07 -2.916985061e-08 -1.666575385e-09 -8.516204656e-11 
-3.918304395e-12 -1.632277731e-13 -6.187301574e-15 -2.143868271e-16 -6.818681818e-18 
-1.998397331e-19 -5.416142566e-21 -1.361949959e-22 -3.187361652e-24 -6.962219933e-26 
-1.423237003e-27 -2.729696778e-29 -4.923664982e-31 -8.370846713e-33 -1.344228278e-34 
-2.042989437e-36 -2.944220736e-38 -4.030567463e-40 -5.250445068e-42 -6.518801407e-44 
-7.726032877e-46 -8.754051093e-48 -9.496353294e-50 -9.880804145e-52 -9.942546142e-54 
-1.070608774e-55 -2.682603037e-57 -2.655688400e-58 -3.617302725e-59 -4.973619512e-60 
-6.739364810e-61 -8.990100742e-62 -1.181050160e-62 -1.528697004e-63 -1.950346356e-64 
-2.453705075e-65 -3.045310074e-66 -3.730035296e-67 -4.510618204e-68 -5.387239537e-69 
-6.357189276e-70 -7.414648095e-71 -8.550607094e-72 -9.752939973e-73 -1.100663161e-73 
-1.229415631e-74 -1.359598875e-75 -1.489122145e-76 -1.615825585e-77 -1.737552969e-78 
-1.852224175e-79 -1.957903662e-80 -2.052861580e-81 -2.135624776e-82 -2.205015680e-83 
-2.260177884e-84 -2.300588082e-85 -2.326054781e-86 -2.336704902e-87 -2.332959902e-88 
-2.315503446e-89 -2.285242831e-90 -2.243266468e-91 -2.190799603e-92 -2.129160276e-93 
-2.059717242e-94 -1.983851233e-95 -1.902920608e-96 -1.818232064e-97 -1.731016751e-98 
-1.642411881e-99 -1.553447614e-100 -1.465038874e-101 -1.377981571e-102 -1.292952633e-103 
-1.210513208e-104 -1.131114379e-105 -1.055104778e-106 -9.827395273e-108 -9.141899708e-109 
-8.495537866e-110 -7.888650838e-111 -7.321041558e-112 -6.792061920e-113 -6.300640397e-114 
net_rxn-H
1.043395910e-20 1.032302883e-20 1.021296578e-20 1.010365429e-20 9.994981539e-21 
9.886836910e-21 9.779111460e-21 9.671697366e-21 9.564487383e-21 9.457374302e-21 
9.350250387e-21 9.243006815e-21 9.135533071e-21 9.027716323e-21 8.919440749e-21 
8.810586825e-21 8.701030743e-21 8.590646505e-21 8.479345330e-21 8.367612914e-21 
8.263543275e-21 8.272828534e-21 9.724003139e-21 2.890133429e-20 2.603727528e-19 
2.966816941e-18 3.371555893e-17 3.727091593e-16 3.992593240e-15 4.135763230e-14 
4.133605211e-13 3.976575383e-12 3.671048524e-11 3.238664228e-10 2.712321542e-09 
2.130002298e-08 1.528980909e-07 9.432870330e-07 4.053881995e-06 -5.083672559e-06 
-3.916101235e-04 -5.922425242e-03 -6.479396520e-02 -5.759248568e-01 -4.105317183e+00 
-2.121151474e+01 -6.818216932e+01 -1.254169114e+02 -1.404420096e+02 -1.070545775e+02 
-4.451198248e+01 5.865381939e+01 2.319941782e+02 4.900697239e+02 7.888550976e+02 
1.017785272e+03 1.055958715e+03 8.656103070e+02 5.309633215e+02 1.961636718e+02 
-2.993800034e+01 -1.280896045e+02 -1.645322628e+02 -2.151816077e+02 -2.621463022e+02 
-2.152456195e+02 -8.476296697e+01 -1.356743028e+01 -1.219729625e+00 -8.990740105e-02 
-6.307178603e-03 -4.359727230e-04 -2.988918739e-05 -2.034956100e-06 -1.376408193e-07 
-9.250733505e-09 -6.178742324e-10 -4.101706625e-11 -2.706504680e-12 -1.775283542e-13 
-1.157640155e-14 -7.505097747e-16 -4.837763469e-17 -3.100746378e-18 -1.976281155e-19 
-1.252620769e-20 -7.895989275e-22 -4.950367404e-23 -3.087026597e-24 -1.914889519e-25 
-1.181615224e-26 -7.253811444e-28 -4.430403924e-29 -2.692381037e-30 -1.628078472e-31 
-9.796916971e-33 -5.866899797e-34 -3.496738197e-35 -2.074354615e-36 -1.224894634e-37 
-7.200139054e-39 -4.213472810e-40 -2.454864701e-41 -1.424078810e-42 -8.226039180e-44 
-4.731830049e-45 -2.710694530e-46 -1.546595314e-47 -8.789196738e-49 -4.975421784e-50 
-2.805761772e-51 -1.576318308e-52 -8.823511377e-54 -4.921252593e-55 -2.735135901e-56 
-1.514898989e-57 -8.362237738e-59 -4.600743892e-60 -2.523091775e-61 -1.379336691e-62 
-7.517486697e-64 -4.084822109e-65 -2.213118975e-66 -1.195640484e-67 -6.441601667e-69 
-3.461128753e-70 -1.854836240e-71 -9.914953178e-73 -5.286965136e-74 -2.812460091e-75 
-1.492670479e-76 -7.904469566e-78 -4.176825564e-79 -2.202512681e-80 -1.159104934e-81 
-6.088266782e-83 -3.191419623e-84 -1.666299865e-85 -8.711867033e-87 -4.794852383e-88 
3.265902983e-88 2.597412831e-88 1.186866307e-87 -2.053182293e-88 3.046542055e-88 
5.307432037e-88 3.571103889e-88 4.532625815e-89 -1.585667122e-88 2.750283011e-88 
-2.306444949e-88 -3.253589058e-89 8.438133125e-89 1.493022715e-88 6.600961422e-89 
2.369303682e-89 2.195939511e-89 3.914407376e-91 8.960263468e-92 1.242713657e-92 
net_rxn-O
1.103539532e-20 1.103522368e-20 1.103505177e-20 1.103487942e-20 1.103470643e-20 
1.103453263e-20 1.103435784e-20 1.103418186e-20 1.103400450e-20 1.103382554e-20 
1.103364479e-20 1.103346200e-20 1.103327695e-20 1.103308938e-20 1.103289904e-20 
1.103270563e-20 1.103250885e-20 1.103230829e-20 1.103210248e-20 1.103187644e-20 
1.103144099e-20 1.102840815e-20 1.099325714e-20 1.056971791e-20 5.567523143e-21 
-5.196376926e-20 -6.949588326e-19 -7.665670850e-18 -8.082760832e-17 -8.227385983e-16 
-8.076053242e-15 -7.628365216e-14 -6.917047350e-13 -6.006445713e-12 -4.985680954e-11 
-3.961087720e-10 -3.055674126e-09 -2.424310522e-08 -2.284497230e-07 -2.934667269e-06 
-4.690406849e-05 -7.656413714e-04 -1.132783856e-02 -1.418988333e-01 -1.388940877e+00 
-9.376326068e+00 -3.864227565e+01 -9.787183227e+01 -1.787062948e+02 -2.884362731e+02 
-4.571655250e+02 -7.043172311e+02 -1.023014065e+03 -1.340685535e+03 -1.441784963e+03 
-9.637681483e+02 3.746890695e+02 2.380119381e+03 4.251061394e+03 4.996042276e+03 
4.110114529e+03 2.046745258e+03 9.536971256e+01 -6.618752298e+02 -4.605514567e+02 
-1.655226521e+02 -3.771503656e+01 -4.341930634e+00 -2.771783566e-01 -1.254789823e-02 
-4.592847736e-04 -1.443049685e-05 -4.013388560e-07 -1.006175385e-08 -2.299331840e-10 
-4.820241958e-12 -9.301260623e-14 -1.655212308e-15 -2.720157613e-17 -4.123196664e-19 
-5.642558531e-21 -5.864692752e-23 4.353476036e-25 8.444619897e-26 6.155995369e-27 
4.014750694e-28 2.548604680e-29 1.600842773e-30 9.987918358e-32 6.196392574e-33 
3.823729988e-34 2.347369331e-35 1.433703874e-36 8.712702463e-38 5.268557732e-39 
3.170340054e-40 1.898563351e-41 1.131565089e-42 6.712733792e-44 3.963831227e-45 
2.330007434e-46 1.363504635e-47 7.944086858e-49 4.608402961e-50 2.661994761e-51 
1.531248093e-52 8.771967262e-54 5.004873589e-55 2.844235867e-56 1.610075814e-57 
9.079610462e-59 5.101058950e-60 2.855340286e-61 1.592546344e-62 8.851060981e-64 
4.902302415e-65 2.706069419e-66 1.488827856e-67 8.164875309e-69 4.463631009e-70 
2.432864818e-71 1.323490673e-72 7.323599785e-74 5.487326509e-75 1.826617461e-75 
1.629363851e-75 1.618763671e-75 1.618195520e-75 1.618165146e-75 1.618163526e-75 
1.618163440e-75 1.618163435e-75 1.618163435e-75 1.618163435e-75 1.618163435e-75 
1.618163435e-75 1.618163435e-75 1.618163435e-75 1.618163435e-75 1.618163435e-75 
1.618163435e-75 1.618163435e-75 1.618163435e-75 1.618163435e-75 1.618163435e-75 
1.618163435e-75 1.618163435e-75 1.618163435e-75 1.618163435e-75 1.618163435e-75 
1.618163435e-75 1.618163435e-75 1.618163435e-75 1.618163435e-75 1.618163435e-75 
1.618163435e-75 1.618163435e-75 1.618163435e-75 1.618163435e-75 1.618163435e-75 
net_rxn-O2
-2.152799983e-37 -2.131309277e-37 -2.109986882e-37 -2.088810390e-37 -2.067757939e-37 
-2.046808098e-37 -2.025939761e-37 -2.005132041e-37 -1.984364163e-37 -1.963615361e-37 
-1.942864769e-37 -1.922091309e-37 -1.901273579e-37 -1.880389729e-37 -1.859417331e-37 
-1.838333242e-37 -1.817113489e-37 -1.795733665e-37 -4.721244175e-37 -8.915125033e-36 
-6.800996687e-35 -4.736009455e-34 -3.202877571e-33 -2.145827548e-32 -1.697081956e-31 
-4.041525579e-30 -2.920428785e-28 -2.439479320e-26 -1.945400249e-24 -1.454132537e-22 
-1.013642156e-20 -6.560627693e-19 -3.924379709e-17 -2.158682050e-15 -1.086027784e-13 
-4.967700684e-12 -2.052614357e-10 -7.606263887e-09 -2.507573008e-07 -7.287445494e-06 
-1.846777956e-04 -4.023600287e-03 -7.373678980e-02 -1.091796986e+00 -1.207979319e+01 
-8.787407731e+01 -3.708630416e+02 -9.087917182e+02 -1.487036032e+03 -1.899729171e+03 
-2.188479283e+03 -2.737939469e+03 -4.276021868e+03 -7.472247812e+03 -1.246263326e+04 
-1.845679841e+04 -2.376542146e+04 -2.648149528e+04 -2.549411952e+04 -2.103371367e+04 
-1.447886864e+04 -7.885920887e+03 -3.389891424e+03 -1.963740582e+03 -2.191761195e+03 
-1.933568764e+03 -1.033530779e+03 -2.508806711e+02 -2.866746068e+01 -2.452823437e+00 
-1.874763380e-01 -1.350453046e-02 -9.414882950e-04 -6.447328318e-05 -4.368263793e-06 
-2.937003794e-07 -1.961749195e-08 -1.302248696e-09 -8.592599713e-11 -5.636052297e-12 
-3.675160698e-13 -2.382631780e-14 -1.535833914e-15 -9.843861161e-17 -6.274047716e-18 
-3.976661681e-19 -2.506718515e-20 -1.571579829e-21 -9.800300296e-23 -6.079148238e-24 
-3.751242061e-25 -2.302848003e-26 -1.406508414e-27 -8.547429641e-29 -5.168616922e-30 
-3.110200873e-31 -1.862548894e-32 -1.110100068e-33 -6.585397786e-35 -3.888640038e-36 
-2.285808774e-37 -1.337639877e-38 -7.793392919e-40 -4.520984683e-41 -2.611498527e-42 
-1.502201355e-43 -8.605568994e-45 -4.909934533e-46 -2.790282642e-47 -1.579533768e-48 
-8.907376412e-50 -5.004295322e-51 -2.801176418e-52 -1.562336820e-53 -8.683162359e-55 
-4.809309063e-56 -2.654737117e-57 -1.460585785e-58 -8.009991576e-60 -4.378943083e-61 
-2.386556277e-62 -1.296797485e-63 -7.025929269e-65 -3.795767678e-66 -2.044997967e-67 
-1.098795396e-68 -5.888514894e-70 -3.147835333e-71 -1.680056768e-72 -9.090457796e-74 
-6.356904317e-75 -1.869104511e-75 -1.631423491e-75 -1.618862661e-75 -1.618200233e-75 
-1.618165368e-75 -1.618163536e-75 -1.618163440e-75 -1.618163435e-75 -1.618163435e-75 
-1.618163435e-75 -1.618163435e-75 -1.618163435e-75 -1.618163435e-75 -1.618163435e-75 
-1.618163435e-75 -1.618163435e-75 -1.618163435e-75 -1.618163435e-75 -1.618163435e-75 
-1.618163435e-75 -1.618163435e-75 -1.618163435e-75 -1.618163435e-75 -1.618163435e-75 
-1.618163435e-75 -1.618163435e-75 -1.618163435e-75 -1.618163435e-75 -1.618163435e-75 
net_rxn-OH
-1.995172252e-19 -1.976450933e-19 -1.957875936e-19 -1.939427745e-19 -1.921087317e-19 
-1.902835984e-19 -1.884655359e-19 -1.866527245e-19 -1.848433542e-19 -1.830356155e-19 
-1.812276903e-19 -1.794177417e-19 -1.776039045e-19 -1.757842744e-19 -1.739568964e-19 
-1.721197531e-19 -1.702707549e-19 -1.684077750e-19 -1.665293120e-19 -1.646435296e-19 
-1.628865988e-19 -1.630368245e-19 -1.874482938e-19 -5.101339986e-19 -4.405202462e-18 
-4.994976341e-17 -5.674194113e-16 -6.272629861e-15 -6.719896949e-14 -6.961666883e-13 
-6.959784656e-12 -6.699599017e-11 -6.194982383e-10 -5.488532959e-09 -4.646138686e-08 
-3.746636068e-07 -2.868792160e-06 -2.078751652e-05 -1.420964791e-04 -9.143722828e-04 
-5.538306468e-03 -3.155826596e-02 -1.659460320e-01 -7.320259595e-01 -1.936026813e+00 
1.914305455e+00 3.639682050e+01 1.280643124e+02 1.809488963e+02 3.706866512e+01 
-3.135862505e+02 -8.586803339e+02 -1.479693041e+03 -1.891559397e+03 -1.655186053e+03 
-4.754375898e+02 1.364534377e+03 2.966096634e+03 3.478781515e+03 2.804834520e+03 
1.562613068e+03 5.294507799e+02 2.455571944e+02 7.456776311e+02 1.128928344e+03 
4.559564669e+02 -1.516755380e+02 -5.178847520e+01 -4.073535027e+00 -1.851623084e-01 
-6.356467265e-03 -1.818777564e-04 -4.578336939e-06 -1.071149993e-07 -2.516244993e-09 
-6.479052396e-11 -1.895553581e-12 -6.011368175e-14 -1.922044541e-15 -5.904555095e-17 
-1.704656068e-18 -4.588599990e-20 -1.149519874e-21 -2.679949256e-23 -5.805701596e-25 
-1.157295407e-26 -2.030358626e-28 -2.449003530e-30 3.560655894e-32 5.453619593e-33 
3.892406101e-34 2.470432497e-35 1.520627783e-36 9.257164999e-38 5.599920095e-39 
3.370001957e-40 2.018162829e-41 1.202851320e-42 7.135625875e-44 4.213547012e-45 
2.476794662e-46 1.449403534e-47 8.444553306e-49 4.898725953e-50 2.829696738e-51 
1.627714598e-52 9.324589028e-54 5.320173681e-55 3.023418780e-56 1.711508356e-57 
9.651613323e-59 5.422418586e-60 3.035222762e-61 1.692874554e-62 9.408665541e-64 
5.211140664e-65 2.876548036e-66 1.582621927e-67 8.679249404e-69 4.744816368e-70 
2.585959916e-71 1.405148644e-72 7.612965861e-74 4.112914980e-75 2.215863410e-76 
1.190602735e-77 6.380499708e-79 3.410670686e-80 1.818676972e-81 9.674655081e-83 
5.134676269e-84 2.719079205e-85 1.436797193e-86 7.576481395e-88 3.987235787e-89 
2.094319216e-90 1.097825178e-91 5.731952357e-93 2.996821700e-94 1.649397477e-95 
-1.123446157e-95 -8.934908009e-96 -4.082732455e-95 7.062795487e-96 -1.047987972e-95 
-1.825717431e-95 -1.228433369e-95 -1.559189812e-96 5.454577815e-96 -9.460770480e-96 
7.934000318e-96 1.119210612e-96 -2.902655489e-96 -5.135887897e-96 -2.270681988e-96 
-8.150229721e-97 -7.553869773e-97 -1.346527234e-98 -3.082264471e-99 -4.274843221e-100 
net_rxn-HO2
2.239600880e-33 2.239601165e-33 2.239601453e-33 2.239601742e-33 2.239602034e-33 
2.239602329e-33 2.239602627e-33 2.239602929e-33 2.239603234e-33 2.239603544e-33 
2.239603859e-33 2.239604178e-33 2.239604503e-33 2.239604834e-33 2.239605172e-33 
2.239605517e-33 2.239605870e-33 2.239606231e-33 2.244544139e-33 2.386035376e-33 
3.376144178e-33 1.017096032e-32 5.584468798e-32 3.561981790e-31 2.289679766e-30 
1.481596947e-29 1.281426153e-28 3.907428595e-27 2.714846919e-25 1.996700734e-23 
1.382674566e-21 8.896717610e-20 5.291052527e-18 2.893765577e-16 1.447541748e-14 
6.583521565e-13 2.704476116e-11 9.960959831e-10 3.261819047e-08 9.402962333e-07 
2.356820396e-05 5.045835440e-04 8.948230229e-03 1.236217450e-01 1.179909784e+00 
6.465775861e+00 1.727635383e+01 2.288559409e+01 2.072292840e+01 1.908618449e+01 
1.849176001e+01 1.430898673e+01 1.014181307e+01 6.237848853e+00 2.733574678e+00 
-2.868913363e-01 -3.102017201e+00 -6.709993165e+00 -1.299311589e+01 -2.467849632e+01 
-4.509374117e+01 -7.677448676e+01 -1.175300125e+02 -1.526842819e+02 -1.036971672e+02 
2.774534100e+02 6.436175867e+02 2.302624255e+02 2.860524958e+01 2.508650015e+00 
1.931246705e-01 1.393351509e-02 9.714851808e-04 6.651725383e-05 4.506239757e-06 
3.029609156e-07 2.023562374e-08 1.343272296e-09 8.863266879e-11 5.813584991e-12 
3.790925839e-13 2.457683041e-14 1.584211616e-15 1.015393594e-16 6.471675853e-18 
4.101923757e-19 2.585678404e-20 1.621083500e-21 1.010900294e-22 6.270637177e-24 
3.869403575e-25 2.375386113e-26 1.450812450e-27 8.816667726e-29 5.331424759e-30 
3.208170036e-31 1.921217888e-32 1.145067447e-33 6.792833234e-35 4.011129493e-36 
2.357810160e-37 1.379774602e-38 8.038879373e-40 4.663392554e-41 2.693758913e-42 
1.549519652e-43 8.876638429e-45 5.064594054e-46 2.878174603e-47 1.629287982e-48 
9.187952570e-50 5.161927143e-51 2.889411525e-52 1.611549343e-53 8.956675931e-55 
4.960798952e-56 2.738359489e-57 1.506593221e-58 8.262300736e-60 4.516876742e-61 
2.461731138e-62 1.337645704e-63 7.247241151e-65 3.915331717e-66 2.109413963e-67 
1.133406519e-68 6.073982324e-70 3.246823042e-71 1.731308252e-72 9.209887445e-74 
4.888007922e-75 2.588455452e-76 1.367773903e-77 7.212509771e-79 3.795690498e-80 
1.993709097e-81 1.045086344e-82 5.456594672e-84 2.852858827e-85 1.570164379e-86 
-1.069475786e-86 -8.505677250e-87 -3.886599148e-86 6.723500808e-87 -9.976429281e-87 
-1.738010486e-86 -1.169419780e-86 -1.484286778e-87 5.192541452e-87 -9.006277763e-87 
7.552853204e-87 1.065444053e-87 -2.763212747e-87 -4.889161306e-87 -2.161599073e-87 
-7.758695008e-88 -7.190984022e-88 -1.281840449e-89 -2.934193365e-90 -4.069480971e-91 
net_rxn-H2O
1.989157890e-19 1.969328984e-19 1.949655076e-19 1.930115494e-19 1.910690068e-19 
1.891359026e-19 1.872102895e-19 1.852902400e-19 1.833738371e-19 1.814591643e-19 
1.795442959e-19 1.776272865e-19 1.757061606e-19 1.737789013e-19 1.718434381e-19 
1.698976343e-19 1.679392768e-19 1.659661132e-19 1.639765549e-19 1.619792660e-19 
1.601187010e-19 1.602812449e-19 1.861790398e-19 5.284656168e-19 4.660007769e-18 
5.296854718e-17 6.018300443e-16 6.653008792e-15 7.127252806e-14 7.383514084e-13 
7.381349915e-12 7.105240333e-11 6.569916972e-10 5.820576219e-09 4.927116603e-08 
3.973189357e-07 3.042453282e-06 2.205425663e-05 1.510214696e-04 9.790320924e-04 
6.101057577e-03 3.825468736e-02 2.613891426e-01 2.021228463e+00 1.580394681e+01 
9.931179009e+01 3.990391311e+02 9.648373477e+02 1.656056919e+03 2.403396943e+03 
3.292874282e+03 4.772158397e+03 7.525060882e+03 1.192205355e+04 1.740822585e+04 
2.237248099e+04 2.489626862e+04 2.400379804e+04 2.025060169e+04 1.512016542e+04 
1.008245525e+04 6.119374758e+03 3.600778031e+03 2.339775785e+03 1.873916253e+03 
1.521408645e+03 6.205243441e+02 7.863379355e+01 4.790190178e+00 2.009299486e-01 
6.629468884e-03 1.830525334e-04 4.419156328e-06 9.875679618e-08 2.248130418e-09 
5.844992074e-11 1.790029106e-12 5.953391502e-14 1.965377497e-15 6.146394385e-17 
1.790978290e-18 4.844337895e-20 1.217314554e-21 2.848154820e-23 6.220687756e-25 
1.271600696e-26 2.438820838e-28 4.398954113e-30 7.478717711e-32 1.200958859e-33 
1.825234943e-35 2.630392933e-37 3.600924888e-39 4.690742179e-41 5.823857287e-43 
6.902349356e-45 7.820703535e-47 8.483507219e-49 8.822227310e-51 8.806897882e-53 
8.449989641e-55 7.801962684e-57 6.940212631e-59 5.954587192e-61 4.933015187e-63 
3.950129489e-65 3.060481034e-67 2.296545466e-69 1.670636134e-71 1.179267590e-73 
8.084574615e-76 5.387608945e-78 3.492999573e-80 2.205080149e-82 1.356513933e-84 
8.138421414e-87 4.765472312e-89 2.725509347e-91 1.523646133e-93 8.331574709e-96 
4.459455878e-98 2.338016011e-100 1.201481399e-102 6.055891911e-105 2.995800467e-107 
1.455453875e-109 6.948746879e-112 3.262119673e-114 1.506633297e-116 6.846174051e-119 
3.050584555e-121 1.296566875e-123 4.094469538e-126 -2.986008915e-128 -1.568463852e-129 
-5.009836627e-131 -1.513417649e-132 -4.515167842e-134 -1.338397087e-135 -3.945987886e-137 
-1.157583436e-138 -3.379860314e-140 -9.824547051e-142 -2.843881390e-143 -8.201154627e-145 
-2.366306904e-146 -7.551526774e-148 -7.576142556e-149 -3.604448378e-149 -1.481535633e-149 
-5.280343654e-151 -2.876822190e-152 -2.942874541e-152 -2.950238585e-152 -2.950569534e-152 
-2.950567878e-152 -2.950567852e-152 -1.317021150e-152 -4.120998407e-154 -1.155306334e-155 
net_rxn-H2O2
-2.307974048e-33 -2.307974531e-33 -2.307975015e-33 -2.307975500e-33 -2.307975986e-33 
-2.307976475e-33 -2.307976965e-33 -2.307977459e-33 -2.307977956e-33 -2.307978458e-33 
-2.307978964e-33 -2.307979475e-33 -2.307979993e-33 -2.307980517e-33 -2.307981049e-33 
-2.307981588e-33 -2.307982137e-33 -2.307982696e-33 -2.307969764e-33 -2.307583463e-33 
-2.304876509e-33 -2.286291647e-33 -2.161293288e-33 -1.338300588e-33 3.962550949e-33 
3.719142647e-32 2.231923471e-31 -1.770215390e-31 -1.039399270e-28 -5.942870447e-27 
-1.696459893e-25 1.200321639e-23 2.680605209e-21 3.010334128e-19 2.610861532e-17 
1.904039302e-15 1.200723428e-13 6.609214967e-12 3.178599098e-10 1.330657801e-08 
4.812963817e-07 1.486170450e-05 3.834914838e-04 7.903668052e-03 1.176021988e-01 
1.044136889e+00 4.389612730e+00 7.577687394e+00 4.975227164e+00 3.502642903e-01 
-1.794132363e+00 -2.111602114e+00 -1.930588030e+00 -1.757549236e+00 -1.503749648e+00 
-9.906562007e-01 -3.645619181e-01 -2.580093905e-01 -1.647602357e+00 -5.584643971e+00 
-1.252126693e+01 -2.029701536e+01 -2.168359465e+01 -6.172070780e+00 2.826794274e+01 
5.316158872e+01 4.132983922e+01 1.156140762e+01 8.406836456e-01 3.090287047e-02 
8.510222176e-04 2.069519485e-05 4.819909410e-07 1.107197608e-08 2.480643388e-10 
5.276431619e-12 1.042124952e-13 1.888588252e-15 3.127671522e-17 4.734763503e-19 
6.567381336e-21 8.373076325e-23 9.845961231e-25 1.071461138e-26 1.082534160e-28 
1.018536342e-30 8.950008499e-33 7.364577127e-35 5.689104990e-37 4.135624233e-39 
2.835365588e-41 1.837230550e-43 1.127380382e-45 6.563614829e-48 3.631547848e-50 
1.909955657e-52 9.433520259e-55 3.784284004e-57 -1.555834046e-59 -1.495075622e-60 
-6.679646134e-62 -2.782637154e-63 -1.130834316e-64 -4.505338019e-66 -1.761525425e-67 
-6.763246023e-69 -2.551366126e-70 -9.461901100e-72 -3.451443276e-73 -1.238970921e-74 
-4.378989741e-76 -1.524568992e-77 -5.230971415e-79 -1.769602409e-80 -5.904969231e-82 
-1.944435021e-83 -6.320964601e-85 -2.029377490e-86 -6.437282201e-88 -2.018219407e-89 
-6.256353241e-91 -1.918301065e-92 -5.819750246e-94 -1.747535676e-95 -5.195345512e-97 
-1.529639966e-98 -4.461203215e-100 -1.289074237e-101 -3.690647535e-103 -1.046890462e-104 
-2.941412875e-106 -8.180923048e-108 -2.249786252e-109 -6.105057218e-111 -1.628966947e-112 
-4.247074508e-114 -1.069099954e-115 -2.626850469e-117 -2.375060745e-118 -2.357527982e-118 
-2.785433920e-118 -2.905954394e-118 -2.756291052e-118 -2.569483011e-118 -2.017939939e-118 
-1.426928600e-118 -9.190275860e-119 -4.263421705e-119 -4.158248526e-119 -1.077840731e-120 
-1.091924917e-121 -6.889746348e-122 -6.815864786e-122 -6.814205298e-122 -6.814158311e-122 
-6.814156783e-122 -6.814156745e-122 -2.486862456e-122 -6.459496377e-124 -1.636206389e-125 
massfraction-H2
1.000000000e+00 1.000000000e+00 1.000000000e+00 1.000000000e+00 1.000000000e+00 
1.000000000e+00 1.000000000e+00 1.000000000e+00 1.000000000e+00 1.000000000e+00 
1.000000000e+00 1.000000000e+00 1.000000000e+00 1.000000000e+00 1.000000000e+00 
1.000000000e+00 1.000000000e+00 1.000000000e+00 1.000000000e+00 1.000000000e+00 
1.000000000e+00 1.000000000e+00 1.000000000e+00 1.000000000e+00 1.000000000e+00 
1.000000000e+00 1.000000000e+00 1.000000000e+00 1.000000000e+00 1.000000000e+00 
1.000000000e+00 1.000000000e+00 9.999999998e-01 9.999999991e-01 9.999999958e-01 
9.999999809e-01 9.999999168e-01 9.999996487e-01 9.999985424e-01 9.999939221e-01 
9.999738533e-01 9.998821506e-01 9.994504228e-01 9.974567707e-01 9.890082633e-01 
9.588927783e-01 8.781762616e-01 7.314655980e-01 5.546195579e-01 3.993581757e-01 
2.842986213e-01 2.037458246e-01 1.466304846e-01 1.053305997e-01 7.503091644e-02 
5.275243894e-02 3.658293520e-02 2.514058050e-02 1.727619786e-02 1.198554148e-02 
8.435245435e-03 5.999540710e-03 4.259013333e-03 2.960624990e-03 1.963008130e-03 
1.196495382e-03 6.457504820e-04 3.104255517e-04 1.378894821e-04 5.749748231e-05 
2.260240214e-05 8.399934083e-06 2.959258454e-06 9.908117285e-07 3.160434941e-07 
9.625518590e-08 2.804967687e-08 7.836078213e-09 2.102417574e-09 5.426470506e-10 
1.349506141e-10 0.000000000e+00 0.000000000e+00 0.000000000e+00 0.000000000e+00 
0.000000000e+00 0.000000000e+00 0.000000000e+00 0.000000000e+00 0.000000000e+00 
0.000000000e+00 0.000000000e+00 0.000000000e+00 0.000000000e+00 0.000000000e+00 
0.000000000e+00 0.000000000e+00 0.000000000e+00 0.000000000e+00 0.000000000e+00 
0.000000000e+00 0.000000000e+00 0.000000000e+00 0.000000000e+00 0.000000000e+00 
0.000000000e+00 0.000000000e+00 0.000000000e+00 0.000000000e+00 0.000000000e+00 
0.000000000e+00 0.000000000e+00 0.000000000e+00 0.000000000e+00 0.000000000e+00 
0.000000000e+00 0.000000000e+00 0.000000000e+00 0.000000000e+00 0.000000000e+00 
0.000000000e+00 0.000000000e+00 0.000000000e+00 0.000000000e+00 0.000000000e+00 
0.000000000e+00 0.000000000e+00 0.000000000e+00 0.000000000e+00 0.000000000e+00 
0.000000000e+00 0.000000000e+00 0.000000000e+00 0.000000000e+00 0.000000000e+00 
0.000000000e+00 0.000000000e+00 0.000000000e+00 0.000000000e+00 0.000000000e+00 
0.000000000e+00 0.000000000e+00 0.000000000e+00 0.000000000e+00 0.000000000e+00 
0.000000000e+00 0.000000000e+00 0.000000000e+00 0.000000000e+00 0.000000000e+00 
0.000000000e+00 0.000000000e+00 0.000000000e+00 0.000000000e+00 0.000000000e+00 
0.000000000e+00 0.000000000e+00 0.000000000e+00 0.000000000e+00 0.000000000e+00 
massfraction-H
0.000000000e+00 0.000000000e+00 0.000000000e+00 0.000000000e+00 0.000000000e+00 
0.000000000e+00 0.000000000e+00 0.000000000e+00 0.000000000e+00 0.000000000e+00 
0.000000000e+00 0.000000000e+00 0.000000000e+00 0.000000000e+00 0.000000000e+00 
0.000000000e+00 0.000000000e+00 0.000000000e+00 0.000000000e+00 0.000000000e+00 
0.000000000e+00 0.000000000e+00 0.000000000e+00 0.000000000e+00 0.000000000e+00 
0.000000000e+00 0.000000000e+00 0.000000000e+00 0.000000000e+00 0.000000000e+00 
0.000000000e+00 0.000000000e+00 1.840750839e-10 8.971489441e-10 4.196783245e-09 
1.879598676e-08 8.037803564e-08 3.272358152e-07 1.264293358e-06 4.619270023e-06 
1.589762736e-05 5.130183938e-05 1.543073986e-04 4.285755077e-04 1.079855061e-03 
2.385851123e-03 4.394728950e-03 6.496193351e-03 7.848339653e-03 8.312705260e-03 
8.259811272e-03 7.994087152e-03 7.622142794e-03 7.162046132e-03 6.594716245e-03 
5.902007162e-03 5.093963989e-03 4.217255353e-03 3.341805108e-03 2.535542678e-03 
1.842965984e-03 1.276958983e-03 8.255792919e-04 4.717510791e-04 2.140376170e-04 
6.363954017e-05 9.821766806e-06 8.864544091e-07 6.555786578e-08 4.621446476e-09 
3.212834674e-10 0.000000000e+00 0.000000000e+00 0.000000000e+00 0.000000000e+00 
0.000000000e+00 0.000000000e+00 0.000000000e+00 0.000000000e+00 0.000000000e+00 
0.000000000e+00 0.000000000e+00 0.000000000e+00 0.000000000e+00 0.000000000e+00 
0.000000000e+00 0.000000000e+00 0.000000000e+00 0.000000000e+00 0.000000000e+00 
0.000000000e+00 0.000000000e+00 0.000000000e+00 0.000000000e+00 0.000000000e+00 
0.000000000e+00 0.000000000e+00 0.000000000e+00 0.000000000e+00 0.000000000e+00 
0.000000000e+00 0.000000000e+00 0.000000000e+00 0.000000000e+00 0.000000000e+00 
0.000000000e+00 0.000000000e+00 0.000000000e+00 0.000000000e+00 0.000000000e+00 
0.000000000e+00 0.000000000e+00 0.000000000e+00 0.000000000e+00 0.000000000e+00 
0.000000000e+00 0.000000000e+00 0.000000000e+00 0.000000000e+00 0.000000000e+00 
0.000000000e+00 0.000000000e+00 0.000000000e+00 0.000000000e+00 0.000000000e+00 
0.000000000e+00 0.000000000e+00 0.000000000e+00 0.000000000e+00 0.000000000e+00 
0.000000000e+00 0.000000000e+00 0.000000000e+00 0.000000000e+00 0.000000000e+00 
0.000000000e+00 0.000000000e+00 0.000000000e+00 0.000000000e+00 0.000000000e+00 
0.000000000e+00 0.000000000e+00 0.000000000e+00 0.000000000e+00 0.000000000e+00 
0.000000000e+00 0.000000000e+00 0.000000000e+00 0.000000000e+00 0.000000000e+00 
0.000000000e+00 0.000000000e+00 0.000000000e+00 0.000000000e+00 0.000000000e+00 
0.000000000e+00 0.000000000e+00 0.000000000e+00 0.000000000e+00 0.000000000e+00 
massfraction-O
0.000000000e+00 0.000000000e+00 0.000000000e+00 0.000000000e+00 0.000000000e+00 
0.000000000e+00 0.000000000e+00 0.000000000e+00 0.000000000e+00 0.000000000e+00 
0.000000000e+00 0.000000000e+00 0.000000000e+00 0.000000000e+00 0.000000000e+00 
0.000000000e+00 0.000000000e+00 0.000000000e+00 0.000000000e+00 0.000000000e+00 
0.000000000e+00 0.000000000e+00 0.000000000e+00 0.000000000e+00 0.000000000e+00 
0.000000000e+00 0.000000000e+00 0.000000000e+00 0.000000000e+00 0.000000000e+00 
0.000000000e+00 0.000000000e+00 0.000000000e+00 0.000000000e+00 0.000000000e+00 
0.000000000e+00 1.424275020e-10 1.006236439e-09 6.687507779e-09 4.161107124e-08 
2.410815242e-07 1.292247977e-06 6.357235086e-06 2.837956542e-05 1.128483870e-04 
3.869268646e-04 1.087206121e-03 2.376456563e-03 4.042651592e-03 5.752070341e-03 
7.465647894e-03 9.357591972e-03 1.159307802e-02 1.429991958e-02 1.750202164e-02 
2.098821104e-02 2.417068978e-02 2.610363034e-02 2.581063137e-02 2.282035933e-02 
1.757147339e-02 1.139419004e-02 5.970820702e-03 2.436162507e-03 7.655835582e-04 
1.850029157e-04 3.593092928e-05 7.449622280e-06 1.735732572e-06 3.975325369e-07 
8.506221900e-08 1.690398275e-08 3.130171760e-09 5.424798240e-10 0.000000000e+00 
0.000000000e+00 0.000000000e+00 0.000000000e+00 0.000000000e+00 0.000000000e+00 
0.000000000e+00 0.000000000e+00 0.000000000e+00 0.000000000e+00 0.000000000e+00 
0.000000000e+00 0.000000000e+00 0.000000000e+00 0.000000000e+00 0.000000000e+00 
0.000000000e+00 0.000000000e+00 0.000000000e+00 0.000000000e+00 0.000000000e+00 
0.000000000e+00 0.000000000e+00 0.000000000e+00 0.000000000e+00 0.000000000e+00 
0.000000000e+00 0.000000000e+00 0.000000000e+00 0.000000000e+00 0.000000000e+00 
0.000000000e+00 0.000000000e+00 0.000000000e+00 0.000000000e+00 0.000000000e+00 
0.000000000e+00 0.000000000e+00 0.000000000e+00 0.000000000e+00 0.000000000e+00 
0.000000000e+00 0.000000000e+00 0.000000000e+00 0.000000000e+00 0.000000000e+00 
0.000000000e+00 0.000000000e+00 0.000000000e+00 0.000000000e+00 0.000000000e+00 
0.000000000e+00 0.000000000e+00 0.000000000e+00 0.000000000e+00 0.000000000e+00 
0.000000000e+00 0.000000000e+00 0.000000000e+00 0.000000000e+00 0.000000000e+00 
0.000000000e+00 0.000000000e+00 0.000000000e+00 0.000000000e+00 0.000000000e+00 
0.000000000e+00 0.000000000e+00 0.000000000e+00 0.000000000e+00 0.000000000e+00 
0.000000000e+00 0.000000000e+00 0.000000000e+00 0.000000000e+00 0.000000000e+00 
0.000000000e+00 0.000000000e+00 0.000000000e+00 0.000000000e+00 0.000000000e+00 
0.000000000e+00 0.000000000e+00 0.000000000e+00 0.000000000e+00 0.000000000e+00 
massfraction-O2
0.000000000e+00 0.000000000e+00 0.000000000e+00 0.000000000e+00 0.000000000e+00 
0.000000000e+00 0.000000000e+00 0.000000000e+00 0.000000000e+00 0.000000000e+00 
0.000000000e+00 0.000000000e+00 0.000000000e+00 0.000000000e+00 0.000000000e+00 
0.000000000e+00 0.000000000e+00 0.000000000e+00 0.000000000e+00 0.000000000e+00 
0.000000000e+00 0.000000000e+00 0.000000000e+00 0.000000000e+00 0.000000000e+00 
0.000000000e+00 0.000000000e+00 0.000000000e+00 0.000000000e+00 0.000000000e+00 
0.000000000e+00 0.000000000e+00 0.000000000e+00 0.000000000e+00 0.000000000e+00 
0.000000000e+00 4.680756144e-10 4.268145583e-09 3.651216507e-08 2.914999619e-07 
2.158833704e-06 1.472450115e-05 9.163064066e-05 5.130748351e-04 2.523373592e-03 
1.043471183e-02 3.397920541e-02 8.230202795e-02 1.493654606e-01 2.190849809e-01 
2.824048785e-01 3.379776885e-01 3.875852981e-01 4.341551336e-01 4.812236832e-01 
5.321008701e-01 5.888683846e-01 6.515663758e-01 7.179020985e-01 7.837297042e-01 
8.441897837e-01 8.950380518e-01 9.337935756e-01 9.605312988e-01 9.777751756e-01 
9.887516043e-01 9.953767965e-01 9.985704990e-01 9.996243171e-01 9.998995381e-01 
9.999704213e-01 9.999905554e-01 9.999968942e-01 9.999989897e-01 9.999996815e-01 
9.999999034e-01 9.999999719e-01 9.999999922e-01 9.999999979e-01 9.999999995e-01 
9.999999999e-01 1.000000000e+00 1.000000000e+00 1.000000000e+00 1.000000000e+00 
1.000000000e+00 1.000000000e+00 1.000000000e+00 1.000000000e+00 1.000000000e+00 
1.000000000e+00 1.000000000e+00 1.000000000e+00 1.000000000e+00 1.000000000e+00 
1.000000000e+00 1.000000000e+00 1.000000000e+00 1.000000000e+00 1.000000000e+00 
1.000000000e+00 1.000000000e+00 1.000000000e+00 1.000000000e+00 1.000000000e+00 
1.000000000e+00 1.000000000e+00 1.000000000e+00 1.000000000e+00 1.000000000e+00 
1.000000000e+00 1.000000000e+00 1.000000000e+00 1.000000000e+00 1.000000000e+00 
1.000000000e+00 1.000000000e+00 1.000000000e+00 1.000000000e+00 1.000000000e+00 
1.000000000e+00 1.000000000e+00 1.000000000e+00 1.000000000e+00 1.000000000e+00 
1.000000000e+00 1.000000000e+00 1.000000000e+00 1.000000000e+00 1.000000000e+00 
1.000000000e+00 1.000000000e+00 1.000000000e+00 1.000000000e+00 1.000000000e+00 
1.000000000e+00 1.000000000e+00 1.000000000e+00 1.000000000e+00 1.000000000e+00 
1.000000000e+00 1.000000000e+00 1.000000000e+00 1.000000000e+00 1.000000000e+00 
1.000000000e+00 1.000000000e+00 1.000000000e+00 1.000000000e+00 1.000000000e+00 
1.000000000e+00 1.000000000e+00 1.000000000e+00 1.000000000e+00 1.000000000e+00 
1.000000000e+00 1.000000000e+00 1.000000000e+00 1.000000000e+00 1.000000000e+00 
massfraction-OH
0.000000000e+00 0.000000000e+00 0.000000000e+00 0.000000000e+00 0.000000000e+00 
0.000000000e+00 0.000000000e+00 0.000000000e+00 0.000000000e+00 0.000000000e+00 
0.000000000e+00 0.000000000e+00 0.000000000e+00 0.000000000e+00 0.000000000e+00 
0.000000000e+00 0.000000000e+00 0.000000000e+00 0.000000000e+00 0.000000000e+00 
0.000000000e+00 0.000000000e+00 0.000000000e+00 0.000000000e+00 0.000000000e+00 
0.000000000e+00 0.000000000e+00 0.000000000e+00 0.000000000e+00 0.000000000e+00 
0.000000000e+00 0.000000000e+00 0.000000000e+00 0.000000000e+00 0.000000000e+00 
0.000000000e+00 2.290305406e-10 1.658613077e-09 1.131636031e-08 7.241229842e-08 
4.323542517e-07 2.394380940e-06 1.220432995e-05 5.653502882e-05 2.317238541e-04 
7.925281456e-04 2.056011014e-03 3.716877137e-03 4.673710178e-03 4.613287497e-03 
4.361380416e-03 4.748854032e-03 6.236047707e-03 8.989338593e-03 1.279450393e-02 
1.691818467e-02 2.018756837e-02 2.146015566e-02 2.026907611e-02 1.711178282e-02 
1.312412984e-02 9.443786612e-03 6.707561427e-03 4.839726745e-03 3.216680637e-03 
1.510582090e-03 3.789297350e-04 7.242185550e-05 1.576186690e-05 3.515742457e-06 
7.395346812e-07 1.446250020e-07 2.635056240e-08 4.492221125e-09 7.195525224e-10 
1.086988754e-10 0.000000000e+00 0.000000000e+00 0.000000000e+00 0.000000000e+00 
0.000000000e+00 0.000000000e+00 0.000000000e+00 0.000000000e+00 0.000000000e+00 
0.000000000e+00 0.000000000e+00 0.000000000e+00 0.000000000e+00 0.000000000e+00 
0.000000000e+00 0.000000000e+00 0.000000000e+00 0.000000000e+00 0.000000000e+00 
0.000000000e+00 0.000000000e+00 0.000000000e+00 0.000000000e+00 0.000000000e+00 
0.000000000e+00 0.000000000e+00 0.000000000e+00 0.000000000e+00 0.000000000e+00 
0.000000000e+00 0.000000000e+00 0.000000000e+00 0.000000000e+00 0.000000000e+00 
0.000000000e+00 0.000000000e+00 0.000000000e+00 0.000000000e+00 0.000000000e+00 
0.000000000e+00 0.000000000e+00 0.000000000e+00 0.000000000e+00 0.000000000e+00 
0.000000000e+00 0.000000000e+00 0.000000000e+00 0.000000000e+00 0.000000000e+00 
0.000000000e+00 0.000000000e+00 0.000000000e+00 0.000000000e+00 0.000000000e+00 
0.000000000e+00 0.000000000e+00 0.000000000e+00 0.000000000e+00 0.000000000e+00 
0.000000000e+00 0.000000000e+00 0.000000000e+00 0.000000000e+00 0.000000000e+00 
0.000000000e+00 0.000000000e+00 0.000000000e+00 0.000000000e+00 0.000000000e+00 
0.000000000e+00 0.000000000e+00 0.000000000e+00 0.000000000e+00 0.000000000e+00 
0.000000000e+00 0.000000000e+00 0.000000000e+00 0.000000000e+00 0.000000000e+00 
0.000000000e+00 0.000000000e+00 0.000000000e+00 0.000000000e+00 0.000000000e+00 
massfraction-HO2
0.000000000e+00 0.000000000e+00 0.000000000e+00 0.000000000e+00 0.000000000e+00 
0.000000000e+00 0.000000000e+00 0.000000000e+00 0.000000000e+00 0.000000000e+00 
0.000000000e+00 0.000000000e+00 0.000000000e+00 0.000000000e+00 0.000000000e+00 
0.000000000e+00 0.000000000e+00 0.000000000e+00 0.000000000e+00 0.000000000e+00 
0.000000000e+00 0.000000000e+00 0.000000000e+00 0.000000000e+00 0.000000000e+00 
0.000000000e+00 0.000000000e+00 0.000000000e+00 0.000000000e+00 0.000000000e+00 
0.000000000e+00 0.000000000e+00 0.000000000e+00 0.000000000e+00 0.000000000e+00 
0.000000000e+00 0.000000000e+00 0.000000000e+00 6.279946290e-10 5.017052863e-09 
3.716851100e-08 2.532931494e-07 1.568558884e-06 8.631187129e-06 4.030009682e-05 
1.465215446e-04 3.730261313e-04 6.391254395e-04 7.945984460e-04 8.108199680e-04 
7.480369699e-04 6.591327223e-04 5.750250683e-04 5.051958482e-04 4.509206536e-04 
4.106555859e-04 3.823085055e-04 3.644904339e-04 3.574565730e-04 3.639968785e-04 
3.904376165e-04 4.476495611e-04 5.507061158e-04 7.136113589e-04 9.334150549e-04 
1.124245308e-03 9.523892934e-04 3.802216696e-04 8.830058901e-05 1.585563638e-05 
2.449063801e-06 3.394513765e-07 4.307733644e-08 5.062230065e-09 5.550057611e-10 
0.000000000e+00 0.000000000e+00 0.000000000e+00 0.000000000e+00 0.000000000e+00 
0.000000000e+00 0.000000000e+00 0.000000000e+00 0.000000000e+00 0.000000000e+00 
0.000000000e+00 0.000000000e+00 0.000000000e+00 0.000000000e+00 0.000000000e+00 
0.000000000e+00 0.000000000e+00 0.000000000e+00 0.000000000e+00 0.000000000e+00 
0.000000000e+00 0.000000000e+00 0.000000000e+00 0.000000000e+00 0.000000000e+00 
0.000000000e+00 0.000000000e+00 0.000000000e+00 0.000000000e+00 0.000000000e+00 
0.000000000e+00 0.000000000e+00 0.000000000e+00 0.000000000e+00 0.000000000e+00 
0.000000000e+00 0.000000000e+00 0.000000000e+00 0.000000000e+00 0.000000000e+00 
0.000000000e+00 0.000000000e+00 0.000000000e+00 0.000000000e+00 0.000000000e+00 
0.000000000e+00 0.000000000e+00 0.000000000e+00 0.000000000e+00 0.000000000e+00 
0.000000000e+00 0.000000000e+00 0.000000000e+00 0.000000000e+00 0.000000000e+00 
0.000000000e+00 0.000000000e+00 0.000000000e+00 0.000000000e+00 0.000000000e+00 
0.000000000e+00 0.000000000e+00 0.000000000e+00 0.000000000e+00 0.000000000e+00 
0.000000000e+00 0.000000000e+00 0.000000000e+00 0.000000000e+00 0.000000000e+00 
0.000000000e+00 0.000000000e+00 0.000000000e+00 0.000000000e+00 0.000000000e+00 
0.000000000e+00 0.000000000e+00 0.000000000e+00 0.000000000e+00 0.000000000e+00 
0.000000000e+00 0.000000000e+00 0.000000000e+00 0.000000000e+00 0.000000000e+00 
massfraction-H2O
0.000000000e+00 0.000000000e+00 0.000000000e+00 0.000000000e+00 0.000000000e+00 
0.000000000e+00 0.000000000e+00 0.000000000e+00 0.000000000e+00 0.000000000e+00 
0.000000000e+00 0.000000000e+00 0.000000000e+00 0.000000000e+00 0.000000000e+00 
0.000000000e+00 0.000000000e+00 0.000000000e+00 0.000000000e+00 0.000000000e+00 
0.000000000e+00 0.000000000e+00 0.000000000e+00 0.000000000e+00 0.000000000e+00 
0.000000000e+00 0.000000000e+00 0.000000000e+00 0.000000000e+00 0.000000000e+00 
0.000000000e+00 0.000000000e+00 0.000000000e+00 0.000000000e+00 0.000000000e+00 
2.144746402e-10 1.966565644e-09 1.700794681e-08 1.381027396e-07 1.047351214e-06 
7.373899919e-06 4.784395900e-05 2.832650979e-04 1.506674551e-03 6.997111151e-03 
2.693584023e-02 7.986883274e-02 1.729034245e-01 2.785633541e-01 3.620091495e-01 
4.124297288e-01 4.354981896e-01 4.397438063e-01 4.295434469e-01 4.063862718e-01 
3.709070004e-01 3.246899748e-01 2.711206844e-01 2.150140192e-01 1.614216917e-01 
1.144079091e-01 7.634658886e-02 4.781266745e-02 2.793264033e-02 1.499502987e-02 
7.046159324e-03 2.529444977e-03 6.347397729e-04 1.271997290e-04 2.241221838e-05 
3.587701000e-06 5.282521733e-07 7.205745209e-08 9.157179407e-09 1.089373528e-09 
1.218316637e-10 0.000000000e+00 0.000000000e+00 0.000000000e+00 0.000000000e+00 
0.000000000e+00 0.000000000e+00 0.000000000e+00 0.000000000e+00 0.000000000e+00 
0.000000000e+00 0.000000000e+00 0.000000000e+00 0.000000000e+00 0.000000000e+00 
0.000000000e+00 0.000000000e+00 0.000000000e+00 0.000000000e+00 0.000000000e+00 
0.000000000e+00 0.000000000e+00 0.000000000e+00 0.000000000e+00 0.000000000e+00 
0.000000000e+00 0.000000000e+00 0.000000000e+00 0.000000000e+00 0.000000000e+00 
0.000000000e+00 0.000000000e+00 0.000000000e+00 0.000000000e+00 0.000000000e+00 
0.000000000e+00 0.000000000e+00 0.000000000e+00 0.000000000e+00 0.000000000e+00 
0.000000000e+00 0.000000000e+00 0.000000000e+00 0.000000000e+00 0.000000000e+00 
0.000000000e+00 0.000000000e+00 0.000000000e+00 0.000000000e+00 0.000000000e+00 
0.000000000e+00 0.000000000e+00 0.000000000e+00 0.000000000e+00 0.000000000e+00 
0.000000000e+00 0.000000000e+00 0.000000000e+00 0.000000000e+00 0.000000000e+00 
0.000000000e+00 0.000000000e+00 0.000000000e+00 0.000000000e+00 0.000000000e+00 
0.000000000e+00 0.000000000e+00 0.000000000e+00 0.000000000e+00 0.000000000e+00 
0.000000000e+00 0.000000000e+00 0.000000000e+00 0.000000000e+00 0.000000000e+00 
0.000000000e+00 0.000000000e+00 0.000000000e+00 0.000000000e+00 0.000000000e+00 
0.000000000e+00 0.000000000e+00 0.000000000e+00 0.000000000e+00 0.000000000e+00 
massfraction-H2O2
0.000000000e+00 0.000000000e+00 0.000000000e+00 0.000000000e+00 0.000000000e+00 
0.000000000e+00 0.000000000e+00 0.000000000e+00 0.000000000e+00 0.000000000e+00 
0.000000000e+00 0.000000000e+00 0.000000000e+00 0.000000000e+00 0.000000000e+00 
0.000000000e+00 0.000000000e+00 0.000000000e+00 0.000000000e+00 0.000000000e+00 
0.000000000e+00 0.000000000e+00 0.000000000e+00 0.000000000e+00 0.000000000e+00 
0.000000000e+00 0.000000000e+00 0.000000000e+00 0.000000000e+00 0.000000000e+00 
0.000000000e+00 0.000000000e+00 0.000000000e+00 0.000000000e+00 0.000000000e+00 
0.000000000e+00 0.000000000e+00 0.000000000e+00 0.000000000e+00 7.741383016e-10 
5.741349280e-09 3.920225969e-08 2.439113944e-07 1.358623941e-06 6.524588747e-06 
2.484200313e-05 6.472804682e-05 1.002971383e-04 9.232750263e-05 5.881086875e-05 
3.189489769e-05 1.863139751e-05 1.411746206e-05 1.431959763e-05 1.696608297e-05 
2.063203600e-05 2.417473041e-05 2.682747879e-05 2.871530895e-05 3.138084586e-05 
3.805491560e-05 5.323338908e-05 8.007603015e-05 1.141841562e-04 1.370695235e-04 
1.222711897e-04 7.093633493e-05 2.335605440e-05 4.729905108e-06 7.786522647e-07 
1.145974918e-07 1.545415415e-08 1.927600005e-09 2.237364574e-10 0.000000000e+00 
0.000000000e+00 0.000000000e+00 0.000000000e+00 0.000000000e+00 0.000000000e+00 
0.000000000e+00 0.000000000e+00 0.000000000e+00 0.000000000e+00 0.000000000e+00 
0.000000000e+00 0.000000000e+00 0.000000000e+00 0.000000000e+00 0.000000000e+00 
0.000000000e+00 0.000000000e+00 0.000000000e+00 0.000000000e+00 0.000000000e+00 
0.000000000e+00 0.000000000e+00 0.000000000e+00 0.000000000e+00 0.000000000e+00 
0.000000000e+00 0.000000000e+00 0.000000000e+00 0.000000000e+00 0.000000000e+00 
0.000000000e+00 0.000000000e+00 0.000000000e+00 0.000000000e+00 0.000000000e+00 
0.000000000e+00 0.000000000e+00 0.000000000e+00 0.000000000e+00 0.000000000e+00 
0.000000000e+00 0.000000000e+00 0.000000000e+00 0.000000000e+00 0.000000000e+00 
0.000000000e+00 0.000000000e+00 0.000000000e+00 0.000000000e+00 0.000000000e+00 
0.000000000e+00 0.000000000e+00 0.000000000e+00 0.000000000e+00 0.000000000e+00 
0.000000000e+00 0.000000000e+00 0.000000000e+00 0.000000000e+00 0.000000000e+00 
0.000000000e+00 0.000000000e+00 0.000000000e+00 0.000000000e+00 0.000000000e+00 
0.000000000e+00 0.000000000e+00 0.000000000e+00 0.000000000e+00 0.000000000e+00 
0.000000000e+00 0.000000000e+00 0.000000000e+00 0.000000000e+00 0.000000000e+00 
0.000000000e+00 0.000000000e+00 0.000000000e+00 0.000000000e+00 0.000000000e+00 
0.000000000e+00 0.000000000e+00 0.000000000e+00 0.000000000e+00 0.000000000e+00 
PREMIX_CDOT
0.000000000e+00 2.064605767e-20 2.042593155e-20 2.020730858e-20 1.998996308e-20 
1.977367382e-20 1.955822292e-20 1.934339473e-20 1.912897477e-20 1.891474860e-20 
1.870050077e-20 1.848601363e-20 1.827106614e-20 1.805543265e-20 1.783888150e-20 
1.762117365e-20 1.740206149e-20 1.718129301e-20 1.695869066e-20 1.673522583e-20 
1.652708655e-20 1.654565707e-20 1.944800632e-20 5.780267044e-20 5.207455829e-19 
5.933636945e-18 6.743123305e-17 7.454224194e-16 7.985324203e-15 8.271961382e-14 
8.268497283e-13 7.956704979e-12 7.351224473e-11 6.499035266e-10 5.472258399e-09 
4.355990332e-08 3.235307030e-07 2.186786743e-06 1.278335878e-05 5.759507262e-05 
1.482864165e-04 5.278000399e-04 2.865302858e-02 7.029042261e-01 9.671173925e+00 
7.814816749e+01 3.502774732e+02 9.000761980e+02 1.543555667e+03 2.064411207e+03 
2.494308152e+03 3.280012036e+03 5.262559179e+03 9.184358646e+03 1.510133976e+04 
2.194978297e+04 2.768798420e+04 3.020865636e+04 2.849676720e+04 2.308694274e+04 
1.566762983e+04 8.470409689e+03 3.637959068e+03 2.049540226e+03 2.204717614e+03 
1.927211839e+03 1.031318229e+03 2.507597906e+02 2.866568040e+01 2.452865226e+00 
1.874822310e-01 1.350498184e-02 9.415174648e-04 6.447494975e-05 4.368348955e-06 
2.937042977e-07 1.961765518e-08 1.302254883e-09 8.592621152e-11 5.636059116e-12 
3.675162696e-13 2.382632322e-14 1.535834050e-15 9.843861479e-17 6.274047785e-18 
3.976661696e-19 2.506718517e-20 1.571579830e-21 9.800300296e-23 6.079148238e-24 
3.751242061e-25 2.302848003e-26 1.406508414e-27 8.547429641e-29 5.168616922e-30 
3.110200873e-31 1.862548894e-32 1.110100068e-33 6.585397786e-35 3.888640038e-36 
2.285808774e-37 1.337639877e-38 7.793392919e-40 4.520984683e-41 2.611498527e-42 
1.502201355e-43 8.605568994e-45 4.909934533e-46 2.790282642e-47 1.579533768e-48 
8.907376412e-50 5.004295322e-51 2.801176418e-52 1.562336820e-53 8.683162359e-55 
4.809309063e-56 2.654737117e-57 1.460585785e-58 8.009991576e-60 4.378943083e-61 
2.386556277e-62 1.296797485e-63 7.025929269e-65 3.795767678e-66 2.044997967e-67 
1.098795396e-68 5.888514894e-70 3.147835333e-71 1.680056768e-72 9.090457798e-74 
6.356904319e-75 1.869104511e-75 1.631423491e-75 1.618862661e-75 1.618200233e-75 
1.618165368e-75 1.618163536e-75 1.618163440e-75 1.618163435e-75 1.618163435e-75 
1.618163435e-75 1.618163435e-75 1.618163435e-75 1.618163435e-75 1.618163435e-75 
1.618163435e-75 1.618163435e-75 1.618163435e-75 1.618163435e-75 1.618163435e-75 
1.618163435e-75 1.618163435e-75 1.618163435e-75 1.618163435e-75 1.618163435e-75 
1.618163435e-75 1.618163435e-75 1.618163435e-75 1.618163435e-75 0.000000000e+00 

