HEADER
PREMIX_CHI 0.0000
C  0.000000
NUMOFSPECIES  13
GRIDPOINTS 160
PRESSURE 101325.00
BODY
MIXTURE_FRACTION
1.000000000e+00 9.999999990e-01 1.000000000e+00 9.999999990e-01 1.000000000e+00 
9.999999990e-01 1.000000000e+00 9.999999990e-01 1.000000000e+00 9.999999990e-01 
1.000000000e+00 9.999999990e-01 1.000000000e+00 9.999999990e-01 1.000000000e+00 
9.999999990e-01 1.000000000e+00 9.999999990e-01 1.000000000e+00 9.999999990e-01 
1.000000000e+00 9.999999990e-01 1.000000000e+00 9.999999990e-01 1.000000000e+00 
9.999999990e-01 1.000000000e+00 9.999999990e-01 1.000000000e+00 9.999999990e-01 
1.000000000e+00 9.999999990e-01 1.000000000e+00 9.999999990e-01 1.000000000e+00 
9.999999990e-01 1.000000000e+00 9.999999990e-01 1.000000000e+00 9.999999990e-01 
1.000000000e+00 9.999999990e-01 1.000000000e+00 9.999999990e-01 1.000000000e+00 
9.999999990e-01 1.000000000e+00 9.999999990e-01 1.000000000e+00 9.999999990e-01 
1.000000000e+00 9.999999990e-01 1.000000000e+00 9.999999990e-01 1.000000000e+00 
9.999999990e-01 1.000000000e+00 9.999999990e-01 1.000000000e+00 9.999999990e-01 
1.000000000e+00 9.999999990e-01 1.000000000e+00 9.999999990e-01 1.000000000e+00 
9.999999990e-01 1.000000000e+00 9.999999990e-01 1.000000000e+00 1.000000000e+00 
1.000000000e+00 9.999999997e-01 9.999999800e-01 9.999988389e-01 9.999446794e-01 
9.979411537e-01 9.461258371e-01 4.286935856e-01 6.927810437e-02 1.074623751e-02 
1.408671756e-03 1.445531118e-04 1.181390164e-05 7.976295977e-07 4.584138620e-08 
2.293438936e-09 1.016030319e-10 4.039688607e-12 1.457191309e-13 4.811619700e-15 
1.465296420e-16 4.141796776e-18 1.092619209e-19 2.703002645e-21 6.297272062e-23 
1.386791046e-24 2.896502736e-26 5.755027898e-28 1.090721432e-29 1.976738435e-31 
3.433504442e-33 5.727738353e-35 9.194326890e-37 1.422722895e-38 2.125700850e-40 
3.071388474e-42 4.297779798e-44 5.832001010e-46 7.684353553e-48 9.843151761e-50 
1.227129382e-51 1.490534983e-53 1.765762721e-55 2.042123578e-57 2.307770560e-59 
2.550630245e-61 2.759391700e-63 2.924432241e-65 3.038571042e-67 3.097569446e-69 
3.100335219e-71 3.048829368e-73 2.947711464e-75 2.803787343e-77 2.625338435e-79 
2.421414600e-81 2.201163792e-83 1.973256259e-85 1.745512263e-87 1.533245281e-89 
2.273682913e-91 8.318701920e-92 3.605591093e-92 -1.937729062e-94 -2.016736308e-94 
-2.679987501e-94 -1.783004359e-94 -1.594102736e-94 -1.363486223e-94 -1.083081266e-94 
-2.434691349e-95 -1.078341526e-95 2.990812135e-95 3.963147036e-95 2.152864835e-95 
2.985206985e-95 2.722131907e-95 7.594746389e-96 -3.431141732e-95 -5.248781073e-95 
-3.834533426e-95 -2.454994196e-95 -3.759000131e-95 -1.882676356e-95 -2.210671656e-95 
-1.175734468e-95 -2.520438963e-96 -4.486873058e-97 1.246851401e-99 0.000000000e+00 
PROGRESS VARIABLE
-1.609691489e-23 -1.610533354e-23 -1.611365202e-23 -1.612187481e-23 -1.613000623e-23 
-1.613805046e-23 -1.614601150e-23 -1.615389325e-23 -1.616169948e-23 -1.616943382e-23 
-1.617709983e-23 -1.618470094e-23 -1.619224049e-23 -1.619972175e-23 -1.620714789e-23 
-1.621452203e-23 -1.622184720e-23 -1.622912638e-23 -1.623636250e-23 -1.624355842e-23 
-1.625071699e-23 -1.625784098e-23 -1.626493317e-23 -1.627199627e-23 -1.627903301e-23 
-1.628604607e-23 -1.629303814e-23 -1.630001188e-23 -1.630696998e-23 -1.631391512e-23 
-1.632084998e-23 -1.632777729e-23 -1.633469977e-23 -1.634162019e-23 -1.634854137e-23 
-1.635546615e-23 -1.636239745e-23 -1.636933823e-23 -1.637629155e-23 -1.638326053e-23 
-1.639024841e-23 -1.639725852e-23 -1.640429432e-23 -1.641135940e-23 -1.641845752e-23 
-1.642559261e-23 -1.643276878e-23 -1.643999040e-23 -1.644726204e-23 -1.645458859e-23 
-1.646197525e-23 -1.646942756e-23 -1.647695150e-23 -1.648455351e-23 -1.649224055e-23 
-1.650002021e-23 -1.650790081e-23 -1.651589149e-23 -1.652400235e-23 -1.653224465e-23 
-1.654063104e-23 -1.654917577e-23 -1.655789508e-23 -1.656680764e-23 -1.657593513e-23 
-1.658530301e-23 -1.659494156e-23 -1.660488735e-23 -1.661518540e-23 -1.662589217e-23 
-1.663708036e-23 -1.664884666e-23 -1.666132086e-23 -1.667428638e-23 -1.666830657e-23 
-1.607818069e-23 -8.182149718e-24 -2.859667532e-23 -1.624644631e-24 -7.665329606e-26 
-2.835788507e-27 -8.043460384e-29 -1.703575176e-30 -2.979055039e-32 -4.369107573e-34 
-5.505753349e-36 -6.078210583e-38 -5.978047886e-40 -5.326998860e-42 -4.388035720e-44 
-3.432168656e-46 -2.639638352e-48 -2.071075431e-50 -1.696192980e-52 -1.444878304e-54 
-1.250157266e-56 -1.069737350e-58 -8.880636582e-61 -7.077328874e-63 -5.387878275e-65 
-3.908066364e-67 -2.690966840e-69 -1.741572630e-71 -1.029094647e-73 -5.041678138e-76 
-1.110437054e-78 4.491784189e-80 2.562905411e-80 2.446170676e-80 2.374594643e-80 
2.305676394e-80 2.238634930e-80 2.173339260e-80 2.109677484e-80 2.047547177e-80 
1.986854245e-80 1.927512020e-80 1.869440475e-80 1.812565540e-80 1.756818499e-80 
1.702135468e-80 1.648456923e-80 1.595727295e-80 1.543894602e-80 1.492910122e-80 
1.442728106e-80 1.393305519e-80 1.344601801e-80 1.296578664e-80 1.249199901e-80 
1.202431211e-80 1.156240051e-80 1.110595487e-80 1.065468074e-80 1.020829734e-80 
9.766536491e-81 9.329141652e-81 8.895867014e-81 8.466476666e-81 8.040743833e-81 
7.618450166e-81 7.199385084e-81 6.783345168e-81 6.370133590e-81 5.959559578e-81 
5.551437926e-81 5.145588521e-81 4.741835906e-81 4.340008862e-81 3.939940015e-81 
3.541465465e-81 3.144424422e-81 2.748658870e-81 2.354013236e-81 1.960334075e-81 
1.567469762e-81 1.175270192e-81 7.835864956e-82 3.922707464e-82 0.000000000e+00 
TEMPERATURE
3.000000000e+02 3.000000000e+02 3.000000000e+02 3.000000000e+02 3.000000000e+02 
3.000000000e+02 3.000000000e+02 3.000000000e+02 3.000000000e+02 3.000000000e+02 
3.000000000e+02 3.000000000e+02 3.000000000e+02 3.000000000e+02 3.000000000e+02 
3.000000000e+02 3.000000000e+02 3.000000000e+02 3.000000000e+02 3.000000000e+02 
3.000000000e+02 3.000000000e+02 3.000000000e+02 3.000000000e+02 3.000000000e+02 
3.000000000e+02 3.000000000e+02 3.000000000e+02 3.000000000e+02 3.000000000e+02 
3.000000000e+02 3.000000000e+02 3.000000000e+02 3.000000000e+02 3.000000000e+02 
3.000000000e+02 3.000000000e+02 3.000000000e+02 3.000000000e+02 3.000000000e+02 
3.000000000e+02 3.000000000e+02 3.000000000e+02 3.000000000e+02 3.000000000e+02 
3.000000000e+02 3.000000000e+02 3.000000000e+02 3.000000000e+02 3.000000000e+02 
3.000000000e+02 3.000000000e+02 3.000000000e+02 3.000000000e+02 3.000000000e+02 
3.000000000e+02 3.000000000e+02 3.000000000e+02 3.000000000e+02 3.000000000e+02 
3.000000000e+02 3.000000000e+02 3.000000000e+02 3.000000000e+02 3.000000000e+02 
3.000000000e+02 3.000000000e+02 3.000000000e+02 3.000000000e+02 3.000000000e+02 
3.000000000e+02 3.000000000e+02 3.000000000e+02 3.000000000e+02 3.000000000e+02 
3.000000000e+02 3.000000000e+02 3.000000000e+02 3.000000000e+02 3.000000000e+02 
3.000000000e+02 3.000000000e+02 3.000000000e+02 3.000000000e+02 3.000000000e+02 
3.000000000e+02 3.000000000e+02 3.000000000e+02 3.000000000e+02 3.000000000e+02 
3.000000000e+02 3.000000000e+02 3.000000000e+02 3.000000000e+02 3.000000000e+02 
3.000000000e+02 3.000000000e+02 3.000000000e+02 3.000000000e+02 3.000000000e+02 
3.000000000e+02 3.000000000e+02 3.000000000e+02 3.000000000e+02 3.000000000e+02 
3.000000000e+02 3.000000000e+02 3.000000000e+02 3.000000000e+02 3.000000000e+02 
3.000000000e+02 3.000000000e+02 3.000000000e+02 3.000000000e+02 3.000000000e+02 
3.000000000e+02 3.000000000e+02 3.000000000e+02 3.000000000e+02 3.000000000e+02 
3.000000000e+02 3.000000000e+02 3.000000000e+02 3.000000000e+02 3.000000000e+02 
3.000000000e+02 3.000000000e+02 3.000000000e+02 3.000000000e+02 3.000000000e+02 
3.000000000e+02 3.000000000e+02 3.000000000e+02 3.000000000e+02 3.000000000e+02 
3.000000000e+02 3.000000000e+02 3.000000000e+02 3.000000000e+02 3.000000000e+02 
3.000000000e+02 3.000000000e+02 3.000000000e+02 3.000000000e+02 3.000000000e+02 
3.000000000e+02 3.000000000e+02 3.000000000e+02 3.000000000e+02 3.000000000e+02 
3.000000000e+02 3.000000000e+02 3.000000000e+02 3.000000000e+02 3.000000000e+02 
3.000000000e+02 3.000000000e+02 3.000000000e+02 3.000000000e+02 3.000000000e+02 
Cp
1.432478610e+04 1.432478610e+04 1.432478610e+04 1.432478610e+04 1.432478610e+04 
1.432478610e+04 1.432478610e+04 1.432478610e+04 1.432478610e+04 1.432478610e+04 
1.432478610e+04 1.432478610e+04 1.432478610e+04 1.432478610e+04 1.432478610e+04 
1.432478610e+04 1.432478610e+04 1.432478610e+04 1.432478610e+04 1.432478610e+04 
1.432478610e+04 1.432478610e+04 1.432478610e+04 1.432478610e+04 1.432478610e+04 
1.432478610e+04 1.432478610e+04 1.432478610e+04 1.432478610e+04 1.432478610e+04 
1.432478610e+04 1.432478610e+04 1.432478610e+04 1.432478610e+04 1.432478610e+04 
1.432478610e+04 1.432478610e+04 1.432478610e+04 1.432478610e+04 1.432478610e+04 
1.432478610e+04 1.432478610e+04 1.432478610e+04 1.432478610e+04 1.432478610e+04 
1.432478610e+04 1.432478610e+04 1.432478610e+04 1.432478610e+04 1.432478610e+04 
1.432478610e+04 1.432478610e+04 1.432478610e+04 1.432478610e+04 1.432478610e+04 
1.432478610e+04 1.432478610e+04 1.432478610e+04 1.432478610e+04 1.432478610e+04 
1.432478610e+04 1.432478610e+04 1.432478610e+04 1.432478610e+04 1.432478610e+04 
1.432478610e+04 1.432478610e+04 1.432478610e+04 1.432478610e+04 1.432478610e+04 
1.432478610e+04 1.432478610e+04 1.432478584e+04 1.432477054e+04 1.432404436e+04 
1.429718079e+04 1.360243338e+04 6.664625373e+03 1.845529549e+03 1.060725639e+03 
9.355261789e+02 9.185766895e+02 9.167969026e+02 9.166491948e+02 9.166391147e+02 
9.166385308e+02 9.166385014e+02 9.166385001e+02 9.166385000e+02 9.166385000e+02 
9.166385000e+02 9.166385000e+02 9.166385000e+02 9.166385000e+02 9.166385000e+02 
9.166385000e+02 9.166385000e+02 9.166385000e+02 9.166385000e+02 9.166385000e+02 
9.166385000e+02 9.166385000e+02 9.166385000e+02 9.166385000e+02 9.166385000e+02 
9.166385000e+02 9.166385000e+02 9.166385000e+02 9.166385000e+02 9.166385000e+02 
9.166385000e+02 9.166385000e+02 9.166385000e+02 9.166385000e+02 9.166385000e+02 
9.166385000e+02 9.166385000e+02 9.166385000e+02 9.166385000e+02 9.166385000e+02 
9.166385000e+02 9.166385000e+02 9.166385000e+02 9.166385000e+02 9.166385000e+02 
9.166385000e+02 9.166385000e+02 9.166385000e+02 9.166385000e+02 9.166385000e+02 
9.166385000e+02 9.166385000e+02 9.166385000e+02 9.166385000e+02 9.166385000e+02 
9.166385000e+02 9.166385000e+02 9.166385000e+02 9.166385000e+02 9.166385000e+02 
9.166385000e+02 9.166385000e+02 9.166385000e+02 9.166385000e+02 9.166385000e+02 
9.166385000e+02 9.166385000e+02 9.166385000e+02 9.166385000e+02 9.166385000e+02 
9.166385000e+02 9.166385000e+02 9.166385000e+02 9.166385000e+02 9.166385000e+02 
9.166385000e+02 9.166385000e+02 9.166385000e+02 9.166385000e+02 9.166385000e+02 
MMW
2.015880000e+00 2.015880000e+00 2.015880000e+00 2.015880000e+00 2.015880000e+00 
2.015880000e+00 2.015880000e+00 2.015880000e+00 2.015880000e+00 2.015880000e+00 
2.015880000e+00 2.015880000e+00 2.015880000e+00 2.015880000e+00 2.015880000e+00 
2.015880000e+00 2.015880000e+00 2.015880000e+00 2.015880000e+00 2.015880000e+00 
2.015880000e+00 2.015880000e+00 2.015880000e+00 2.015880000e+00 2.015880000e+00 
2.015880000e+00 2.015880000e+00 2.015880000e+00 2.015880000e+00 2.015880000e+00 
2.015880000e+00 2.015880000e+00 2.015880000e+00 2.015880000e+00 2.015880000e+00 
2.015880000e+00 2.015880000e+00 2.015880000e+00 2.015880000e+00 2.015880000e+00 
2.015880000e+00 2.015880000e+00 2.015880000e+00 2.015880000e+00 2.015880000e+00 
2.015880000e+00 2.015880000e+00 2.015880000e+00 2.015880000e+00 2.015880000e+00 
2.015880000e+00 2.015880000e+00 2.015880000e+00 2.015880000e+00 2.015880000e+00 
2.015880000e+00 2.015880000e+00 2.015880000e+00 2.015880000e+00 2.015880000e+00 
2.015880000e+00 2.015880000e+00 2.015880000e+00 2.015880000e+00 2.015880000e+00 
2.015880000e+00 2.015880000e+00 2.015880000e+00 2.015880000e+00 2.015880000e+00 
2.015880000e+00 2.015880001e+00 2.015880038e+00 2.015882193e+00 2.015984499e+00 
2.019776435e+00 2.123052017e+00 4.338163658e+00 1.575986141e+01 2.758915101e+01 
3.134212942e+01 3.193015046e+01 3.199317840e+01 3.199842039e+01 3.199877818e+01 
3.199879891e+01 3.199879995e+01 3.199880000e+01 3.199880000e+01 3.199880000e+01 
3.199880000e+01 3.199880000e+01 3.199880000e+01 3.199880000e+01 3.199880000e+01 
3.199880000e+01 3.199880000e+01 3.199880000e+01 3.199880000e+01 3.199880000e+01 
3.199880000e+01 3.199880000e+01 3.199880000e+01 3.199880000e+01 3.199880000e+01 
3.199880000e+01 3.199880000e+01 3.199880000e+01 3.199880000e+01 3.199880000e+01 
3.199880000e+01 3.199880000e+01 3.199880000e+01 3.199880000e+01 3.199880000e+01 
3.199880000e+01 3.199880000e+01 3.199880000e+01 3.199880000e+01 3.199880000e+01 
3.199880000e+01 3.199880000e+01 3.199880000e+01 3.199880000e+01 3.199880000e+01 
3.199880000e+01 3.199880000e+01 3.199880000e+01 3.199880000e+01 3.199880000e+01 
3.199880000e+01 3.199880000e+01 3.199880000e+01 3.199880000e+01 3.199880000e+01 
3.199880000e+01 3.199880000e+01 3.199880000e+01 3.199880000e+01 3.199880000e+01 
3.199880000e+01 3.199880000e+01 3.199880000e+01 3.199880000e+01 3.199880000e+01 
3.199880000e+01 3.199880000e+01 3.199880000e+01 3.199880000e+01 3.199880000e+01 
3.199880000e+01 3.199880000e+01 3.199880000e+01 3.199880000e+01 3.199880000e+01 
3.199880000e+01 3.199880000e+01 3.199880000e+01 3.199880000e+01 3.199880000e+01 
rho
8.188905810e-02 8.188905810e-02 8.188905810e-02 8.188905810e-02 8.188905810e-02 
8.188905810e-02 8.188905810e-02 8.188905810e-02 8.188905810e-02 8.188905810e-02 
8.188905810e-02 8.188905810e-02 8.188905810e-02 8.188905810e-02 8.188905810e-02 
8.188905810e-02 8.188905810e-02 8.188905810e-02 8.188905810e-02 8.188905810e-02 
8.188905810e-02 8.188905810e-02 8.188905810e-02 8.188905810e-02 8.188905810e-02 
8.188905810e-02 8.188905810e-02 8.188905810e-02 8.188905810e-02 8.188905810e-02 
8.188905810e-02 8.188905810e-02 8.188905810e-02 8.188905810e-02 8.188905810e-02 
8.188905810e-02 8.188905810e-02 8.188905810e-02 8.188905810e-02 8.188905810e-02 
8.188905810e-02 8.188905810e-02 8.188905810e-02 8.188905810e-02 8.188905810e-02 
8.188905810e-02 8.188905810e-02 8.188905810e-02 8.188905810e-02 8.188905810e-02 
8.188905810e-02 8.188905810e-02 8.188905810e-02 8.188905810e-02 8.188905810e-02 
8.188905810e-02 8.188905810e-02 8.188905810e-02 8.188905810e-02 8.188905810e-02 
8.188905810e-02 8.188905810e-02 8.188905810e-02 8.188905810e-02 8.188905810e-02 
8.188905810e-02 8.188905810e-02 8.188905810e-02 8.188905810e-02 8.188905810e-02 
8.188905810e-02 8.188905813e-02 8.188905964e-02 8.188914719e-02 8.189330308e-02 
8.204733905e-02 8.624259875e-02 1.762248427e-01 6.401969395e-01 1.120726229e+00 
1.273179682e+00 1.297066267e+00 1.299626587e+00 1.299839527e+00 1.299854062e+00 
1.299854904e+00 1.299854946e+00 1.299854948e+00 1.299854948e+00 1.299854948e+00 
1.299854948e+00 1.299854948e+00 1.299854948e+00 1.299854948e+00 1.299854948e+00 
1.299854948e+00 1.299854948e+00 1.299854948e+00 1.299854948e+00 1.299854948e+00 
1.299854948e+00 1.299854948e+00 1.299854948e+00 1.299854948e+00 1.299854948e+00 
1.299854948e+00 1.299854948e+00 1.299854948e+00 1.299854948e+00 1.299854948e+00 
1.299854948e+00 1.299854948e+00 1.299854948e+00 1.299854948e+00 1.299854948e+00 
1.299854948e+00 1.299854948e+00 1.299854948e+00 1.299854948e+00 1.299854948e+00 
1.299854948e+00 1.299854948e+00 1.299854948e+00 1.299854948e+00 1.299854948e+00 
1.299854948e+00 1.299854948e+00 1.299854948e+00 1.299854948e+00 1.299854948e+00 
1.299854948e+00 1.299854948e+00 1.299854948e+00 1.299854948e+00 1.299854948e+00 
1.299854948e+00 1.299854948e+00 1.299854948e+00 1.299854948e+00 1.299854948e+00 
1.299854948e+00 1.299854948e+00 1.299854948e+00 1.299854948e+00 1.299854948e+00 
1.299854948e+00 1.299854948e+00 1.299854948e+00 1.299854948e+00 1.299854948e+00 
1.299854948e+00 1.299854948e+00 1.299854948e+00 1.299854948e+00 1.299854948e+00 
1.299854948e+00 1.299854948e+00 1.299854948e+00 1.299854948e+00 1.299854948e+00 
mu
9.000028555e-06 9.000028555e-06 9.000028555e-06 9.000028555e-06 9.000028555e-06 
9.000028555e-06 9.000028555e-06 9.000028555e-06 9.000028555e-06 9.000028555e-06 
9.000028555e-06 9.000028555e-06 9.000028555e-06 9.000028555e-06 9.000028555e-06 
9.000028555e-06 9.000028555e-06 9.000028555e-06 9.000028555e-06 9.000028555e-06 
9.000028555e-06 9.000028555e-06 9.000028555e-06 9.000028555e-06 9.000028555e-06 
9.000028555e-06 9.000028555e-06 9.000028555e-06 9.000028555e-06 9.000028555e-06 
9.000028555e-06 9.000028555e-06 9.000028555e-06 9.000028555e-06 9.000028555e-06 
9.000028555e-06 9.000028555e-06 9.000028555e-06 9.000028555e-06 9.000028555e-06 
9.000028555e-06 9.000028555e-06 9.000028555e-06 9.000028555e-06 9.000028555e-06 
9.000028555e-06 9.000028555e-06 9.000028555e-06 9.000028555e-06 9.000028555e-06 
9.000028555e-06 9.000028555e-06 9.000028555e-06 9.000028555e-06 9.000028555e-06 
9.000028555e-06 9.000028555e-06 9.000028555e-06 9.000028555e-06 9.000028555e-06 
9.000028555e-06 9.000028555e-06 9.000028555e-06 9.000028555e-06 9.000028555e-06 
9.000028555e-06 9.000028555e-06 9.000028555e-06 9.000028555e-06 9.000028555e-06 
9.000028555e-06 9.000028556e-06 9.000028632e-06 9.000033016e-06 9.000241104e-06 
9.007950527e-06 9.215490343e-06 1.274561528e-05 1.922838840e-05 2.051824031e-05 
2.064025988e-05 2.065317618e-05 2.065447617e-05 2.065458357e-05 2.065459090e-05 
2.065459132e-05 2.065459134e-05 2.065459134e-05 2.065459134e-05 2.065459134e-05 
2.065459134e-05 2.065459134e-05 2.065459134e-05 2.065459134e-05 2.065459134e-05 
2.065459134e-05 2.065459134e-05 2.065459134e-05 2.065459134e-05 2.065459134e-05 
2.065459134e-05 2.065459134e-05 2.065459134e-05 2.065459134e-05 2.065459134e-05 
2.065459134e-05 2.065459134e-05 2.065459134e-05 2.065459134e-05 2.065459134e-05 
2.065459134e-05 2.065459134e-05 2.065459134e-05 2.065459134e-05 2.065459134e-05 
2.065459134e-05 2.065459134e-05 2.065459134e-05 2.065459134e-05 2.065459134e-05 
2.065459134e-05 2.065459134e-05 2.065459134e-05 2.065459134e-05 2.065459134e-05 
2.065459134e-05 2.065459134e-05 2.065459134e-05 2.065459134e-05 2.065459134e-05 
2.065459134e-05 2.065459134e-05 2.065459134e-05 2.065459134e-05 2.065459134e-05 
2.065459134e-05 2.065459134e-05 2.065459134e-05 2.065459134e-05 2.065459134e-05 
2.065459134e-05 2.065459134e-05 2.065459134e-05 2.065459134e-05 2.065459134e-05 
2.065459134e-05 2.065459134e-05 2.065459134e-05 2.065459134e-05 2.065459134e-05 
2.065459134e-05 2.065459134e-05 2.065459134e-05 2.065459134e-05 2.065459134e-05 
2.065459134e-05 2.065459134e-05 2.065459134e-05 2.065459134e-05 2.065459134e-05 
TC
1.868277014e-01 1.868277014e-01 1.868277014e-01 1.868277014e-01 1.868277014e-01 
1.868277014e-01 1.868277014e-01 1.868277014e-01 1.868277014e-01 1.868277014e-01 
1.868277014e-01 1.868277014e-01 1.868277014e-01 1.868277014e-01 1.868277014e-01 
1.868277014e-01 1.868277014e-01 1.868277014e-01 1.868277014e-01 1.868277014e-01 
1.868277014e-01 1.868277014e-01 1.868277014e-01 1.868277014e-01 1.868277014e-01 
1.868277014e-01 1.868277014e-01 1.868277014e-01 1.868277014e-01 1.868277014e-01 
1.868277014e-01 1.868277014e-01 1.868277014e-01 1.868277014e-01 1.868277014e-01 
1.868277014e-01 1.868277014e-01 1.868277014e-01 1.868277014e-01 1.868277014e-01 
1.868277014e-01 1.868277014e-01 1.868277014e-01 1.868277014e-01 1.868277014e-01 
1.868277014e-01 1.868277014e-01 1.868277014e-01 1.868277014e-01 1.868277014e-01 
1.868277014e-01 1.868277014e-01 1.868277014e-01 1.868277014e-01 1.868277014e-01 
1.868277014e-01 1.868277014e-01 1.868277014e-01 1.868277014e-01 1.868277014e-01 
1.868277014e-01 1.868277014e-01 1.868277014e-01 1.868277014e-01 1.868277014e-01 
1.868277014e-01 1.868277014e-01 1.868277014e-01 1.868277014e-01 1.868277014e-01 
1.868277014e-01 1.868277014e-01 1.868277006e-01 1.868276543e-01 1.868254551e-01 
1.867439984e-01 1.845665005e-01 1.508413403e-01 8.145581766e-02 4.023454107e-02 
2.854072236e-02 2.674092548e-02 2.654846672e-02 2.653246396e-02 2.653137171e-02 
2.653130844e-02 2.653130525e-02 2.653130511e-02 2.653130511e-02 2.653130511e-02 
2.653130511e-02 2.653130511e-02 2.653130511e-02 2.653130511e-02 2.653130511e-02 
2.653130511e-02 2.653130511e-02 2.653130511e-02 2.653130511e-02 2.653130511e-02 
2.653130511e-02 2.653130511e-02 2.653130511e-02 2.653130511e-02 2.653130511e-02 
2.653130511e-02 2.653130511e-02 2.653130511e-02 2.653130511e-02 2.653130511e-02 
2.653130511e-02 2.653130511e-02 2.653130511e-02 2.653130511e-02 2.653130511e-02 
2.653130511e-02 2.653130511e-02 2.653130511e-02 2.653130511e-02 2.653130511e-02 
2.653130511e-02 2.653130511e-02 2.653130511e-02 2.653130511e-02 2.653130511e-02 
2.653130511e-02 2.653130511e-02 2.653130511e-02 2.653130511e-02 2.653130511e-02 
2.653130511e-02 2.653130511e-02 2.653130511e-02 2.653130511e-02 2.653130511e-02 
2.653130511e-02 2.653130511e-02 2.653130511e-02 2.653130511e-02 2.653130511e-02 
2.653130511e-02 2.653130511e-02 2.653130511e-02 2.653130511e-02 2.653130511e-02 
2.653130511e-02 2.653130511e-02 2.653130511e-02 2.653130511e-02 2.653130511e-02 
2.653130511e-02 2.653130511e-02 2.653130511e-02 2.653130511e-02 2.653130511e-02 
2.653130511e-02 2.653130511e-02 2.653130511e-02 2.653130511e-02 2.653130511e-02 
net_rxn-H2
8.442994533e-21 8.337445537e-21 8.233152156e-21 8.130058202e-21 8.028109535e-21 
7.927253937e-21 7.827440983e-21 7.728621920e-21 7.630749561e-21 7.533778171e-21 
7.437663374e-21 7.342362052e-21 7.247832257e-21 7.154033120e-21 7.060924772e-21 
6.968468260e-21 6.876625472e-21 6.785359057e-21 6.694632360e-21 6.604409342e-21 
6.514654516e-21 6.425332876e-21 6.336409827e-21 6.247851122e-21 6.159622789e-21 
6.071691067e-21 5.984022334e-21 5.896583039e-21 5.809339631e-21 5.722258482e-21 
5.635305817e-21 5.548447630e-21 5.461649602e-21 5.374877016e-21 5.288094665e-21 
5.201266749e-21 5.114356778e-21 5.027327453e-21 4.940140546e-21 4.852756768e-21 
4.765135622e-21 4.677235247e-21 4.589012238e-21 4.500421453e-21 4.411415794e-21 
4.321945968e-21 4.231960205e-21 4.141403952e-21 4.050219519e-21 3.958345675e-21 
3.865717183e-21 3.772264260e-21 3.677911956e-21 3.582579420e-21 3.486179035e-21 
3.388615398e-21 3.289784092e-21 3.189570212e-21 3.087846565e-21 2.984471467e-21 
2.879286002e-21 2.772110583e-21 2.662740574e-21 2.550940649e-21 2.436437381e-21 
2.318909357e-21 2.197973685e-21 2.073167139e-21 1.943919069e-21 1.809511089e-21 
1.669014669e-21 1.521189418e-21 1.364306361e-21 1.195815711e-21 1.011706063e-21 
8.059249994e-22 5.709061748e-22 1.745089380e-22 -2.799924460e-24 -5.449463212e-26 
-5.214822830e-28 -2.456362453e-30 -6.989034717e-33 -1.340261443e-35 -2.055774698e-38 
-1.286723594e-40 -4.873333664e-42 -1.931602483e-43 -6.967297271e-45 -2.300587395e-46 
-7.006045052e-48 -1.980323872e-49 -5.224157583e-51 -1.292390949e-52 -3.010924695e-54 
-6.630686057e-56 -1.384909454e-57 -2.751660631e-59 -5.215083711e-61 -9.451410884e-63 
-1.641666933e-64 -2.738612638e-66 -4.396098122e-68 -6.802487577e-70 -1.016364725e-71 
-1.468527850e-73 -2.054904282e-75 -2.788463908e-77 -3.674132172e-79 -4.706321789e-81 
-5.867293207e-83 -7.126718591e-85 -8.442669350e-87 -9.764037906e-89 -1.103418004e-90 
-1.219536891e-92 -1.319352337e-94 -1.398263433e-96 -1.452836800e-98 -1.481045800e-100 
-1.482368204e-102 -1.457741629e-104 -1.409393965e-106 -1.340579296e-108 -1.255257237e-110 
-1.157754810e-112 -1.052445940e-114 -9.434758261e-117 -8.345477239e-119 -7.287797499e-121 
-6.286306112e-123 -5.358887002e-125 -4.516971549e-127 -3.766078407e-129 -3.071660003e-131 
7.012463489e-133 9.542165832e-133 9.562711658e-133 9.562876482e-133 9.562877757e-133 
4.817271093e-133 4.804211823e-133 4.804141466e-133 4.804140978e-133 7.047089248e-133 
7.041692059e-133 6.994335674e-133 4.526089460e-133 4.508383739e-133 4.508204244e-133 
2.224353497e-133 2.243975862e-133 1.121518070e-133 -2.755923166e-134 -2.789833082e-134 
-2.790044039e-134 -2.790045390e-134 -2.790045400e-134 2.587416038e-136 1.892106264e-138 
net_rxn-H
-4.221497267e-21 -4.168722768e-21 -4.116576078e-21 -4.065029101e-21 -4.014054767e-21 
-3.963626969e-21 -3.913720491e-21 -3.864310960e-21 -3.815374780e-21 -3.766889086e-21 
-3.718831687e-21 -3.671181026e-21 -3.623916128e-21 -3.577016560e-21 -3.530462386e-21 
-3.484234130e-21 -3.438312736e-21 -3.392679529e-21 -3.347316180e-21 -3.302204671e-21 
-3.257327258e-21 -3.212666438e-21 -3.168204914e-21 -3.123925561e-21 -3.079811395e-21 
-3.035845534e-21 -2.992011167e-21 -2.948291520e-21 -2.904669815e-21 -2.861129241e-21 
-2.817652909e-21 -2.774223815e-21 -2.730824801e-21 -2.687438508e-21 -2.644047332e-21 
-2.600633374e-21 -2.557178389e-21 -2.513663726e-21 -2.470070273e-21 -2.426378384e-21 
-2.382567811e-21 -2.338617624e-21 -2.294506119e-21 -2.250210726e-21 -2.205707897e-21 
-2.160972984e-21 -2.115980102e-21 -2.070701976e-21 -2.025109759e-21 -1.979172838e-21 
-1.932858591e-21 -1.886132130e-21 -1.838955978e-21 -1.791289710e-21 -1.743089517e-21 
-1.694307699e-21 -1.644892046e-21 -1.594785106e-21 -1.543923282e-21 -1.492235734e-21 
-1.439643001e-21 -1.386055291e-21 -1.331370287e-21 -1.275470324e-21 -1.218218691e-21 
-1.159454679e-21 -1.098986842e-21 -1.036583569e-21 -9.719595343e-22 -9.047555446e-22 
-8.345073354e-22 -7.605947926e-22 -6.821588621e-22 -5.982360561e-22 -5.213779984e-22 
-9.598121707e-22 -1.092217003e-20 6.744752189e-21 1.372003511e-22 1.879324408e-25 
-2.875808983e-25 4.415314738e-27 -1.838149950e-28 -5.201118061e-31 -1.229921353e-33 
-2.897114485e-36 -6.797897762e-39 -1.589145908e-41 -3.707998337e-44 -8.877737714e-47 
-2.965090370e-49 -3.466540976e-51 -8.665513311e-53 -2.273677148e-54 -5.649186322e-56 
-1.322500478e-57 -2.925925923e-59 -6.138019099e-61 -1.224641835e-62 -2.330237927e-64 
-4.239238042e-66 -7.390333999e-68 -1.237200262e-69 -1.992761765e-71 -3.093765414e-73 
-4.637221680e-75 -6.721087467e-77 -9.433249957e-79 -1.283837710e-80 -1.696512434e-82 
-2.136578166e-84 8.473120559e-87 -2.871275929e-86 5.444797421e-86 -4.431054012e-88 
-9.176002672e-86 -4.219462833e-86 -9.771936014e-86 -1.125046095e-85 -1.043661015e-85 
1.748063696e-86 7.474539161e-86 1.133771183e-85 -9.605364768e-87 -3.481325494e-86 
5.688207862e-86 1.273133574e-85 3.272210736e-86 3.974277701e-86 6.706266818e-87 
-6.466909780e-86 -1.551898627e-85 -1.100039137e-85 -1.600354571e-88 -2.465391820e-88 
8.650094951e-89 -9.244841050e-89 1.800097762e-88 2.280382383e-88 1.383243450e-88 
-5.209131345e-89 7.198381067e-89 5.869681779e-90 -7.241010141e-89 -9.146822716e-89 
-1.082155671e-89 -9.853487732e-89 -8.548475246e-89 3.417899450e-90 4.762300291e-89 
3.788421677e-89 -7.655586940e-89 -1.935878791e-89 4.369745663e-90 4.639975547e-90 
4.926537771e-90 7.950947475e-90 3.232195940e-91 -2.560656664e-92 -2.936549917e-94 
net_rxn-O
-1.215181537e-24 -1.215154963e-24 -1.215128390e-24 -1.215101806e-24 -1.215075200e-24 
-1.215048561e-24 -1.215021877e-24 -1.214995137e-24 -1.214968330e-24 -1.214941443e-24 
-1.214914466e-24 -1.214887386e-24 -1.214860190e-24 -1.214832866e-24 -1.214805402e-24 
-1.214777784e-24 -1.214749998e-24 -1.214722031e-24 -1.214693869e-24 -1.214665496e-24 
-1.214636897e-24 -1.214608057e-24 -1.214578959e-24 -1.214549585e-24 -1.214519917e-24 
-1.214489938e-24 -1.214459627e-24 -1.214428964e-24 -1.214397926e-24 -1.214366493e-24 
-1.214334638e-24 -1.214302338e-24 -1.214269565e-24 -1.214236290e-24 -1.214202484e-24 
-1.214168115e-24 -1.214133148e-24 -1.214097545e-24 -1.214061269e-24 -1.214024277e-24 
-1.213986523e-24 -1.213947959e-24 -1.213908530e-24 -1.213868181e-24 -1.213826848e-24 
-1.213784464e-24 -1.213740954e-24 -1.213696236e-24 -1.213650221e-24 -1.213602810e-24 
-1.213553894e-24 -1.213503349e-24 -1.213451040e-24 -1.213396815e-24 -1.213340501e-24 
-1.213281903e-24 -1.213220799e-24 -1.213156935e-24 -1.213090017e-24 -1.213019703e-24 
-1.212945594e-24 -1.212867217e-24 -1.212784008e-24 -1.212695284e-24 -1.212600212e-24 
-1.212497756e-24 -1.212386610e-24 -1.212265089e-24 -1.212130969e-24 -1.211981236e-24 
-1.211811643e-24 -1.211615947e-24 -1.211384581e-24 -1.211108624e-24 -1.210982465e-24 
-1.215517450e-24 -1.271670488e-24 -1.231673065e-24 -1.647428346e-25 4.898047723e-27 
4.884657685e-29 2.348509162e-31 6.879928558e-34 1.347475846e-36 1.905471972e-39 
2.064699212e-42 1.845764961e-45 1.593879434e-48 1.897846988e-51 6.861286130e-54 
1.230577278e-55 3.316435769e-57 8.733263024e-59 2.164704175e-60 5.054575885e-62 
1.115661439e-63 2.335508997e-65 4.650897922e-67 8.834462063e-69 1.604690188e-70 
2.795067882e-72 4.832127860e-74 2.369501596e-75 1.629814930e-75 1.618337897e-75 
1.618165961e-75 1.618163470e-75 1.618163435e-75 1.618163435e-75 1.618163435e-75 
1.618163435e-75 1.618163435e-75 1.618163435e-75 1.618163435e-75 1.618163435e-75 
1.618163435e-75 1.618163435e-75 1.618163435e-75 1.618163435e-75 1.618163435e-75 
1.618163435e-75 1.618163435e-75 1.618163435e-75 1.618163435e-75 1.618163435e-75 
1.618163435e-75 1.618163435e-75 1.618163435e-75 1.618163435e-75 1.618163435e-75 
1.618163435e-75 1.618163435e-75 1.618163435e-75 1.618163435e-75 1.618163435e-75 
1.618163435e-75 1.618163435e-75 1.618163435e-75 1.618163435e-75 1.618163435e-75 
1.618163435e-75 1.618163435e-75 1.618163435e-75 1.618163435e-75 1.618163435e-75 
1.618163435e-75 1.618163435e-75 1.618163435e-75 1.618163435e-75 1.618163435e-75 
1.618163435e-75 1.618163435e-75 1.618163435e-75 1.618163435e-75 1.618163435e-75 
1.618163435e-75 1.618163435e-75 1.618163435e-75 1.618163435e-75 1.618163435e-75 
net_rxn-O2
-1.828159483e-39 -1.823817663e-39 -1.819527487e-39 -1.815286644e-39 -1.811092907e-39 
-1.806944128e-39 -1.802838233e-39 -1.798773217e-39 -1.794747139e-39 -1.790758117e-39 
-1.786804325e-39 -1.782883992e-39 -1.778995389e-39 -1.775136838e-39 -1.771306697e-39 
-1.767503364e-39 -1.763725272e-39 -1.759970884e-39 -1.756238691e-39 -1.752527212e-39 
-1.748834986e-39 -1.745160574e-39 -1.741502552e-39 -1.737859510e-39 -1.734230053e-39 
-1.730612790e-39 -1.727006338e-39 -1.723409317e-39 -1.719820347e-39 -1.716238043e-39 
-1.712661016e-39 -1.709087868e-39 -1.705517184e-39 -1.701947538e-39 -1.698377481e-39 
-1.694805538e-39 -1.691230209e-39 -1.687649958e-39 -1.684063212e-39 -1.680468354e-39 
-1.676863718e-39 -1.673247580e-39 -1.669618153e-39 -1.665973580e-39 -1.662311921e-39 
-1.658631147e-39 -1.654929126e-39 -1.651203613e-39 -1.647452232e-39 -1.643672461e-39 
-1.639861613e-39 -1.636016815e-39 -1.632134978e-39 -1.628212773e-39 -1.624246588e-39 
-1.620232493e-39 -1.616166184e-39 -1.612042924e-39 -1.607857469e-39 -1.603603976e-39 
-1.599275888e-39 -1.594865800e-39 -1.590365934e-39 -1.585873468e-39 -1.597350688e-39 
-3.851436983e-39 -2.962620031e-37 -3.518551942e-35 -3.842643469e-33 -3.804029107e-31 
-3.375528836e-29 -2.647832895e-27 -1.803683055e-25 -1.041930209e-23 -4.928669382e-22 
-1.767815669e-20 -3.376809910e-19 2.168938773e-19 4.311218410e-21 5.101227418e-24 
-9.138031085e-24 1.401328182e-25 -5.835636139e-27 -1.651206292e-29 -3.904634339e-32 
-9.197769720e-35 -2.159654997e-37 -5.106339240e-40 -1.398357084e-42 -1.012200438e-44 
-2.318322199e-46 -6.396932261e-48 -1.686009425e-49 -4.175100590e-51 -9.738044820e-53 
-2.147011130e-54 -4.489523368e-56 -8.930485015e-58 -1.694496970e-59 -3.074491421e-61 
-5.346337795e-63 -8.928818806e-65 -1.434894509e-66 -2.222831263e-68 -3.324858866e-70 
-4.810930649e-72 -6.898838238e-74 -2.533357054e-75 -1.630235180e-75 -1.618318231e-75 
-1.618165365e-75 -1.618163457e-75 -1.618163436e-75 -1.618163433e-75 -1.618163435e-75 
-1.618163438e-75 -1.618163436e-75 -1.618163438e-75 -1.618163438e-75 -1.618163438e-75 
-1.618163434e-75 -1.618163432e-75 -1.618163431e-75 -1.618163435e-75 -1.618163436e-75 
-1.618163433e-75 -1.618163431e-75 -1.618163434e-75 -1.618163433e-75 -1.618163435e-75 
-1.618163437e-75 -1.618163440e-75 -1.618163438e-75 -1.618163435e-75 -1.618163435e-75 
-1.618163435e-75 -1.618163435e-75 -1.618163435e-75 -1.618163435e-75 -1.618163435e-75 
-1.618163435e-75 -1.618163435e-75 -1.618163435e-75 -1.618163435e-75 -1.618163435e-75 
-1.618163435e-75 -1.618163435e-75 -1.618163435e-75 -1.618163435e-75 -1.618163435e-75 
-1.618163435e-75 -1.618163435e-75 -1.618163435e-75 -1.618163435e-75 -1.618163435e-75 
-1.618163435e-75 -1.618163435e-75 -1.618163435e-75 -1.618163435e-75 -1.618163435e-75 
net_rxn-OH
7.123344972e-20 7.034296626e-20 6.946307605e-20 6.859330500e-20 6.773319639e-20 
6.688230965e-20 6.604021936e-20 6.520651423e-20 6.438079612e-20 6.356267922e-20 
6.275178911e-20 6.194776204e-20 6.115024409e-20 6.035889047e-20 5.957336482e-20 
5.879333850e-20 5.801848997e-20 5.724850413e-20 5.648307171e-20 5.572188867e-20 
5.496465562e-20 5.421107722e-20 5.346086161e-20 5.271371985e-20 5.196936533e-20 
5.122751323e-20 5.048787987e-20 4.975018222e-20 4.901413719e-20 4.827946110e-20 
4.754586899e-20 4.681307395e-20 4.608078646e-20 4.534871361e-20 4.461655837e-20 
4.388401872e-20 4.315078679e-20 4.241654791e-20 4.168097956e-20 4.094375027e-20 
4.020451839e-20 3.946293073e-20 3.871862110e-20 3.797120867e-20 3.722029608e-20 
3.646546745e-20 3.570628602e-20 3.494229155e-20 3.417299732e-20 3.339788675e-20 
3.261640944e-20 3.182797668e-20 3.103195611e-20 3.022766563e-20 2.941436605e-20 
2.859125247e-20 2.775744397e-20 2.691197112e-20 2.605376084e-20 2.518161779e-20 
2.429420124e-20 2.338999606e-20 2.246727582e-20 2.152405513e-20 2.055802718e-20 
1.956648032e-20 1.854618418e-20 1.749323069e-20 1.640280544e-20 1.526884764e-20 
1.408352355e-20 1.283636840e-20 1.151279533e-20 1.009129258e-20 8.538017629e-21 
6.801917742e-21 4.819258294e-21 1.474894774e-21 -2.327183941e-23 -4.701671685e-25 
-4.503398949e-27 -2.122323903e-29 -6.040321128e-32 -1.155629181e-34 -1.588716148e-37 
-1.645208931e-40 -1.329091037e-43 -8.589652149e-47 -4.468077899e-50 -1.352327890e-53 
1.229312412e-55 3.522801398e-57 9.283373823e-59 2.301077354e-60 5.373007148e-62 
1.185946562e-63 2.482642823e-65 4.943898021e-67 9.391019194e-69 1.705766242e-70 
2.969433174e-72 4.964534662e-74 7.986714224e-76 1.238552282e-77 1.854533049e-79 
2.685330687e-81 3.765559946e-83 5.120551806e-85 6.761002381e-87 8.678287472e-89 
1.082649481e-90 1.196622377e-92 1.132908514e-93 -1.871290731e-93 1.526147700e-95 
3.156477375e-93 1.451464061e-93 3.361473834e-93 3.870075494e-93 3.590116830e-93 
-6.013210038e-94 -2.571186280e-93 -3.900089152e-93 3.304174555e-94 1.197550264e-93 
-1.956701504e-93 -4.379485488e-93 -1.125616332e-93 -1.367122184e-93 -2.306906267e-94 
2.224569213e-93 5.338416688e-93 3.784053405e-93 5.505101555e-96 8.480765819e-96 
-2.975568792e-96 3.180157058e-96 -6.192203384e-96 -7.844347015e-96 -4.758255330e-96 
1.791902719e-96 -2.476189935e-96 -2.019127191e-97 2.490854022e-96 3.146439475e-96 
3.722535604e-97 3.389527023e-96 2.940612364e-96 -1.175732173e-97 -1.638196136e-96 
-1.303189084e-96 2.633465379e-96 6.659280096e-97 -1.503160242e-97 -1.596117327e-97 
-1.694692616e-97 -2.735067223e-97 -1.111851537e-98 8.808469847e-100 1.010151488e-101 
net_rxn-HO2
1.715412799e-33 1.715412715e-33 1.715412631e-33 1.715412548e-33 1.715412465e-33 
1.715412382e-33 1.715412300e-33 1.715412218e-33 1.715412136e-33 1.715412055e-33 
1.715411973e-33 1.715411892e-33 1.715411811e-33 1.715411731e-33 1.715411650e-33 
1.715411569e-33 1.715411488e-33 1.715411408e-33 1.715411327e-33 1.715411246e-33 
1.715411164e-33 1.715411083e-33 1.715411001e-33 1.715410920e-33 1.715410837e-33 
1.715410755e-33 1.715410672e-33 1.715410588e-33 1.715410504e-33 1.715410420e-33 
1.715410335e-33 1.715410249e-33 1.715410163e-33 1.715410075e-33 1.715409987e-33 
1.715409898e-33 1.715409808e-33 1.715409717e-33 1.715409625e-33 1.715409532e-33 
1.715409437e-33 1.715409341e-33 1.715409244e-33 1.715409145e-33 1.715409044e-33 
1.715408942e-33 1.715408837e-33 1.715408731e-33 1.715408622e-33 1.715408510e-33 
1.715408396e-33 1.715408279e-33 1.715408159e-33 1.715408036e-33 1.715407909e-33 
1.715407778e-33 1.715407642e-33 1.715407502e-33 1.715407356e-33 1.715407204e-33 
1.715407045e-33 1.715406879e-33 1.715406705e-33 1.715406521e-33 1.715406343e-33 
1.715408465e-33 1.715709869e-33 1.751697878e-33 5.679087852e-33 3.941007416e-31 
3.482027190e-29 2.731239507e-27 1.860497835e-25 1.074750287e-23 5.083919044e-22 
1.823500634e-20 3.483177077e-19 -2.237258837e-19 -4.447018794e-21 -5.261912534e-24 
9.425872706e-24 -1.445469045e-25 6.019454616e-27 1.703218142e-29 4.027627603e-32 
9.487493066e-35 2.227682627e-37 5.267185373e-40 1.442404359e-42 1.044084048e-44 
2.391347738e-46 6.598431183e-48 1.739117550e-49 4.306613358e-51 1.004478647e-52 
2.214640489e-54 4.630940234e-56 9.211789088e-58 1.747872447e-59 3.171335765e-61 
5.514743720e-63 9.210070394e-65 1.480092687e-66 2.292848736e-68 3.429572919e-70 
4.960802487e-72 6.949233403e-74 9.440215825e-76 1.245199664e-77 1.596721769e-79 
1.991312669e-81 2.306020661e-83 1.216718823e-84 -1.779795756e-84 1.454638666e-86 
3.004841301e-84 1.381736143e-84 3.199989589e-84 3.684158170e-84 3.417648641e-84 
-5.724337142e-85 -2.447667224e-84 -3.712729981e-84 3.145442951e-85 1.140020291e-84 
-1.862702121e-84 -4.169096254e-84 -1.071542044e-84 -1.301446024e-84 -2.196083148e-85 
2.117701543e-84 5.081960672e-84 3.602268558e-84 5.240638046e-87 8.073352246e-87 
-2.832623315e-87 3.027383220e-87 -5.894731698e-87 -7.467506821e-87 -4.529670100e-87 
1.705820223e-87 -2.357234476e-87 -1.922128896e-88 2.371194105e-87 2.995285420e-87 
3.543706055e-88 3.226695111e-87 2.799346184e-87 -1.119250335e-88 -1.559497661e-87 
-1.240584252e-87 2.506954453e-87 6.339370179e-88 -1.430948853e-88 -1.519440306e-88 
-1.613280066e-88 -2.603675373e-88 -1.058438506e-89 8.385313466e-91 9.616240986e-93 
net_rxn-H2O
-7.545373180e-20 -7.451047388e-20 -7.357843700e-20 -7.265711900e-20 -7.174603608e-20 
-7.084472157e-20 -6.995272483e-20 -6.906961019e-20 -6.819495594e-20 -6.732835336e-20 
-6.646940588e-20 -6.561772818e-20 -6.477294535e-20 -6.393469220e-20 -6.310261240e-20 
-6.227635786e-20 -6.145558796e-20 -6.063996894e-20 -5.982917320e-20 -5.902287868e-20 
-5.822076824e-20 -5.742252905e-20 -5.662785194e-20 -5.583643086e-20 -5.504796221e-20 
-5.426214427e-20 -5.347867658e-20 -5.269725931e-20 -5.191759261e-20 -5.113937598e-20 
-5.036230756e-20 -4.958608346e-20 -4.881039699e-20 -4.803493788e-20 -4.725939150e-20 
-4.648343793e-20 -4.570675105e-20 -4.492899754e-20 -4.414983577e-20 -4.336891463e-20 
-4.258587221e-20 -4.180033440e-20 -4.101191331e-20 -4.022020553e-20 -3.942479015e-20 
-3.862522665e-20 -3.782105238e-20 -3.701177983e-20 -3.619689343e-20 -3.537584599e-20 
-3.454805448e-20 -3.371289530e-20 -3.286969864e-20 -3.201774194e-20 -3.115624222e-20 
-3.028434688e-20 -2.940112279e-20 -2.850554307e-20 -2.759647103e-20 -2.667264050e-20 
-2.573263129e-20 -2.477483848e-20 -2.379743332e-20 -2.279831275e-20 -2.177503327e-20 
-2.072472250e-20 -1.964395863e-20 -1.852860199e-20 -1.737355284e-20 -1.617239120e-20 
-1.491681908e-20 -1.359575149e-20 -1.219373713e-20 -1.068798933e-20 -9.042659678e-21 
-7.203664709e-21 -5.103439416e-21 -1.560917767e-21 2.483653938e-23 4.925164278e-25 
4.715312092e-27 2.221627222e-29 6.322172173e-32 1.209324038e-34 1.662312170e-37 
1.721575126e-40 1.392032158e-43 9.035761722e-47 4.814792478e-50 2.145154040e-53 
8.114738264e-57 2.640510886e-60 7.474302577e-64 1.858495217e-67 4.094343981e-71 
8.052657065e-75 1.423548819e-78 2.275790283e-82 3.308369737e-86 4.395375022e-90 
5.361282115e-94 6.029204151e-98 6.275598488e-102 6.067558536e-106 5.467457540e-110 
4.605953212e-114 3.637953254e-118 2.694295223e-122 1.610254730e-126 -8.999697288e-130 
-3.631122556e-132 -1.258379627e-134 -4.243864320e-137 -1.397092265e-139 -4.496734844e-142 
-1.542468065e-144 -1.338130574e-145 -1.294798494e-145 -1.294667931e-145 -1.294667546e-145 
-1.294667545e-145 -1.294667545e-145 -1.294667546e-145 -1.294667546e-145 -3.257551611e-146 
-3.223425144e-146 -3.223349785e-146 -3.223349578e-146 -3.223349578e-146 -3.223349579e-146 
-3.223349580e-146 -3.223349581e-146 -3.466504232e-149 2.329503453e-152 4.588223987e-155 
-8.573556893e-156 -8.702451024e-156 -8.702695284e-156 -8.702657624e-156 -8.702623603e-156 
-8.702595075e-156 -8.702592130e-156 -8.702602020e-156 -8.702551954e-156 -8.702499637e-156 
-8.702473128e-156 -8.702473023e-156 -8.702473023e-156 -8.702461160e-156 -8.702461112e-156 
-8.702461112e-156 -8.702461112e-156 -8.702461112e-156 -8.702461112e-156 -8.702461112e-156 
-8.702461112e-156 -8.702461112e-156 -5.953838993e-156 -2.521421817e-153 -5.228673719e-156 
net_rxn-H2O2
-1.767777311e-33 -1.767777270e-33 -1.767777229e-33 -1.767777189e-33 -1.767777148e-33 
-1.767777107e-33 -1.767777067e-33 -1.767777026e-33 -1.767776985e-33 -1.767776943e-33 
-1.767776902e-33 -1.767776860e-33 -1.767776819e-33 -1.767776777e-33 -1.767776734e-33 
-1.767776692e-33 -1.767776649e-33 -1.767776606e-33 -1.767776563e-33 -1.767776519e-33 
-1.767776475e-33 -1.767776430e-33 -1.767776385e-33 -1.767776340e-33 -1.767776294e-33 
-1.767776248e-33 -1.767776201e-33 -1.767776153e-33 -1.767776105e-33 -1.767776057e-33 
-1.767776007e-33 -1.767775957e-33 -1.767775906e-33 -1.767775855e-33 -1.767775802e-33 
-1.767775749e-33 -1.767775694e-33 -1.767775639e-33 -1.767775582e-33 -1.767775525e-33 
-1.767775466e-33 -1.767775406e-33 -1.767775344e-33 -1.767775281e-33 -1.767775216e-33 
-1.767775150e-33 -1.767775082e-33 -1.767775012e-33 -1.767774940e-33 -1.767774866e-33 
-1.767774789e-33 -1.767774710e-33 -1.767774627e-33 -1.767774542e-33 -1.767774454e-33 
-1.767774361e-33 -1.767774265e-33 -1.767774165e-33 -1.767774059e-33 -1.767773948e-33 
-1.767773831e-33 -1.767773707e-33 -1.767773576e-33 -1.767773436e-33 -1.767773285e-33 
-1.767773123e-33 -1.767772947e-33 -1.767772753e-33 -1.767772540e-33 -1.767772302e-33 
-1.767772032e-33 -1.767771713e-33 -1.767770818e-33 -1.767743132e-33 -1.766654635e-33 
-1.736993817e-33 -1.362353586e-33 -3.875957062e-33 -4.724654850e-34 -1.076967211e-35 
-6.963610542e-38 -2.171573352e-40 -3.958608994e-43 -4.902628675e-46 -4.357379611e-49 
-2.913823480e-52 -1.519614613e-55 -6.354686536e-59 -2.160862871e-62 -4.435410406e-66 
1.321653571e-68 1.095437689e-70 7.571066253e-73 4.837110161e-75 2.864716914e-77 
1.567177112e-79 7.838956663e-82 3.497883416e-84 1.304326891e-86 3.145712243e-89 
-6.205501072e-92 -1.597715336e-93 -1.497643813e-95 -1.103242910e-97 -7.200686224e-100 
-4.347442381e-102 -2.478694688e-104 -1.350124678e-106 -7.076336776e-109 -3.586958444e-111 
-1.841252705e-113 -6.233893809e-115 -2.638974192e-115 -2.624703746e-115 -2.624659473e-115 
-2.624659279e-115 -2.624659279e-115 -2.624659280e-115 -2.624659280e-115 -2.624659280e-115 
-2.624659281e-115 -2.624659281e-115 -2.624659282e-115 -2.624659282e-115 -6.570141025e-116 
-6.539247758e-116 -6.539155501e-116 -6.539155327e-116 -6.539155327e-116 -6.539155328e-116 
-6.539155329e-116 -6.539155330e-116 -5.041969756e-119 6.350886229e-119 6.384220996e-119 
6.384291178e-119 6.384291325e-119 6.384291324e-119 6.384291324e-119 6.384291323e-119 
6.384291323e-119 6.384291322e-119 6.384291322e-119 6.384291321e-119 6.384291321e-119 
6.384291320e-119 6.384291320e-119 6.384291319e-119 6.384291319e-119 6.384291318e-119 
1.464193357e-121 -7.308337721e-123 -7.599992939e-123 -7.600256967e-123 -7.600257303e-123 
-7.600257304e-123 -7.600257304e-123 -7.600251085e-123 2.047212212e-123 3.825921663e-126 
massfraction-H2
1.000000000e+00 1.000000000e+00 1.000000000e+00 1.000000000e+00 1.000000000e+00 
1.000000000e+00 1.000000000e+00 1.000000000e+00 1.000000000e+00 1.000000000e+00 
1.000000000e+00 1.000000000e+00 1.000000000e+00 1.000000000e+00 1.000000000e+00 
1.000000000e+00 1.000000000e+00 1.000000000e+00 1.000000000e+00 1.000000000e+00 
1.000000000e+00 1.000000000e+00 1.000000000e+00 1.000000000e+00 1.000000000e+00 
1.000000000e+00 1.000000000e+00 1.000000000e+00 1.000000000e+00 1.000000000e+00 
1.000000000e+00 1.000000000e+00 1.000000000e+00 1.000000000e+00 1.000000000e+00 
1.000000000e+00 1.000000000e+00 1.000000000e+00 1.000000000e+00 1.000000000e+00 
1.000000000e+00 1.000000000e+00 1.000000000e+00 1.000000000e+00 1.000000000e+00 
1.000000000e+00 1.000000000e+00 1.000000000e+00 1.000000000e+00 1.000000000e+00 
1.000000000e+00 1.000000000e+00 1.000000000e+00 1.000000000e+00 1.000000000e+00 
1.000000000e+00 1.000000000e+00 1.000000000e+00 1.000000000e+00 1.000000000e+00 
1.000000000e+00 1.000000000e+00 1.000000000e+00 1.000000000e+00 1.000000000e+00 
1.000000000e+00 1.000000000e+00 1.000000000e+00 1.000000000e+00 1.000000000e+00 
1.000000000e+00 9.999999997e-01 9.999999800e-01 9.999988389e-01 9.999446794e-01 
9.979411537e-01 9.461258371e-01 4.286935856e-01 6.927810437e-02 1.074623751e-02 
1.408671756e-03 1.445531118e-04 1.181390164e-05 7.976295977e-07 4.584138620e-08 
2.293438936e-09 1.016030319e-10 0.000000000e+00 0.000000000e+00 0.000000000e+00 
0.000000000e+00 0.000000000e+00 0.000000000e+00 0.000000000e+00 0.000000000e+00 
0.000000000e+00 0.000000000e+00 0.000000000e+00 0.000000000e+00 0.000000000e+00 
0.000000000e+00 0.000000000e+00 0.000000000e+00 0.000000000e+00 0.000000000e+00 
0.000000000e+00 0.000000000e+00 0.000000000e+00 0.000000000e+00 0.000000000e+00 
0.000000000e+00 0.000000000e+00 0.000000000e+00 0.000000000e+00 0.000000000e+00 
0.000000000e+00 0.000000000e+00 0.000000000e+00 0.000000000e+00 0.000000000e+00 
0.000000000e+00 0.000000000e+00 0.000000000e+00 0.000000000e+00 0.000000000e+00 
0.000000000e+00 0.000000000e+00 0.000000000e+00 0.000000000e+00 0.000000000e+00 
0.000000000e+00 0.000000000e+00 0.000000000e+00 0.000000000e+00 0.000000000e+00 
0.000000000e+00 0.000000000e+00 0.000000000e+00 0.000000000e+00 0.000000000e+00 
0.000000000e+00 0.000000000e+00 0.000000000e+00 0.000000000e+00 0.000000000e+00 
0.000000000e+00 0.000000000e+00 0.000000000e+00 0.000000000e+00 0.000000000e+00 
0.000000000e+00 0.000000000e+00 0.000000000e+00 0.000000000e+00 0.000000000e+00 
0.000000000e+00 0.000000000e+00 0.000000000e+00 0.000000000e+00 0.000000000e+00 
massfraction-H
0.000000000e+00 0.000000000e+00 0.000000000e+00 0.000000000e+00 0.000000000e+00 
0.000000000e+00 0.000000000e+00 0.000000000e+00 0.000000000e+00 0.000000000e+00 
0.000000000e+00 0.000000000e+00 0.000000000e+00 0.000000000e+00 0.000000000e+00 
0.000000000e+00 0.000000000e+00 0.000000000e+00 0.000000000e+00 0.000000000e+00 
0.000000000e+00 0.000000000e+00 0.000000000e+00 0.000000000e+00 0.000000000e+00 
0.000000000e+00 0.000000000e+00 0.000000000e+00 0.000000000e+00 0.000000000e+00 
0.000000000e+00 0.000000000e+00 0.000000000e+00 0.000000000e+00 0.000000000e+00 
0.000000000e+00 0.000000000e+00 0.000000000e+00 0.000000000e+00 0.000000000e+00 
0.000000000e+00 0.000000000e+00 0.000000000e+00 0.000000000e+00 0.000000000e+00 
0.000000000e+00 0.000000000e+00 0.000000000e+00 0.000000000e+00 0.000000000e+00 
0.000000000e+00 0.000000000e+00 0.000000000e+00 0.000000000e+00 0.000000000e+00 
0.000000000e+00 0.000000000e+00 0.000000000e+00 0.000000000e+00 0.000000000e+00 
0.000000000e+00 0.000000000e+00 0.000000000e+00 0.000000000e+00 0.000000000e+00 
0.000000000e+00 0.000000000e+00 0.000000000e+00 0.000000000e+00 0.000000000e+00 
0.000000000e+00 0.000000000e+00 0.000000000e+00 0.000000000e+00 0.000000000e+00 
0.000000000e+00 0.000000000e+00 0.000000000e+00 0.000000000e+00 0.000000000e+00 
0.000000000e+00 0.000000000e+00 0.000000000e+00 0.000000000e+00 0.000000000e+00 
0.000000000e+00 0.000000000e+00 0.000000000e+00 0.000000000e+00 0.000000000e+00 
0.000000000e+00 0.000000000e+00 0.000000000e+00 0.000000000e+00 0.000000000e+00 
0.000000000e+00 0.000000000e+00 0.000000000e+00 0.000000000e+00 0.000000000e+00 
0.000000000e+00 0.000000000e+00 0.000000000e+00 0.000000000e+00 0.000000000e+00 
0.000000000e+00 0.000000000e+00 0.000000000e+00 0.000000000e+00 0.000000000e+00 
0.000000000e+00 0.000000000e+00 0.000000000e+00 0.000000000e+00 0.000000000e+00 
0.000000000e+00 0.000000000e+00 0.000000000e+00 0.000000000e+00 0.000000000e+00 
0.000000000e+00 0.000000000e+00 0.000000000e+00 0.000000000e+00 0.000000000e+00 
0.000000000e+00 0.000000000e+00 0.000000000e+00 0.000000000e+00 0.000000000e+00 
0.000000000e+00 0.000000000e+00 0.000000000e+00 0.000000000e+00 0.000000000e+00 
0.000000000e+00 0.000000000e+00 0.000000000e+00 0.000000000e+00 0.000000000e+00 
0.000000000e+00 0.000000000e+00 0.000000000e+00 0.000000000e+00 0.000000000e+00 
0.000000000e+00 0.000000000e+00 0.000000000e+00 0.000000000e+00 0.000000000e+00 
0.000000000e+00 0.000000000e+00 0.000000000e+00 0.000000000e+00 0.000000000e+00 
0.000000000e+00 0.000000000e+00 0.000000000e+00 0.000000000e+00 0.000000000e+00 
massfraction-O
0.000000000e+00 0.000000000e+00 0.000000000e+00 0.000000000e+00 0.000000000e+00 
0.000000000e+00 0.000000000e+00 0.000000000e+00 0.000000000e+00 0.000000000e+00 
0.000000000e+00 0.000000000e+00 0.000000000e+00 0.000000000e+00 0.000000000e+00 
0.000000000e+00 0.000000000e+00 0.000000000e+00 0.000000000e+00 0.000000000e+00 
0.000000000e+00 0.000000000e+00 0.000000000e+00 0.000000000e+00 0.000000000e+00 
0.000000000e+00 0.000000000e+00 0.000000000e+00 0.000000000e+00 0.000000000e+00 
0.000000000e+00 0.000000000e+00 0.000000000e+00 0.000000000e+00 0.000000000e+00 
0.000000000e+00 0.000000000e+00 0.000000000e+00 0.000000000e+00 0.000000000e+00 
0.000000000e+00 0.000000000e+00 0.000000000e+00 0.000000000e+00 0.000000000e+00 
0.000000000e+00 0.000000000e+00 0.000000000e+00 0.000000000e+00 0.000000000e+00 
0.000000000e+00 0.000000000e+00 0.000000000e+00 0.000000000e+00 0.000000000e+00 
0.000000000e+00 0.000000000e+00 0.000000000e+00 0.000000000e+00 0.000000000e+00 
0.000000000e+00 0.000000000e+00 0.000000000e+00 0.000000000e+00 0.000000000e+00 
0.000000000e+00 0.000000000e+00 0.000000000e+00 0.000000000e+00 0.000000000e+00 
0.000000000e+00 0.000000000e+00 0.000000000e+00 0.000000000e+00 0.000000000e+00 
0.000000000e+00 0.000000000e+00 0.000000000e+00 0.000000000e+00 0.000000000e+00 
0.000000000e+00 0.000000000e+00 0.000000000e+00 0.000000000e+00 0.000000000e+00 
0.000000000e+00 0.000000000e+00 0.000000000e+00 0.000000000e+00 0.000000000e+00 
0.000000000e+00 0.000000000e+00 0.000000000e+00 0.000000000e+00 0.000000000e+00 
0.000000000e+00 0.000000000e+00 0.000000000e+00 0.000000000e+00 0.000000000e+00 
0.000000000e+00 0.000000000e+00 0.000000000e+00 0.000000000e+00 0.000000000e+00 
0.000000000e+00 0.000000000e+00 0.000000000e+00 0.000000000e+00 0.000000000e+00 
0.000000000e+00 0.000000000e+00 0.000000000e+00 0.000000000e+00 0.000000000e+00 
0.000000000e+00 0.000000000e+00 0.000000000e+00 0.000000000e+00 0.000000000e+00 
0.000000000e+00 0.000000000e+00 0.000000000e+00 0.000000000e+00 0.000000000e+00 
0.000000000e+00 0.000000000e+00 0.000000000e+00 0.000000000e+00 0.000000000e+00 
0.000000000e+00 0.000000000e+00 0.000000000e+00 0.000000000e+00 0.000000000e+00 
0.000000000e+00 0.000000000e+00 0.000000000e+00 0.000000000e+00 0.000000000e+00 
0.000000000e+00 0.000000000e+00 0.000000000e+00 0.000000000e+00 0.000000000e+00 
0.000000000e+00 0.000000000e+00 0.000000000e+00 0.000000000e+00 0.000000000e+00 
0.000000000e+00 0.000000000e+00 0.000000000e+00 0.000000000e+00 0.000000000e+00 
0.000000000e+00 0.000000000e+00 0.000000000e+00 0.000000000e+00 0.000000000e+00 
massfraction-O2
0.000000000e+00 0.000000000e+00 0.000000000e+00 0.000000000e+00 0.000000000e+00 
0.000000000e+00 0.000000000e+00 0.000000000e+00 0.000000000e+00 0.000000000e+00 
0.000000000e+00 0.000000000e+00 0.000000000e+00 0.000000000e+00 0.000000000e+00 
0.000000000e+00 0.000000000e+00 0.000000000e+00 0.000000000e+00 0.000000000e+00 
0.000000000e+00 0.000000000e+00 0.000000000e+00 0.000000000e+00 0.000000000e+00 
0.000000000e+00 0.000000000e+00 0.000000000e+00 0.000000000e+00 0.000000000e+00 
0.000000000e+00 0.000000000e+00 0.000000000e+00 0.000000000e+00 0.000000000e+00 
0.000000000e+00 0.000000000e+00 0.000000000e+00 0.000000000e+00 0.000000000e+00 
0.000000000e+00 0.000000000e+00 0.000000000e+00 0.000000000e+00 0.000000000e+00 
0.000000000e+00 0.000000000e+00 0.000000000e+00 0.000000000e+00 0.000000000e+00 
0.000000000e+00 0.000000000e+00 0.000000000e+00 0.000000000e+00 0.000000000e+00 
0.000000000e+00 0.000000000e+00 0.000000000e+00 0.000000000e+00 0.000000000e+00 
0.000000000e+00 0.000000000e+00 0.000000000e+00 0.000000000e+00 0.000000000e+00 
0.000000000e+00 0.000000000e+00 0.000000000e+00 0.000000000e+00 0.000000000e+00 
0.000000000e+00 2.924764790e-10 2.000649006e-08 1.161064166e-06 5.532056220e-05 
2.058846255e-03 5.387416292e-02 5.713064144e-01 9.307218956e-01 9.892537625e-01 
9.985913282e-01 9.998554469e-01 9.999881861e-01 9.999992024e-01 9.999999542e-01 
9.999999977e-01 9.999999999e-01 1.000000000e+00 1.000000000e+00 1.000000000e+00 
1.000000000e+00 1.000000000e+00 1.000000000e+00 1.000000000e+00 1.000000000e+00 
1.000000000e+00 1.000000000e+00 1.000000000e+00 1.000000000e+00 1.000000000e+00 
1.000000000e+00 1.000000000e+00 1.000000000e+00 1.000000000e+00 1.000000000e+00 
1.000000000e+00 1.000000000e+00 1.000000000e+00 1.000000000e+00 1.000000000e+00 
1.000000000e+00 1.000000000e+00 1.000000000e+00 1.000000000e+00 1.000000000e+00 
1.000000000e+00 1.000000000e+00 1.000000000e+00 1.000000000e+00 1.000000000e+00 
1.000000000e+00 1.000000000e+00 1.000000000e+00 1.000000000e+00 1.000000000e+00 
1.000000000e+00 1.000000000e+00 1.000000000e+00 1.000000000e+00 1.000000000e+00 
1.000000000e+00 1.000000000e+00 1.000000000e+00 1.000000000e+00 1.000000000e+00 
1.000000000e+00 1.000000000e+00 1.000000000e+00 1.000000000e+00 1.000000000e+00 
1.000000000e+00 1.000000000e+00 1.000000000e+00 1.000000000e+00 1.000000000e+00 
1.000000000e+00 1.000000000e+00 1.000000000e+00 1.000000000e+00 1.000000000e+00 
1.000000000e+00 1.000000000e+00 1.000000000e+00 1.000000000e+00 1.000000000e+00 
1.000000000e+00 1.000000000e+00 1.000000000e+00 1.000000000e+00 1.000000000e+00 
massfraction-OH
0.000000000e+00 0.000000000e+00 0.000000000e+00 0.000000000e+00 0.000000000e+00 
0.000000000e+00 0.000000000e+00 0.000000000e+00 0.000000000e+00 0.000000000e+00 
0.000000000e+00 0.000000000e+00 0.000000000e+00 0.000000000e+00 0.000000000e+00 
0.000000000e+00 0.000000000e+00 0.000000000e+00 0.000000000e+00 0.000000000e+00 
0.000000000e+00 0.000000000e+00 0.000000000e+00 0.000000000e+00 0.000000000e+00 
0.000000000e+00 0.000000000e+00 0.000000000e+00 0.000000000e+00 0.000000000e+00 
0.000000000e+00 0.000000000e+00 0.000000000e+00 0.000000000e+00 0.000000000e+00 
0.000000000e+00 0.000000000e+00 0.000000000e+00 0.000000000e+00 0.000000000e+00 
0.000000000e+00 0.000000000e+00 0.000000000e+00 0.000000000e+00 0.000000000e+00 
0.000000000e+00 0.000000000e+00 0.000000000e+00 0.000000000e+00 0.000000000e+00 
0.000000000e+00 0.000000000e+00 0.000000000e+00 0.000000000e+00 0.000000000e+00 
0.000000000e+00 0.000000000e+00 0.000000000e+00 0.000000000e+00 0.000000000e+00 
0.000000000e+00 0.000000000e+00 0.000000000e+00 0.000000000e+00 0.000000000e+00 
0.000000000e+00 0.000000000e+00 0.000000000e+00 0.000000000e+00 0.000000000e+00 
0.000000000e+00 0.000000000e+00 0.000000000e+00 0.000000000e+00 0.000000000e+00 
0.000000000e+00 0.000000000e+00 0.000000000e+00 0.000000000e+00 0.000000000e+00 
0.000000000e+00 0.000000000e+00 0.000000000e+00 0.000000000e+00 0.000000000e+00 
0.000000000e+00 0.000000000e+00 0.000000000e+00 0.000000000e+00 0.000000000e+00 
0.000000000e+00 0.000000000e+00 0.000000000e+00 0.000000000e+00 0.000000000e+00 
0.000000000e+00 0.000000000e+00 0.000000000e+00 0.000000000e+00 0.000000000e+00 
0.000000000e+00 0.000000000e+00 0.000000000e+00 0.000000000e+00 0.000000000e+00 
0.000000000e+00 0.000000000e+00 0.000000000e+00 0.000000000e+00 0.000000000e+00 
0.000000000e+00 0.000000000e+00 0.000000000e+00 0.000000000e+00 0.000000000e+00 
0.000000000e+00 0.000000000e+00 0.000000000e+00 0.000000000e+00 0.000000000e+00 
0.000000000e+00 0.000000000e+00 0.000000000e+00 0.000000000e+00 0.000000000e+00 
0.000000000e+00 0.000000000e+00 0.000000000e+00 0.000000000e+00 0.000000000e+00 
0.000000000e+00 0.000000000e+00 0.000000000e+00 0.000000000e+00 0.000000000e+00 
0.000000000e+00 0.000000000e+00 0.000000000e+00 0.000000000e+00 0.000000000e+00 
0.000000000e+00 0.000000000e+00 0.000000000e+00 0.000000000e+00 0.000000000e+00 
0.000000000e+00 0.000000000e+00 0.000000000e+00 0.000000000e+00 0.000000000e+00 
0.000000000e+00 0.000000000e+00 0.000000000e+00 0.000000000e+00 0.000000000e+00 
0.000000000e+00 0.000000000e+00 0.000000000e+00 0.000000000e+00 0.000000000e+00 
massfraction-HO2
0.000000000e+00 0.000000000e+00 0.000000000e+00 0.000000000e+00 0.000000000e+00 
0.000000000e+00 0.000000000e+00 0.000000000e+00 0.000000000e+00 0.000000000e+00 
0.000000000e+00 0.000000000e+00 0.000000000e+00 0.000000000e+00 0.000000000e+00 
0.000000000e+00 0.000000000e+00 0.000000000e+00 0.000000000e+00 0.000000000e+00 
0.000000000e+00 0.000000000e+00 0.000000000e+00 0.000000000e+00 0.000000000e+00 
0.000000000e+00 0.000000000e+00 0.000000000e+00 0.000000000e+00 0.000000000e+00 
0.000000000e+00 0.000000000e+00 0.000000000e+00 0.000000000e+00 0.000000000e+00 
0.000000000e+00 0.000000000e+00 0.000000000e+00 0.000000000e+00 0.000000000e+00 
0.000000000e+00 0.000000000e+00 0.000000000e+00 0.000000000e+00 0.000000000e+00 
0.000000000e+00 0.000000000e+00 0.000000000e+00 0.000000000e+00 0.000000000e+00 
0.000000000e+00 0.000000000e+00 0.000000000e+00 0.000000000e+00 0.000000000e+00 
0.000000000e+00 0.000000000e+00 0.000000000e+00 0.000000000e+00 0.000000000e+00 
0.000000000e+00 0.000000000e+00 0.000000000e+00 0.000000000e+00 0.000000000e+00 
0.000000000e+00 0.000000000e+00 0.000000000e+00 0.000000000e+00 0.000000000e+00 
0.000000000e+00 0.000000000e+00 0.000000000e+00 0.000000000e+00 0.000000000e+00 
0.000000000e+00 0.000000000e+00 0.000000000e+00 0.000000000e+00 0.000000000e+00 
0.000000000e+00 0.000000000e+00 0.000000000e+00 0.000000000e+00 0.000000000e+00 
0.000000000e+00 0.000000000e+00 0.000000000e+00 0.000000000e+00 0.000000000e+00 
0.000000000e+00 0.000000000e+00 0.000000000e+00 0.000000000e+00 0.000000000e+00 
0.000000000e+00 0.000000000e+00 0.000000000e+00 0.000000000e+00 0.000000000e+00 
0.000000000e+00 0.000000000e+00 0.000000000e+00 0.000000000e+00 0.000000000e+00 
0.000000000e+00 0.000000000e+00 0.000000000e+00 0.000000000e+00 0.000000000e+00 
0.000000000e+00 0.000000000e+00 0.000000000e+00 0.000000000e+00 0.000000000e+00 
0.000000000e+00 0.000000000e+00 0.000000000e+00 0.000000000e+00 0.000000000e+00 
0.000000000e+00 0.000000000e+00 0.000000000e+00 0.000000000e+00 0.000000000e+00 
0.000000000e+00 0.000000000e+00 0.000000000e+00 0.000000000e+00 0.000000000e+00 
0.000000000e+00 0.000000000e+00 0.000000000e+00 0.000000000e+00 0.000000000e+00 
0.000000000e+00 0.000000000e+00 0.000000000e+00 0.000000000e+00 0.000000000e+00 
0.000000000e+00 0.000000000e+00 0.000000000e+00 0.000000000e+00 0.000000000e+00 
0.000000000e+00 0.000000000e+00 0.000000000e+00 0.000000000e+00 0.000000000e+00 
0.000000000e+00 0.000000000e+00 0.000000000e+00 0.000000000e+00 0.000000000e+00 
0.000000000e+00 0.000000000e+00 0.000000000e+00 0.000000000e+00 0.000000000e+00 
massfraction-H2O
0.000000000e+00 0.000000000e+00 0.000000000e+00 0.000000000e+00 0.000000000e+00 
0.000000000e+00 0.000000000e+00 0.000000000e+00 0.000000000e+00 0.000000000e+00 
0.000000000e+00 0.000000000e+00 0.000000000e+00 0.000000000e+00 0.000000000e+00 
0.000000000e+00 0.000000000e+00 0.000000000e+00 0.000000000e+00 0.000000000e+00 
0.000000000e+00 0.000000000e+00 0.000000000e+00 0.000000000e+00 0.000000000e+00 
0.000000000e+00 0.000000000e+00 0.000000000e+00 0.000000000e+00 0.000000000e+00 
0.000000000e+00 0.000000000e+00 0.000000000e+00 0.000000000e+00 0.000000000e+00 
0.000000000e+00 0.000000000e+00 0.000000000e+00 0.000000000e+00 0.000000000e+00 
0.000000000e+00 0.000000000e+00 0.000000000e+00 0.000000000e+00 0.000000000e+00 
0.000000000e+00 0.000000000e+00 0.000000000e+00 0.000000000e+00 0.000000000e+00 
0.000000000e+00 0.000000000e+00 0.000000000e+00 0.000000000e+00 0.000000000e+00 
0.000000000e+00 0.000000000e+00 0.000000000e+00 0.000000000e+00 0.000000000e+00 
0.000000000e+00 0.000000000e+00 0.000000000e+00 0.000000000e+00 0.000000000e+00 
0.000000000e+00 0.000000000e+00 0.000000000e+00 0.000000000e+00 0.000000000e+00 
0.000000000e+00 0.000000000e+00 0.000000000e+00 0.000000000e+00 0.000000000e+00 
0.000000000e+00 0.000000000e+00 0.000000000e+00 0.000000000e+00 0.000000000e+00 
0.000000000e+00 0.000000000e+00 0.000000000e+00 0.000000000e+00 0.000000000e+00 
0.000000000e+00 0.000000000e+00 0.000000000e+00 0.000000000e+00 0.000000000e+00 
0.000000000e+00 0.000000000e+00 0.000000000e+00 0.000000000e+00 0.000000000e+00 
0.000000000e+00 0.000000000e+00 0.000000000e+00 0.000000000e+00 0.000000000e+00 
0.000000000e+00 0.000000000e+00 0.000000000e+00 0.000000000e+00 0.000000000e+00 
0.000000000e+00 0.000000000e+00 0.000000000e+00 0.000000000e+00 0.000000000e+00 
0.000000000e+00 0.000000000e+00 0.000000000e+00 0.000000000e+00 0.000000000e+00 
0.000000000e+00 0.000000000e+00 0.000000000e+00 0.000000000e+00 0.000000000e+00 
0.000000000e+00 0.000000000e+00 0.000000000e+00 0.000000000e+00 0.000000000e+00 
0.000000000e+00 0.000000000e+00 0.000000000e+00 0.000000000e+00 0.000000000e+00 
0.000000000e+00 0.000000000e+00 0.000000000e+00 0.000000000e+00 0.000000000e+00 
0.000000000e+00 0.000000000e+00 0.000000000e+00 0.000000000e+00 0.000000000e+00 
0.000000000e+00 0.000000000e+00 0.000000000e+00 0.000000000e+00 0.000000000e+00 
0.000000000e+00 0.000000000e+00 0.000000000e+00 0.000000000e+00 0.000000000e+00 
0.000000000e+00 0.000000000e+00 0.000000000e+00 0.000000000e+00 0.000000000e+00 
0.000000000e+00 0.000000000e+00 0.000000000e+00 0.000000000e+00 0.000000000e+00 
massfraction-H2O2
0.000000000e+00 0.000000000e+00 0.000000000e+00 0.000000000e+00 0.000000000e+00 
0.000000000e+00 0.000000000e+00 0.000000000e+00 0.000000000e+00 0.000000000e+00 
0.000000000e+00 0.000000000e+00 0.000000000e+00 0.000000000e+00 0.000000000e+00 
0.000000000e+00 0.000000000e+00 0.000000000e+00 0.000000000e+00 0.000000000e+00 
0.000000000e+00 0.000000000e+00 0.000000000e+00 0.000000000e+00 0.000000000e+00 
0.000000000e+00 0.000000000e+00 0.000000000e+00 0.000000000e+00 0.000000000e+00 
0.000000000e+00 0.000000000e+00 0.000000000e+00 0.000000000e+00 0.000000000e+00 
0.000000000e+00 0.000000000e+00 0.000000000e+00 0.000000000e+00 0.000000000e+00 
0.000000000e+00 0.000000000e+00 0.000000000e+00 0.000000000e+00 0.000000000e+00 
0.000000000e+00 0.000000000e+00 0.000000000e+00 0.000000000e+00 0.000000000e+00 
0.000000000e+00 0.000000000e+00 0.000000000e+00 0.000000000e+00 0.000000000e+00 
0.000000000e+00 0.000000000e+00 0.000000000e+00 0.000000000e+00 0.000000000e+00 
0.000000000e+00 0.000000000e+00 0.000000000e+00 0.000000000e+00 0.000000000e+00 
0.000000000e+00 0.000000000e+00 0.000000000e+00 0.000000000e+00 0.000000000e+00 
0.000000000e+00 0.000000000e+00 0.000000000e+00 0.000000000e+00 0.000000000e+00 
0.000000000e+00 0.000000000e+00 0.000000000e+00 0.000000000e+00 0.000000000e+00 
0.000000000e+00 0.000000000e+00 0.000000000e+00 0.000000000e+00 0.000000000e+00 
0.000000000e+00 0.000000000e+00 0.000000000e+00 0.000000000e+00 0.000000000e+00 
0.000000000e+00 0.000000000e+00 0.000000000e+00 0.000000000e+00 0.000000000e+00 
0.000000000e+00 0.000000000e+00 0.000000000e+00 0.000000000e+00 0.000000000e+00 
0.000000000e+00 0.000000000e+00 0.000000000e+00 0.000000000e+00 0.000000000e+00 
0.000000000e+00 0.000000000e+00 0.000000000e+00 0.000000000e+00 0.000000000e+00 
0.000000000e+00 0.000000000e+00 0.000000000e+00 0.000000000e+00 0.000000000e+00 
0.000000000e+00 0.000000000e+00 0.000000000e+00 0.000000000e+00 0.000000000e+00 
0.000000000e+00 0.000000000e+00 0.000000000e+00 0.000000000e+00 0.000000000e+00 
0.000000000e+00 0.000000000e+00 0.000000000e+00 0.000000000e+00 0.000000000e+00 
0.000000000e+00 0.000000000e+00 0.000000000e+00 0.000000000e+00 0.000000000e+00 
0.000000000e+00 0.000000000e+00 0.000000000e+00 0.000000000e+00 0.000000000e+00 
0.000000000e+00 0.000000000e+00 0.000000000e+00 0.000000000e+00 0.000000000e+00 
0.000000000e+00 0.000000000e+00 0.000000000e+00 0.000000000e+00 0.000000000e+00 
0.000000000e+00 0.000000000e+00 0.000000000e+00 0.000000000e+00 0.000000000e+00 
0.000000000e+00 0.000000000e+00 0.000000000e+00 0.000000000e+00 0.000000000e+00 
PREMIX_CDOT
0.000000000e+00 -8.337445537e-21 -8.233152156e-21 -8.130058202e-21 -8.028109535e-21 
-7.927253937e-21 -7.827440983e-21 -7.728621920e-21 -7.630749561e-21 -7.533778171e-21 
-7.437663374e-21 -7.342362052e-21 -7.247832257e-21 -7.154033120e-21 -7.060924772e-21 
-6.968468260e-21 -6.876625472e-21 -6.785359057e-21 -6.694632360e-21 -6.604409342e-21 
-6.514654516e-21 -6.425332876e-21 -6.336409827e-21 -6.247851122e-21 -6.159622789e-21 
-6.071691067e-21 -5.984022334e-21 -5.896583039e-21 -5.809339631e-21 -5.722258482e-21 
-5.635305817e-21 -5.548447630e-21 -5.461649602e-21 -5.374877016e-21 -5.288094665e-21 
-5.201266749e-21 -5.114356778e-21 -5.027327453e-21 -4.940140546e-21 -4.852756768e-21 
-4.765135622e-21 -4.677235247e-21 -4.589012238e-21 -4.500421453e-21 -4.411415794e-21 
-4.321945968e-21 -4.231960205e-21 -4.141403952e-21 -4.050219519e-21 -3.958345675e-21 
-3.865717183e-21 -3.772264260e-21 -3.677911956e-21 -3.582579420e-21 -3.486179035e-21 
-3.388615398e-21 -3.289784092e-21 -3.189570212e-21 -3.087846565e-21 -2.984471467e-21 
-2.879286002e-21 -2.772110583e-21 -2.662740574e-21 -2.550940649e-21 -2.436437381e-21 
-2.318909357e-21 -2.197973685e-21 -2.073167139e-21 -1.943919069e-21 -1.809511089e-21 
-1.669014635e-21 -1.521186771e-21 -1.364125993e-21 -1.185396409e-21 -5.188391253e-22 
1.687223169e-20 3.371100849e-19 -2.170683862e-19 -4.308418485e-21 -5.046732786e-24 
9.138552567e-24 -1.401303619e-25 5.835643128e-27 1.651207633e-29 3.904636395e-32 
9.197782587e-35 2.159703731e-37 5.108270842e-40 1.405324381e-42 1.035206312e-44 
2.388382650e-46 6.594964648e-48 1.738251001e-49 4.304339685e-51 1.003913729e-52 
2.213317990e-54 4.628014313e-56 9.205651078e-58 1.746647807e-59 3.169005530e-61 
5.510504488e-63 9.202680070e-65 1.478855490e-66 2.290856139e-68 3.426495339e-70 
4.957783434e-72 7.104328667e-74 2.561241693e-75 1.630602593e-75 1.618322937e-75 
1.618165424e-75 1.618163458e-75 1.618163436e-75 1.618163433e-75 1.618163435e-75 
1.618163438e-75 1.618163436e-75 1.618163438e-75 1.618163438e-75 1.618163438e-75 
1.618163434e-75 1.618163432e-75 1.618163431e-75 1.618163435e-75 1.618163436e-75 
1.618163433e-75 1.618163431e-75 1.618163434e-75 1.618163433e-75 1.618163435e-75 
1.618163437e-75 1.618163440e-75 1.618163438e-75 1.618163435e-75 1.618163435e-75 
1.618163435e-75 1.618163435e-75 1.618163435e-75 1.618163435e-75 1.618163435e-75 
1.618163435e-75 1.618163435e-75 1.618163435e-75 1.618163435e-75 1.618163435e-75 
1.618163435e-75 1.618163435e-75 1.618163435e-75 1.618163435e-75 1.618163435e-75 
1.618163435e-75 1.618163435e-75 1.618163435e-75 1.618163435e-75 1.618163435e-75 
1.618163435e-75 1.618163435e-75 1.618163435e-75 1.618163435e-75 0.000000000e+00 

