HEADER
PREMIX_CHI 0.0000
C  0.938349
NUMOFSPECIES  13
GRIDPOINTS 160
PRESSURE 101325.00
BODY
MIXTURE_FRACTION
1.000000000e+00 9.999999990e-01 1.000000000e+00 9.999999990e-01 1.000000000e+00 
9.999999990e-01 1.000000000e+00 9.999999990e-01 1.000000000e+00 9.999999990e-01 
1.000000000e+00 9.999999990e-01 1.000000000e+00 9.999999990e-01 1.000000000e+00 
9.999999990e-01 1.000000000e+00 9.999999990e-01 1.000000000e+00 9.999999990e-01 
1.000000000e+00 9.999999990e-01 1.000000000e+00 9.999999990e-01 1.000000000e+00 
9.999999990e-01 1.000000000e+00 1.000000000e+00 1.000000000e+00 1.000000000e+00 
1.000000000e+00 1.000000000e+00 9.999999999e-01 9.999999995e-01 9.999999954e-01 
9.999999601e-01 9.999996768e-01 9.999975632e-01 9.999829898e-01 9.998910271e-01 
9.993680123e-01 9.967649571e-01 9.860636601e-01 9.528404983e-01 8.807520412e-01 
7.715029744e-01 6.474132025e-01 5.318506720e-01 4.362830011e-01 3.617147402e-01 
3.046478414e-01 2.605740816e-01 2.256888276e-01 1.972262846e-01 1.734082371e-01 
1.527862820e-01 1.338410751e-01 1.154437447e-01 9.752902027e-02 8.073749222e-02 
6.564599325e-02 5.250415824e-02 4.130163882e-02 3.187766262e-02 2.398973779e-02 
1.733589981e-02 1.166183770e-02 7.047135087e-03 3.607175961e-03 1.443099098e-03 
4.299393374e-04 1.010418810e-04 2.040915649e-05 3.688375083e-06 6.066273420e-07 
9.190366388e-08 1.301086920e-08 1.763791790e-09 2.402406101e-10 3.574773503e-11 
6.347292081e-12 1.357771828e-12 3.245611924e-13 8.024106505e-14 1.966959660e-14 
4.699877050e-15 1.088539591e-15 2.440950819e-16 5.301498807e-17 1.116223433e-17 
2.280673337e-18 4.526731792e-19 8.736798643e-20 1.641281291e-20 3.003825172e-21 
5.360514134e-22 9.335556758e-23 1.587894541e-23 2.639863203e-24 4.292756907e-25 
6.832664948e-26 1.065208779e-26 1.627611542e-27 2.438980783e-28 3.586476717e-29 
5.178225705e-30 7.344969944e-31 1.024070640e-31 1.404196557e-32 1.894541781e-33 
2.516357476e-34 3.291847364e-35 4.243338803e-36 5.392278657e-37 6.758094499e-38 
8.356978812e-39 1.020066756e-39 1.229529331e-40 1.464039525e-41 1.722816394e-42 
2.004298677e-43 2.306134229e-44 2.625206938e-45 2.957701174e-46 3.299201324e-47 
3.644821574e-48 3.989359167e-49 4.327462916e-50 4.653808008e-51 4.963268027e-52 
5.251075697e-53 5.512965045e-54 5.745289475e-55 5.945112829e-56 6.110274462e-57 
6.239436787e-58 6.332140060e-59 6.388927836e-60 6.411700175e-61 6.404691917e-62 
6.377005232e-63 6.348956146e-64 6.367344392e-65 6.540916548e-66 7.119513779e-67 
8.663643017e-68 1.239654701e-68 2.086077027e-69 3.908208381e-70 7.648133014e-71 
1.489404338e-71 2.804925546e-72 5.006649246e-73 8.356478014e-74 1.279431943e-74 
1.773190985e-75 2.175387866e-76 2.342737292e-77 2.094893602e-78 0.000000000e+00 
PROGRESS VARIABLE
-3.403134419e-17 -3.403887461e-17 -3.404641903e-17 -3.405398603e-17 -3.406158432e-17 
-3.406922277e-17 -3.407691048e-17 -3.408465682e-17 -3.409247152e-17 -3.410036471e-17 
-3.410834699e-17 -3.411642954e-17 -3.412462419e-17 -3.413294348e-17 -3.414140076e-17 
-3.415000970e-17 -3.415878040e-17 -3.416769105e-17 -3.417649125e-17 -3.418337023e-17 
-3.417613655e-17 -3.407512728e-17 -3.337251138e-17 -2.891019937e-17 -1.536513757e-18 
1.620928664e-16 1.119019020e-15 6.636080563e-15 3.851963688e-14 2.289063500e-13 
1.453439604e-12 1.021260351e-11 7.952218250e-11 6.617590430e-10 5.608832944e-09 
4.659713775e-08 3.701224694e-07 2.766404038e-06 1.923057379e-05 1.229507309e-04 
7.123639696e-04 3.644800478e-03 1.569836593e-02 5.311894963e-02 1.343224186e-01 
2.574129929e-01 3.972800323e-01 5.276162038e-01 6.355044558e-01 7.198158927e-01 
7.845105012e-01 8.346857981e-01 8.743886121e-01 9.056851522e-01 9.282132298e-01 
9.383494267e-01 0.000000000e+00 0.000000000e+00 0.000000000e+00 0.000000000e+00 
0.000000000e+00 0.000000000e+00 0.000000000e+00 0.000000000e+00 0.000000000e+00 
0.000000000e+00 0.000000000e+00 0.000000000e+00 0.000000000e+00 0.000000000e+00 
0.000000000e+00 0.000000000e+00 0.000000000e+00 0.000000000e+00 0.000000000e+00 
0.000000000e+00 0.000000000e+00 0.000000000e+00 0.000000000e+00 0.000000000e+00 
0.000000000e+00 0.000000000e+00 0.000000000e+00 0.000000000e+00 0.000000000e+00 
0.000000000e+00 0.000000000e+00 0.000000000e+00 0.000000000e+00 0.000000000e+00 
0.000000000e+00 0.000000000e+00 0.000000000e+00 0.000000000e+00 0.000000000e+00 
0.000000000e+00 0.000000000e+00 0.000000000e+00 0.000000000e+00 0.000000000e+00 
0.000000000e+00 0.000000000e+00 0.000000000e+00 0.000000000e+00 0.000000000e+00 
0.000000000e+00 0.000000000e+00 0.000000000e+00 0.000000000e+00 0.000000000e+00 
0.000000000e+00 0.000000000e+00 0.000000000e+00 0.000000000e+00 0.000000000e+00 
0.000000000e+00 0.000000000e+00 0.000000000e+00 0.000000000e+00 0.000000000e+00 
0.000000000e+00 0.000000000e+00 0.000000000e+00 0.000000000e+00 0.000000000e+00 
0.000000000e+00 0.000000000e+00 0.000000000e+00 0.000000000e+00 0.000000000e+00 
0.000000000e+00 0.000000000e+00 0.000000000e+00 0.000000000e+00 0.000000000e+00 
0.000000000e+00 0.000000000e+00 0.000000000e+00 0.000000000e+00 0.000000000e+00 
0.000000000e+00 0.000000000e+00 0.000000000e+00 0.000000000e+00 0.000000000e+00 
0.000000000e+00 0.000000000e+00 0.000000000e+00 0.000000000e+00 0.000000000e+00 
0.000000000e+00 0.000000000e+00 0.000000000e+00 0.000000000e+00 0.000000000e+00 
0.000000000e+00 0.000000000e+00 0.000000000e+00 0.000000000e+00 0.000000000e+00 
TEMPERATURE
3.000000000e+02 3.000000000e+02 3.000000000e+02 3.000000000e+02 3.000000000e+02 
3.000000000e+02 3.000000000e+02 3.000000000e+02 3.000000000e+02 3.000000000e+02 
3.000000000e+02 3.000000000e+02 3.000000000e+02 3.000000000e+02 3.000000000e+02 
3.000000000e+02 3.000000000e+02 3.000000000e+02 3.000000000e+02 3.000000000e+02 
3.000000000e+02 3.000000000e+02 3.000000000e+02 3.000000000e+02 3.000000000e+02 
3.000000000e+02 3.000000000e+02 3.000000000e+02 3.000000000e+02 3.000000001e+02 
3.000000005e+02 3.000000032e+02 3.000000191e+02 3.000001086e+02 3.000005878e+02 
3.000030133e+02 3.000145775e+02 3.000662600e+02 3.002815553e+02 3.011116486e+02 
3.040442222e+02 3.133798769e+02 3.394020010e+02 4.004433923e+02 5.172431851e+02 
6.993326021e+02 9.379620979e+02 1.215160211e+03 1.515088553e+03 1.824092073e+03 
2.126645850e+03 2.393998619e+03 2.596681723e+03 2.741014500e+03 2.851543055e+03 
2.939627754e+03 3.005790635e+03 3.047417802e+03 3.064402103e+03 3.059317978e+03 
3.034310245e+03 2.989239576e+03 2.920734668e+03 2.820019905e+03 2.665389828e+03 
2.397039298e+03 1.922328170e+03 1.362124152e+03 8.795727400e+02 5.500915420e+02 
3.798981817e+02 3.193332800e+02 3.038900726e+02 3.006916462e+02 3.001113737e+02 
3.000164305e+02 3.000022376e+02 3.000002830e+02 3.000000334e+02 3.000000037e+02 
3.000000004e+02 3.000000000e+02 3.000000000e+02 3.000000000e+02 3.000000000e+02 
3.000000000e+02 3.000000000e+02 3.000000000e+02 3.000000000e+02 3.000000000e+02 
3.000000000e+02 3.000000000e+02 3.000000000e+02 3.000000000e+02 3.000000000e+02 
3.000000000e+02 3.000000000e+02 3.000000000e+02 3.000000000e+02 3.000000000e+02 
3.000000000e+02 3.000000000e+02 3.000000000e+02 3.000000000e+02 3.000000000e+02 
3.000000000e+02 3.000000000e+02 3.000000000e+02 3.000000000e+02 3.000000000e+02 
3.000000000e+02 3.000000000e+02 3.000000000e+02 3.000000000e+02 3.000000000e+02 
3.000000000e+02 3.000000000e+02 3.000000000e+02 3.000000000e+02 3.000000000e+02 
3.000000000e+02 3.000000000e+02 3.000000000e+02 3.000000000e+02 3.000000000e+02 
3.000000000e+02 3.000000000e+02 3.000000000e+02 3.000000000e+02 3.000000000e+02 
3.000000000e+02 3.000000000e+02 3.000000000e+02 3.000000000e+02 3.000000000e+02 
3.000000000e+02 3.000000000e+02 3.000000000e+02 3.000000000e+02 3.000000000e+02 
3.000000000e+02 3.000000000e+02 3.000000000e+02 3.000000000e+02 3.000000000e+02 
3.000000000e+02 3.000000000e+02 3.000000000e+02 3.000000000e+02 3.000000000e+02 
3.000000000e+02 3.000000000e+02 3.000000000e+02 3.000000000e+02 3.000000000e+02 
3.000000000e+02 3.000000000e+02 3.000000000e+02 3.000000000e+02 3.000000000e+02 
Cp
1.432478610e+04 1.432478610e+04 1.432478610e+04 1.432478610e+04 1.432478610e+04 
1.432478610e+04 1.432478610e+04 1.432478610e+04 1.432478610e+04 1.432478610e+04 
1.432478610e+04 1.432478610e+04 1.432478610e+04 1.432478610e+04 1.432478610e+04 
1.432478610e+04 1.432478610e+04 1.432478610e+04 1.432478610e+04 1.432478610e+04 
1.432478610e+04 1.432478610e+04 1.432478610e+04 1.432478610e+04 1.432478610e+04 
1.432478610e+04 1.432478610e+04 1.432478610e+04 1.432478610e+04 1.432478610e+04 
1.432478611e+04 1.432478611e+04 1.432478613e+04 1.432478626e+04 1.432478690e+04 
1.432478997e+04 1.432480298e+04 1.432484916e+04 1.432496033e+04 1.432488402e+04 
1.432179984e+04 1.429846458e+04 1.418223437e+04 1.378028238e+04 1.284594057e+04 
1.138842467e+04 9.839761352e+03 8.597076217e+03 7.542029627e+03 6.684844165e+03 
5.995288466e+03 5.423712022e+03 4.932039381e+03 4.504195888e+03 4.132240381e+03 
3.801552364e+03 3.490819885e+03 3.183732721e+03 2.881508739e+03 2.596590798e+03 
2.339469159e+03 2.114469785e+03 1.921094161e+03 1.755812887e+03 1.612595737e+03 
1.480775995e+03 1.345439874e+03 1.216626249e+03 1.109121524e+03 9.996061529e+02 
9.422207696e+02 9.227425304e+02 9.178643939e+02 9.168568756e+02 9.166737771e+02 
9.166437280e+02 9.166392174e+02 9.166385922e+02 9.166385113e+02 9.166385014e+02 
9.166385002e+02 9.166385001e+02 9.166385000e+02 9.166385000e+02 9.166385000e+02 
9.166385000e+02 9.166385000e+02 9.166385000e+02 9.166385000e+02 9.166385000e+02 
9.166385000e+02 9.166385000e+02 9.166385000e+02 9.166385000e+02 9.166385000e+02 
9.166385000e+02 9.166385000e+02 9.166385000e+02 9.166385000e+02 9.166385000e+02 
9.166385000e+02 9.166385000e+02 9.166385000e+02 9.166385000e+02 9.166385000e+02 
9.166385000e+02 9.166385000e+02 9.166385000e+02 9.166385000e+02 9.166385000e+02 
9.166385000e+02 9.166385000e+02 9.166385000e+02 9.166385000e+02 9.166385000e+02 
9.166385000e+02 9.166385000e+02 9.166385000e+02 9.166385000e+02 9.166385000e+02 
9.166385000e+02 9.166385000e+02 9.166385000e+02 9.166385000e+02 9.166385000e+02 
9.166385000e+02 9.166385000e+02 9.166385000e+02 9.166385000e+02 9.166385000e+02 
9.166385000e+02 9.166385000e+02 9.166385000e+02 9.166385000e+02 9.166385000e+02 
9.166385000e+02 9.166385000e+02 9.166385000e+02 9.166385000e+02 9.166385000e+02 
9.166385000e+02 9.166385000e+02 9.166385000e+02 9.166385000e+02 9.166385000e+02 
9.166385000e+02 9.166385000e+02 9.166385000e+02 9.166385000e+02 9.166385000e+02 
9.166385000e+02 9.166385000e+02 9.166385000e+02 9.166385000e+02 9.166385000e+02 
9.166385000e+02 9.166385000e+02 9.166385000e+02 9.166385000e+02 9.166385000e+02 
MMW
2.015880000e+00 2.015880000e+00 2.015880000e+00 2.015880000e+00 2.015880000e+00 
2.015880000e+00 2.015880000e+00 2.015880000e+00 2.015880000e+00 2.015880000e+00 
2.015880000e+00 2.015880000e+00 2.015880000e+00 2.015880000e+00 2.015880000e+00 
2.015880000e+00 2.015880000e+00 2.015880000e+00 2.015880000e+00 2.015880000e+00 
2.015880000e+00 2.015880000e+00 2.015880000e+00 2.015880000e+00 2.015880000e+00 
2.015880000e+00 2.015880000e+00 2.015880000e+00 2.015880000e+00 2.015880000e+00 
2.015880000e+00 2.015880000e+00 2.015880000e+00 2.015880001e+00 2.015880009e+00 
2.015880077e+00 2.015880639e+00 2.015884867e+00 2.015914136e+00 2.016099201e+00 
2.017153308e+00 2.022418259e+00 2.044358432e+00 2.115614334e+00 2.288687969e+00 
2.612499174e+00 3.112455492e+00 3.786875368e+00 4.612422557e+00 5.555268252e+00 
6.579398167e+00 7.656521902e+00 8.766471081e+00 9.905368653e+00 1.106835045e+01 
1.224506596e+01 1.344858566e+01 1.472753672e+01 1.612953997e+01 1.766824103e+01 
1.932956511e+01 2.108659755e+01 2.290613310e+01 2.474828508e+01 2.655758105e+01 
2.822525703e+01 2.953924276e+01 3.050117874e+01 3.121730068e+01 3.168159825e+01 
3.190363081e+01 3.197637788e+01 3.199426595e+01 3.199797939e+01 3.199866458e+01 
3.199877931e+01 3.199879701e+01 3.199879957e+01 3.199879994e+01 3.199879999e+01 
3.199880000e+01 3.199880000e+01 3.199880000e+01 3.199880000e+01 3.199880000e+01 
3.199880000e+01 3.199880000e+01 3.199880000e+01 3.199880000e+01 3.199880000e+01 
3.199880000e+01 3.199880000e+01 3.199880000e+01 3.199880000e+01 3.199880000e+01 
3.199880000e+01 3.199880000e+01 3.199880000e+01 3.199880000e+01 3.199880000e+01 
3.199880000e+01 3.199880000e+01 3.199880000e+01 3.199880000e+01 3.199880000e+01 
3.199880000e+01 3.199880000e+01 3.199880000e+01 3.199880000e+01 3.199880000e+01 
3.199880000e+01 3.199880000e+01 3.199880000e+01 3.199880000e+01 3.199880000e+01 
3.199880000e+01 3.199880000e+01 3.199880000e+01 3.199880000e+01 3.199880000e+01 
3.199880000e+01 3.199880000e+01 3.199880000e+01 3.199880000e+01 3.199880000e+01 
3.199880000e+01 3.199880000e+01 3.199880000e+01 3.199880000e+01 3.199880000e+01 
3.199880000e+01 3.199880000e+01 3.199880000e+01 3.199880000e+01 3.199880000e+01 
3.199880000e+01 3.199880000e+01 3.199880000e+01 3.199880000e+01 3.199880000e+01 
3.199880000e+01 3.199880000e+01 3.199880000e+01 3.199880000e+01 3.199880000e+01 
3.199880000e+01 3.199880000e+01 3.199880000e+01 3.199880000e+01 3.199880000e+01 
3.199880000e+01 3.199880000e+01 3.199880000e+01 3.199880000e+01 3.199880000e+01 
3.199880000e+01 3.199880000e+01 3.199880000e+01 3.199880000e+01 3.199880000e+01 
rho
8.188905810e-02 8.188905810e-02 8.188905810e-02 8.188905810e-02 8.188905810e-02 
8.188905810e-02 8.188905810e-02 8.188905810e-02 8.188905810e-02 8.188905810e-02 
8.188905810e-02 8.188905810e-02 8.188905810e-02 8.188905810e-02 8.188905810e-02 
8.188905810e-02 8.188905810e-02 8.188905810e-02 8.188905810e-02 8.188905810e-02 
8.188905810e-02 8.188905810e-02 8.188905810e-02 8.188905810e-02 8.188905810e-02 
8.188905810e-02 8.188905810e-02 8.188905810e-02 8.188905810e-02 8.188905808e-02 
8.188905796e-02 8.188905723e-02 8.188905290e-02 8.188902849e-02 8.188889800e-02 
8.188823873e-02 8.188510512e-02 8.187117320e-02 8.181366120e-02 8.159561034e-02 
8.085085303e-02 7.864702994e-02 7.340490786e-02 6.438398052e-02 5.392302700e-02 
4.552551224e-02 4.043899136e-02 3.797781074e-02 3.709996713e-02 3.711425379e-02 
3.770278668e-02 3.897535576e-02 4.114229727e-02 4.403943767e-02 4.730264469e-02 
5.076346333e-02 5.452558589e-02 5.889529051e-02 6.414439065e-02 7.038030600e-02 
7.763267558e-02 8.596630104e-02 9.557452070e-02 1.069486707e-01 1.214255932e-01 
1.434977877e-01 1.872639942e-01 2.728867094e-01 4.325198470e-01 7.018665893e-01 
1.023423418e+00 1.220302610e+00 1.283033784e+00 1.296831784e+00 1.299367062e+00 
1.299782921e+00 1.299845131e+00 1.299853704e+00 1.299854800e+00 1.299854931e+00 
1.299854946e+00 1.299854948e+00 1.299854948e+00 1.299854948e+00 1.299854948e+00 
1.299854948e+00 1.299854948e+00 1.299854948e+00 1.299854948e+00 1.299854948e+00 
1.299854948e+00 1.299854948e+00 1.299854948e+00 1.299854948e+00 1.299854948e+00 
1.299854948e+00 1.299854948e+00 1.299854948e+00 1.299854948e+00 1.299854948e+00 
1.299854948e+00 1.299854948e+00 1.299854948e+00 1.299854948e+00 1.299854948e+00 
1.299854948e+00 1.299854948e+00 1.299854948e+00 1.299854948e+00 1.299854948e+00 
1.299854948e+00 1.299854948e+00 1.299854948e+00 1.299854948e+00 1.299854948e+00 
1.299854948e+00 1.299854948e+00 1.299854948e+00 1.299854948e+00 1.299854948e+00 
1.299854948e+00 1.299854948e+00 1.299854948e+00 1.299854948e+00 1.299854948e+00 
1.299854948e+00 1.299854948e+00 1.299854948e+00 1.299854948e+00 1.299854948e+00 
1.299854948e+00 1.299854948e+00 1.299854948e+00 1.299854948e+00 1.299854948e+00 
1.299854948e+00 1.299854948e+00 1.299854948e+00 1.299854948e+00 1.299854948e+00 
1.299854948e+00 1.299854948e+00 1.299854948e+00 1.299854948e+00 1.299854948e+00 
1.299854948e+00 1.299854948e+00 1.299854948e+00 1.299854948e+00 1.299854948e+00 
1.299854948e+00 1.299854948e+00 1.299854948e+00 1.299854948e+00 1.299854948e+00 
1.299854948e+00 1.299854948e+00 1.299854948e+00 1.299854948e+00 1.299854948e+00 
mu
9.000028555e-06 9.000028555e-06 9.000028555e-06 9.000028555e-06 9.000028555e-06 
9.000028555e-06 9.000028555e-06 9.000028555e-06 9.000028555e-06 9.000028555e-06 
9.000028555e-06 9.000028555e-06 9.000028555e-06 9.000028555e-06 9.000028555e-06 
9.000028555e-06 9.000028555e-06 9.000028555e-06 9.000028555e-06 9.000028555e-06 
9.000028555e-06 9.000028555e-06 9.000028555e-06 9.000028555e-06 9.000028555e-06 
9.000028555e-06 9.000028555e-06 9.000028555e-06 9.000028555e-06 9.000028556e-06 
9.000028565e-06 9.000028618e-06 9.000028932e-06 9.000030704e-06 9.000040186e-06 
9.000088209e-06 9.000317366e-06 9.001342904e-06 9.005624159e-06 9.022181979e-06 
9.080897500e-06 9.268339006e-06 9.790082783e-06 1.100703697e-05 1.334651221e-05 
1.714521682e-05 2.255762736e-05 2.952427897e-05 3.778280965e-05 4.689047849e-05 
5.627258031e-05 6.512476121e-05 7.268911455e-05 7.898159856e-05 8.443092010e-05 
8.923216473e-05 9.334773320e-05 9.660167162e-05 9.883354867e-05 1.000140871e-04 
1.002029504e-04 9.946649308e-05 9.782139345e-05 9.516829559e-05 9.111321159e-05 
8.437346284e-05 7.264343597e-05 5.789031537e-05 4.349528160e-05 3.184582462e-05 
2.460282444e-05 2.165435959e-05 2.085830320e-05 2.069089857e-05 2.066043872e-05 
2.065545374e-05 2.065470875e-05 2.065460619e-05 2.065459310e-05 2.065459154e-05 
2.065459136e-05 2.065459135e-05 2.065459134e-05 2.065459134e-05 2.065459134e-05 
2.065459134e-05 2.065459134e-05 2.065459134e-05 2.065459134e-05 2.065459134e-05 
2.065459134e-05 2.065459134e-05 2.065459134e-05 2.065459134e-05 2.065459134e-05 
2.065459134e-05 2.065459134e-05 2.065459134e-05 2.065459134e-05 2.065459134e-05 
2.065459134e-05 2.065459134e-05 2.065459134e-05 2.065459134e-05 2.065459134e-05 
2.065459134e-05 2.065459134e-05 2.065459134e-05 2.065459134e-05 2.065459134e-05 
2.065459134e-05 2.065459134e-05 2.065459134e-05 2.065459134e-05 2.065459134e-05 
2.065459134e-05 2.065459134e-05 2.065459134e-05 2.065459134e-05 2.065459134e-05 
2.065459134e-05 2.065459134e-05 2.065459134e-05 2.065459134e-05 2.065459134e-05 
2.065459134e-05 2.065459134e-05 2.065459134e-05 2.065459134e-05 2.065459134e-05 
2.065459134e-05 2.065459134e-05 2.065459134e-05 2.065459134e-05 2.065459134e-05 
2.065459134e-05 2.065459134e-05 2.065459134e-05 2.065459134e-05 2.065459134e-05 
2.065459134e-05 2.065459134e-05 2.065459134e-05 2.065459134e-05 2.065459134e-05 
2.065459134e-05 2.065459134e-05 2.065459134e-05 2.065459134e-05 2.065459134e-05 
2.065459134e-05 2.065459134e-05 2.065459134e-05 2.065459134e-05 2.065459134e-05 
2.065459134e-05 2.065459134e-05 2.065459134e-05 2.065459134e-05 2.065459134e-05 
TC
1.868277014e-01 1.868277014e-01 1.868277014e-01 1.868277014e-01 1.868277014e-01 
1.868277014e-01 1.868277014e-01 1.868277014e-01 1.868277014e-01 1.868277014e-01 
1.868277014e-01 1.868277014e-01 1.868277014e-01 1.868277014e-01 1.868277014e-01 
1.868277014e-01 1.868277014e-01 1.868277014e-01 1.868277014e-01 1.868277014e-01 
1.868277014e-01 1.868277014e-01 1.868277014e-01 1.868277014e-01 1.868277014e-01 
1.868277014e-01 1.868277014e-01 1.868277014e-01 1.868277014e-01 1.868277015e-01 
1.868277017e-01 1.868277029e-01 1.868277103e-01 1.868277521e-01 1.868279755e-01 
1.868291050e-01 1.868344802e-01 1.868584280e-01 1.869576575e-01 1.873366140e-01 
1.886510922e-01 1.926809178e-01 2.030804653e-01 2.244116847e-01 2.590836751e-01 
3.069635900e-01 3.654125338e-01 4.287619520e-01 4.909356124e-01 5.467635622e-01 
5.918815547e-01 6.204341972e-01 6.286442828e-01 6.205254089e-01 6.022197132e-01 
5.761520944e-01 5.422351062e-01 5.008204146e-01 4.547760307e-01 4.079359931e-01 
3.629677121e-01 3.211333063e-01 2.827752690e-01 2.475953420e-01 2.144473714e-01 
1.801115328e-01 1.398901695e-01 1.002085278e-01 6.780251747e-02 4.494952592e-02 
3.246226662e-02 2.795628755e-02 2.681698968e-02 2.658205956e-02 2.653947903e-02 
2.653251191e-02 2.653146982e-02 2.653132606e-02 2.653130762e-02 2.653130540e-02 
2.653130514e-02 2.653130511e-02 2.653130511e-02 2.653130511e-02 2.653130511e-02 
2.653130511e-02 2.653130511e-02 2.653130511e-02 2.653130511e-02 2.653130511e-02 
2.653130511e-02 2.653130511e-02 2.653130511e-02 2.653130511e-02 2.653130511e-02 
2.653130511e-02 2.653130511e-02 2.653130511e-02 2.653130511e-02 2.653130511e-02 
2.653130511e-02 2.653130511e-02 2.653130511e-02 2.653130511e-02 2.653130511e-02 
2.653130511e-02 2.653130511e-02 2.653130511e-02 2.653130511e-02 2.653130511e-02 
2.653130511e-02 2.653130511e-02 2.653130511e-02 2.653130511e-02 2.653130511e-02 
2.653130511e-02 2.653130511e-02 2.653130511e-02 2.653130511e-02 2.653130511e-02 
2.653130511e-02 2.653130511e-02 2.653130511e-02 2.653130511e-02 2.653130511e-02 
2.653130511e-02 2.653130511e-02 2.653130511e-02 2.653130511e-02 2.653130511e-02 
2.653130511e-02 2.653130511e-02 2.653130511e-02 2.653130511e-02 2.653130511e-02 
2.653130511e-02 2.653130511e-02 2.653130511e-02 2.653130511e-02 2.653130511e-02 
2.653130511e-02 2.653130511e-02 2.653130511e-02 2.653130511e-02 2.653130511e-02 
2.653130511e-02 2.653130511e-02 2.653130511e-02 2.653130511e-02 2.653130511e-02 
2.653130511e-02 2.653130511e-02 2.653130511e-02 2.653130511e-02 2.653130511e-02 
2.653130511e-02 2.653130511e-02 2.653130511e-02 2.653130511e-02 2.653130511e-02 
net_rxn-H2
3.625018855e-23 5.498901080e-23 4.402042750e-23 3.509383581e-23 2.796789801e-23 
2.227990964e-23 1.774042470e-23 1.411895539e-23 1.123167255e-23 8.931752391e-24 
7.101784136e-24 5.647781990e-24 4.494450172e-24 3.581429589e-24 2.860315832e-24 
2.292284865e-24 1.846198809e-24 1.497091889e-24 1.224957826e-24 1.013774706e-24 
8.507034899e-25 7.253244747e-25 6.282744688e-25 5.456580898e-25 5.147334618e-25 
7.021899038e-25 4.725596620e-24 1.133904313e-22 3.224419889e-21 8.843334019e-20 
2.265813247e-18 5.373821573e-17 1.173014314e-15 2.343852804e-14 4.262677430e-13 
7.012603126e-12 1.036582606e-10 1.366673914e-09 1.594155691e-08 1.629959334e-07 
1.444652898e-06 1.094403333e-05 6.943971475e-05 3.533491620e-04 1.336012771e-03 
3.615863843e-03 7.449161741e-03 1.302163422e-02 2.141856240e-02 3.643494579e-02 
6.473810729e-02 8.446803578e-02 2.419743891e-02 -9.601897167e-02 -2.391868209e-01 
-3.979151508e-01 -4.992364183e-01 -4.663291039e-01 -3.491058360e-01 -2.375628018e-01 
-1.611242427e-01 -1.133512919e-01 -8.372137057e-02 -6.571218283e-02 -5.648468867e-02 
-4.422395024e-02 -1.317713482e-02 -1.176172144e-03 -3.799970753e-05 -8.750659202e-07 
-1.973549680e-08 -8.823756914e-10 -7.282211833e-11 -6.755078603e-12 -5.753626592e-13 
-4.318002834e-14 -2.852357624e-15 -1.668838743e-16 -8.707516308e-18 -4.077708323e-19 
-1.723856313e-20 -6.613658280e-22 -2.313827137e-23 -7.414575317e-25 -2.185103528e-26 
-5.944520445e-28 -1.498060725e-29 -3.508421620e-31 -7.658973389e-33 -1.562884785e-34 
-2.988995832e-36 -5.370819209e-38 -9.088343743e-40 -1.451486505e-41 -2.192443529e-43 
-3.138243717e-45 -4.264813699e-47 -5.512410161e-49 -6.788179170e-51 -7.978601209e-53 
-8.990880071e-55 -1.013886412e-56 -1.770380444e-58 -1.264271840e-59 -1.724133167e-60 
-2.476726149e-61 -3.511937297e-62 -4.896411608e-63 -6.713907827e-64 -9.058402755e-65 
-1.203149998e-65 -1.573936209e-66 -2.028874323e-67 -2.578218760e-68 -3.231258459e-69 
-3.995735555e-70 -4.877261388e-71 -5.878768124e-72 -7.000035440e-73 -8.237329395e-74 
-9.583185104e-75 -1.102635623e-75 -1.255194364e-76 -1.414170361e-77 -1.577452370e-78 
-1.742704330e-79 -1.907438636e-80 -2.069096719e-81 -2.225132616e-82 -2.373095226e-83 
-2.510705164e-84 -2.635922733e-85 -2.747004380e-86 -2.842546231e-87 -2.921515212e-88 
-2.983271768e-89 -3.027596064e-90 -3.054747949e-91 -3.065635821e-92 -3.062284332e-93 
-3.049045221e-94 -3.035631685e-95 -3.044419224e-96 -3.127401475e-97 -3.404033001e-98 
-4.142306416e-99 -5.927088007e-100 -9.974043341e-101 -1.868614752e-101 -3.656780028e-102 
-7.121265739e-103 -1.341117542e-103 -2.393830983e-104 -3.995498772e-105 -6.117465681e-106 
-8.479229126e-107 -1.041170363e-107 -1.130627787e-108 -1.106547853e-109 -1.049131420e-110 
net_rxn-H
-1.812501361e-23 -2.749442468e-23 -2.201013298e-23 -1.754683708e-23 -1.398386812e-23 
-1.113987389e-23 -8.870131363e-24 -7.059396656e-24 -5.615755179e-24 -4.465795044e-24 
-3.550810860e-24 -2.823809730e-24 -2.247143763e-24 -1.790633413e-24 -1.430076475e-24 
-1.146060930e-24 -9.230178387e-25 -7.484643044e-25 -6.123971326e-25 -5.068049872e-25 
-4.252658213e-25 -3.625533031e-25 -3.138815344e-25 -2.716841675e-25 -2.519507231e-25 
-3.614194157e-25 -3.836168897e-24 -1.093622003e-22 -3.203367155e-21 -8.832338771e-20 
-2.265256388e-18 -5.373550072e-17 -1.173001616e-15 -2.343847127e-14 -4.262675020e-13 
-7.012602172e-12 -1.036582573e-10 -1.366673905e-09 -1.594155692e-08 -1.629959339e-07 
-1.444652908e-06 -1.094403348e-05 -6.943971712e-05 -3.533492146e-04 -1.336020423e-03 
-3.616483375e-03 -7.463912668e-03 -1.316405893e-02 -2.217960092e-02 -3.929086701e-02 
-7.358590764e-02 -1.070198945e-01 -6.944091820e-02 1.314054903e-02 8.945253682e-02 
1.511101788e-01 1.704269718e-01 1.316447773e-01 6.998306170e-02 2.047537511e-02 
-1.117305891e-02 -3.045917821e-02 -4.225361887e-02 -4.922505246e-02 -5.069769049e-02 
-3.420606389e-02 -6.772934859e-03 -3.591219024e-04 -1.097422262e-05 -1.175028872e-07 
-4.817085118e-10 -4.782266218e-12 -1.397740384e-13 -7.124249589e-15 -3.881580042e-16 
-1.903405682e-17 -8.220519767e-19 -3.195306497e-20 -1.159049793e-21 -4.080710918e-23 
-1.433115788e-24 -5.034696761e-26 -1.738487467e-27 -5.730726194e-29 -1.827209610e-30 
-1.268246016e-31 -9.248256572e-32 6.496120247e-33 1.185567898e-34 4.686825454e-36 
1.171387975e-36 7.614756933e-38 -7.688627863e-40 2.761356093e-40 -1.190117697e-41 
-5.801290521e-43 5.887851425e-44 -1.118461601e-45 4.936384219e-47 5.887870253e-48 
8.654826055e-50 3.140360769e-50 4.077200906e-52 3.523598211e-53 -1.193257864e-54 
1.429273916e-55 7.849259669e-57 -7.130503707e-59 2.767998190e-60 3.350405765e-61 
6.463038031e-63 7.141980614e-64 2.337070286e-66 -8.984146160e-67 4.654608369e-68 
-1.122368844e-70 4.122922189e-72 8.632973244e-73 9.727629635e-74 -9.949402525e-74 
3.327545770e-74 -5.319141123e-75 -8.216351621e-76 3.528857076e-76 1.307908379e-76 
1.159514698e-77 -1.631395843e-78 -4.240539385e-78 1.719611670e-78 -2.077309022e-79 
7.162702079e-80 -7.501612297e-81 2.635641936e-81 4.092289850e-82 -2.397558878e-82 
2.762177929e-83 1.090667672e-83 -5.406877296e-85 -6.673964859e-85 -4.162529988e-86 
1.303283823e-86 -6.691544302e-88 -4.137779555e-88 1.288880034e-88 4.471369427e-91 
-1.263077570e-88 2.072478458e-88 3.232698047e-88 7.584321425e-90 3.921401834e-89 
1.004379677e-88 -7.634089385e-89 -2.494074954e-88 -9.184536290e-89 -1.887054767e-89 
-1.883925506e-89 -1.916268085e-89 -8.909197731e-92 4.157761936e-92 1.181225135e-87 
net_rxn-O
2.733312525e-22 2.176933054e-22 1.733210330e-22 1.379145994e-22 1.096536868e-22 
8.709433318e-23 6.908881831e-23 5.472323396e-23 4.326867631e-23 3.414297012e-23 
2.688056424e-23 2.110878865e-23 1.652907986e-23 1.290209866e-23 1.003590612e-23 
7.776549161e-24 6.000549773e-24 4.608901755e-24 3.522264325e-24 2.677107996e-24 
2.022619751e-24 1.518214865e-24 1.131534315e-24 8.368315663e-25 6.136719526e-25 
4.458833972e-25 3.207075840e-25 2.281031353e-25 1.601189888e-25 1.100484518e-25 
6.995100290e-26 1.874965937e-26 -1.491510805e-25 -1.147430367e-24 -8.897621304e-24 
-7.932192592e-23 -7.685450075e-22 -7.650373388e-21 -7.695331880e-20 -8.120074614e-19 
-1.003373732e-17 -1.699552778e-16 -4.735738419e-15 -3.155984131e-13 -6.018054134e-11 
-8.742238302e-09 -4.074505222e-07 -7.572249210e-06 -7.682742278e-05 -5.504439441e-04 
-3.346196199e-03 -1.650371432e-02 -5.660821622e-02 -1.439760089e-01 -2.945122377e-01 
-4.553684504e-01 -4.498732017e-01 -1.882453451e-01 1.576876345e-01 4.249447986e-01 
5.901314450e-01 6.694453392e-01 6.593088362e-01 5.135437996e-01 9.573187405e-02 
-5.087057993e-01 -2.982787960e-01 -4.084073141e-02 -2.809457844e-03 -1.003024610e-04 
-4.819452777e-06 -2.745061176e-07 -1.632690871e-08 -8.864796464e-10 -4.160460176e-11 
-1.678301755e-12 -5.859510239e-14 -1.786120451e-15 -4.793350799e-17 -1.141180052e-18 
-2.427032610e-20 -4.640869057e-22 -8.027658672e-24 -1.263943558e-25 -1.823898879e-27 
-2.433562231e-29 -3.042055463e-31 -3.639686423e-33 -4.311551992e-35 -5.287417616e-37 
-6.972281609e-39 -9.943499318e-41 -1.490172784e-42 -2.258330038e-44 -3.352289504e-46 
-4.797103142e-48 -6.808846119e-50 -8.323752851e-52 -1.247763754e-53 -3.207048581e-55 
-4.289766907e-57 -1.032545469e-57 -1.336523933e-59 -1.141981818e-60 3.859785181e-62 
-4.625366246e-63 -2.540074950e-64 2.307540373e-66 -8.956327559e-68 -1.084064325e-68 
-2.089513887e-70 -2.308478271e-71 -7.072788198e-74 3.110856182e-74 1.641880069e-76 
1.628260763e-75 1.618819181e-75 1.618230621e-75 1.618171614e-75 1.618167987e-75 
1.618162513e-75 1.618163625e-75 1.618163463e-75 1.618163424e-75 1.618163431e-75 
1.618163434e-75 1.618163435e-75 1.618163435e-75 1.618163435e-75 1.618163435e-75 
1.618163435e-75 1.618163435e-75 1.618163435e-75 1.618163435e-75 1.618163435e-75 
1.618163435e-75 1.618163435e-75 1.618163435e-75 1.618163435e-75 1.618163435e-75 
1.618163435e-75 1.618163435e-75 1.618163435e-75 1.618163435e-75 1.618163435e-75 
1.618163435e-75 1.618163435e-75 1.618163435e-75 1.618163435e-75 1.618163435e-75 
1.618163435e-75 1.618163435e-75 1.618163435e-75 1.618163435e-75 1.618163435e-75 
1.618163435e-75 1.618163435e-75 1.618163435e-75 1.618163435e-75 1.618163435e-75 
net_rxn-O2
-2.804443939e-28 -2.806483665e-28 -2.808527697e-28 -2.810578266e-28 -2.812637650e-28 
-2.814708188e-28 -2.816792296e-28 -2.818892474e-28 -2.821011325e-28 -2.823151570e-28 
-2.825316065e-28 -2.827507825e-28 -2.829730056e-28 -2.831986258e-28 -2.834280815e-28 
-2.836623107e-28 -2.839056759e-28 -2.841865275e-28 -2.846992506e-28 -2.867661114e-28 
-2.992117396e-28 -3.796476331e-28 -8.953540658e-28 -4.129080137e-27 -2.388991956e-26 
-1.413401379e-25 -8.190970965e-25 -4.609206617e-24 -2.510853257e-23 -1.321202540e-22 
-6.700853951e-22 -3.268129632e-21 -1.528766404e-20 -6.835516236e-20 -2.904164177e-19 
-1.158518787e-18 -4.318580614e-18 -1.872029373e-17 -2.064455543e-16 -4.082816563e-15 
-7.617993408e-14 -1.247088593e-12 -1.837922904e-11 -2.387383594e-10 -2.420434729e-09 
-1.741069971e-08 -1.115231331e-07 -1.265616474e-06 -1.549086588e-05 -1.482936714e-04 
-1.215350282e-03 -8.227930991e-03 -4.055451309e-02 -1.539103294e-01 -4.809133780e-01 
-1.189833339e+00 -2.148861283e+00 -2.789984390e+00 -2.872704551e+00 -2.685298103e+00 
-2.471754126e+00 -2.283199489e+00 -2.083004173e+00 -1.784060390e+00 -1.136042101e+00 
1.721631466e-01 4.949001614e-01 1.146319101e-01 9.463741576e-03 3.347775846e-04 
1.710472901e-05 9.915784322e-07 5.173206126e-08 2.117188571e-09 6.587394446e-11 
1.411680157e-12 4.568192625e-15 -1.625523170e-15 -1.198574290e-16 -6.182549273e-18 
-2.695741050e-19 -1.044791665e-20 -3.667488912e-22 -1.176518405e-23 -3.468506023e-25 
-9.439492298e-27 -2.407248136e-28 -5.362787108e-30 -1.178097024e-31 -2.332031547e-33 
-1.025767722e-35 1.564906674e-36 -3.883513999e-38 8.536003139e-39 -3.813036090e-40 
-1.846701543e-41 1.868523381e-42 -3.551624960e-44 1.567032864e-45 1.869193660e-46 
2.747610019e-48 9.969617153e-49 1.294377598e-50 1.118626858e-51 -3.788209094e-53 
4.537469587e-54 2.491872200e-55 -2.263857273e-57 8.785357936e-59 1.063356729e-59 
2.047983689e-61 2.262348641e-62 6.775333841e-65 -2.934022447e-65 1.375104918e-66 
-1.624807411e-68 -1.417415725e-69 -1.592071539e-70 -1.913078755e-71 -5.773780010e-72 
7.509609339e-73 -2.053704865e-73 -3.165482346e-74 9.144662526e-75 2.486312847e-75 
-1.254954945e-75 -1.670393450e-75 -1.752808814e-75 -1.563567219e-75 -1.624756107e-75 
-1.615888873e-75 -1.618401417e-75 -1.618079719e-75 -1.618150433e-75 -1.618171044e-75 
-1.618162557e-75 -1.618163088e-75 -1.618163452e-75 -1.618163456e-75 -1.618163436e-75 
-1.618163434e-75 -1.618163435e-75 -1.618163435e-75 -1.618163435e-75 -1.618163435e-75 
-1.618163435e-75 -1.618163435e-75 -1.618163435e-75 -1.618163435e-75 -1.618163435e-75 
-1.618163435e-75 -1.618163435e-75 -1.618163435e-75 -1.618163435e-75 -1.618163435e-75 
-1.618163435e-75 -1.618163435e-75 -1.618163435e-75 -1.618163435e-75 -1.618163435e-75 
net_rxn-OH
-2.752733404e-22 1.106276695e-24 2.903145268e-24 2.866300675e-24 2.829643810e-24 
2.803011594e-24 2.784489785e-24 2.772492492e-24 2.765758741e-24 2.763285844e-24 
2.764276752e-24 2.768098567e-24 2.774249790e-24 2.782334418e-24 2.792041439e-24 
2.803128571e-24 2.815409293e-24 2.828741915e-24 2.843016310e-24 2.858111998e-24 
2.873657125e-24 2.887496030e-24 2.886032392e-24 2.785160859e-24 2.793334330e-24 
2.817198435e-24 2.827601965e-24 2.791920100e-24 2.517657405e-24 1.074085177e-24 
-5.839392572e-24 -3.716138062e-23 -1.722018651e-22 -7.276531275e-22 -2.934091318e-21 
-1.170063703e-20 -4.781411437e-20 -2.088549017e-19 -1.607075081e-18 -2.423801727e-17 
-3.359500224e-16 -4.729986529e-15 -6.160866958e-13 -3.768072992e-10 -1.238465259e-07 
-1.039784993e-05 -2.477895404e-04 -2.384352027e-03 -1.264492355e-02 -4.670310277e-02 
-1.395911211e-01 -3.279244680e-01 -5.567468827e-01 -7.648249829e-01 -8.771673873e-01 
-6.651480137e-01 -2.109321551e-02 6.861754211e-01 1.062980474e+00 1.141952441e+00 
1.091587050e+00 1.002013515e+00 8.982541697e-01 7.582485403e-01 3.994629703e-01 
-6.079476011e-01 -7.516555411e-01 -1.826056069e-01 -1.504051397e-02 -4.993382503e-04 
-2.793853683e-05 -1.867098436e-06 -1.139822699e-07 -5.915995063e-09 -2.624336758e-10 
-1.014667986e-11 -3.486083017e-13 -1.088876509e-14 -3.189243829e-16 -9.105472146e-18 
-2.626289941e-19 -7.763615686e-21 -2.320425545e-22 -6.819972435e-24 -1.922390596e-25 
-5.115873379e-27 -1.275577031e-28 -2.972243775e-30 -6.472948690e-32 -1.319379842e-33 
-2.521966608e-35 -4.530510196e-37 -7.665495950e-39 -1.224175056e-40 -1.849037557e-42 
-2.646647572e-44 -3.596723525e-46 -4.648767373e-48 -5.724728950e-50 -6.728822905e-52 
-7.557571753e-54 -8.228709199e-56 -8.507218191e-58 -9.486328036e-60 -3.759201140e-62 
-5.635783525e-63 -2.763446633e-64 2.399081686e-66 -9.564925843e-68 -1.152793290e-68 
-2.224173656e-70 -2.462473321e-71 -1.018824151e-73 2.400154395e-74 -3.684927377e-75 
-6.072507703e-76 -1.765439775e-76 -5.041174692e-77 -1.427283368e-77 -4.006822719e-78 
-1.119560292e-78 -3.092414469e-79 -8.487234499e-80 -2.309970821e-80 -6.224218869e-81 
-1.659018095e-81 -4.375800596e-82 -1.140210314e-82 -2.948756079e-83 -7.481817991e-84 
-1.882347201e-84 -4.648929054e-85 -1.134689714e-85 -2.720940262e-86 -6.405095845e-87 
-1.486104368e-87 -3.379127443e-88 -7.518370406e-89 -1.636921491e-89 -3.493568647e-90 
-7.276108571e-91 -1.474330342e-91 -2.907898571e-92 -5.577044617e-93 -1.033359375e-93 
-1.806090842e-94 -3.903207882e-95 -1.639298306e-95 -1.091755927e-96 -1.473371616e-96 
-3.472501003e-96 2.623776696e-96 8.579158168e-96 3.159382717e-96 6.491300571e-97 
6.480562327e-97 6.591820571e-97 3.064697531e-99 -1.430239428e-99 -4.063327243e-95 
net_rxn-HO2
4.126351335e-27 4.129109582e-27 4.131873507e-27 4.134646153e-27 4.137430622e-27 
4.140230097e-27 4.143047857e-27 4.145887294e-27 4.148751938e-27 4.151645474e-27 
4.154571770e-27 4.157534905e-27 4.160539213e-27 4.163589399e-27 4.166691163e-27 
4.169855515e-27 4.173129385e-27 4.176810740e-27 4.182934389e-27 4.205331999e-27 
4.336298235e-27 5.178322593e-27 1.057204053e-26 4.438614955e-26 2.509982106e-25 
1.478907169e-24 8.564044511e-24 4.818150615e-23 2.624376778e-22 1.380798664e-21 
7.002392675e-21 3.414828040e-20 1.597202839e-19 7.140297187e-19 3.031506375e-18 
1.202170770e-17 4.245542077e-17 1.180829763e-16 1.998387787e-16 1.044764388e-16 
-8.081089614e-16 -1.199613080e-14 -1.254553194e-13 -9.237809653e-13 -4.740440932e-12 
-1.903509795e-11 -1.842267120e-10 -2.421507321e-09 -1.260198839e-08 -1.223372149e-07 
-1.542293674e-06 -1.201199892e-05 -5.523387658e-05 -1.845670213e-04 -4.924166766e-04 
-9.929029697e-04 -1.349028342e-03 -1.108874958e-03 -4.096969095e-04 3.283620289e-04 
9.357233302e-04 1.423608634e-03 1.838773621e-03 2.224632439e-03 2.375306615e-03 
5.530097023e-05 -1.896963233e-03 -1.300723882e-04 3.398249400e-05 -1.917148645e-05 
-1.364503092e-06 -5.731217350e-08 3.323875418e-09 7.975357507e-10 6.784849553e-11 
3.889429649e-12 1.782892802e-13 7.166549261e-15 2.690053737e-16 9.798496439e-18 
3.500729899e-19 1.214036021e-20 4.016463179e-22 1.249911815e-23 3.629397790e-25 
9.804123810e-27 2.491148937e-28 5.540663014e-30 1.216126514e-31 2.406368886e-33 
1.058863718e-35 -1.614134626e-36 4.005893281e-38 -8.804877522e-39 3.933144335e-40 
1.904871373e-41 -1.927380567e-42 3.663498675e-44 -1.616393308e-45 -1.928071960e-46 
-2.834157822e-48 -1.028365316e-48 -1.335149591e-50 -1.153862826e-51 3.907535045e-53 
-4.680396722e-54 -2.570364440e-55 2.335167201e-57 -9.062090597e-59 -1.096851727e-59 
-2.112493751e-61 -2.333611052e-62 -6.988753125e-65 3.026441823e-65 -1.418420610e-66 
1.675963220e-68 1.461991894e-69 1.642005264e-70 1.972610287e-71 5.952401700e-72 
-7.767251554e-73 2.100485640e-73 3.094937109e-74 -1.111093624e-74 -4.236212894e-75 
-3.753022376e-76 5.370294440e-77 1.388416723e-76 -5.632754359e-77 6.797388850e-78 
-2.346948627e-78 2.452956882e-79 -8.639702268e-80 -1.342222979e-80 7.846181750e-81 
-9.056912879e-82 -3.574236585e-82 1.764655729e-83 2.184214824e-83 1.360340909e-84 
-4.273553459e-85 2.179652592e-86 1.352696978e-86 -4.225048181e-87 -1.545584454e-89 
4.136020510e-87 -6.786714553e-87 -1.058603345e-86 -2.483623868e-88 -1.284131004e-87 
-3.289015115e-87 2.499914705e-87 8.167280135e-87 3.007635382e-87 6.179487463e-88 
6.169240157e-88 6.275151530e-88 2.917471005e-90 -1.361531112e-90 -3.868126161e-86 
net_rxn-H2O
-1.618570790e-23 -2.462967909e-22 -1.982370971e-22 -1.583305249e-22 -1.264699884e-22 
-1.010400102e-22 -8.074623286e-23 -6.455791841e-23 -5.165298745e-23 -4.137485016e-23 
-3.319845296e-23 -2.670350004e-23 -2.155327852e-23 -1.747787364e-23 -1.426083325e-23 
-1.172855000e-23 -9.741790453e-24 -8.188924101e-24 -6.980498794e-24 -6.044866499e-24 
-5.324508846e-24 -4.772037132e-24 -4.340393205e-24 -3.934989125e-24 -3.895722644e-24 
-4.940604062e-24 -1.178394423e-23 -5.063339396e-23 -2.611349810e-22 -1.360215681e-21 
-6.885428285e-21 -3.356790325e-20 -1.570050199e-19 -7.019217714e-19 -2.980031318e-18 
-1.180982672e-17 -4.144501577e-17 -1.076431826e-16 1.594866959e-17 4.509818684e-15 
8.703780524e-14 1.422723242e-12 2.149382487e-11 6.694079553e-10 1.339870131e-07 
1.104366375e-05 2.630642482e-04 2.535656220e-03 1.349836248e-02 5.025808043e-02 
1.530028388e-01 3.752232937e-01 6.992181303e-01 1.145796410e+00 1.802859729e+00 
2.558200885e+00 2.950027284e+00 2.627851641e+00 1.931538230e+00 1.335110592e+00 
9.613414494e-01 7.540714118e-01 6.495236433e-01 6.249312767e-01 7.456198634e-01 
1.022892398e+00 5.769346244e-01 1.104585397e-01 8.386581820e-03 2.712949693e-04 
1.344978233e-05 7.919966009e-07 4.298436956e-08 1.941938034e-09 7.464993998e-11 
2.594771876e-12 8.747314918e-14 3.053392632e-15 1.135459817e-16 4.390546699e-18 
1.683407128e-19 6.161129953e-21 2.108135082e-22 6.685576354e-24 1.960724224e-25 
5.322032029e-27 1.339772648e-28 3.136168642e-30 6.844760267e-32 1.396586155e-33 
2.670814543e-35 4.798968949e-37 8.120566572e-39 1.296913865e-40 1.958953620e-42 
2.804015923e-44 3.810588883e-46 4.925284692e-48 6.065044355e-50 7.126923806e-52 
8.003992783e-54 8.603791194e-56 8.864762840e-58 8.766559678e-60 8.331895142e-62 
7.620039830e-64 6.714226274e-66 5.706479787e-68 4.683467506e-70 3.716064833e-72 
2.854006544e-74 2.125922183e-76 1.545246381e-78 1.126209618e-80 9.284570731e-83 
1.197555059e-84 2.829449218e-86 8.908546027e-88 2.973591323e-89 9.895801661e-91 
3.243183108e-92 1.043414106e-93 3.274374163e-95 9.497988190e-97 1.138069251e-98 
-4.248044318e-99 -1.310479053e-99 -3.404029209e-100 -8.584239934e-101 -2.130000171e-101 
-5.203228942e-102 -1.250498164e-102 -2.954370012e-103 -6.853378093e-104 -1.559288522e-104 
-3.474775607e-105 -7.578621958e-106 -1.615613488e-106 -3.359097499e-107 -6.808621011e-108 
-1.341948071e-108 -2.568155673e-109 -4.762917538e-110 -8.539432374e-111 -1.475598157e-111 
-2.449551741e-112 -3.899287110e-113 -5.916755065e-114 -8.513116167e-115 -1.157525195e-115 
-1.470149643e-116 -1.727981988e-117 -1.851126789e-118 -1.783535058e-119 -1.496545304e-120 
-1.064780707e-121 -6.026589790e-123 -2.583996441e-124 -8.177409470e-126 -2.346773665e-127 
net_rxn-H2O2
-1.225007388e-27 -1.225822716e-27 -1.226639574e-27 -1.227458888e-27 -1.228281600e-27 
-1.229108668e-27 -1.229941075e-27 -1.230779837e-27 -1.231626003e-27 -1.232480672e-27 
-1.233344990e-27 -1.234220168e-27 -1.235107484e-27 -1.236008301e-27 -1.236924072e-27 
-1.237856360e-27 -1.238806837e-27 -1.239777246e-27 -1.240768977e-27 -1.241780110e-27 
-1.242785692e-27 -1.243610140e-27 -1.243122379e-27 -1.234292173e-27 -1.174667754e-27 
-8.152894619e-28 1.259547185e-27 1.284026923e-26 7.532469112e-26 4.006550312e-25 
2.031616919e-24 9.885496991e-24 4.611915643e-23 2.058156772e-22 8.761365382e-22 
3.546116916e-21 1.357882029e-20 4.834583526e-20 1.425241020e-19 -3.541888506e-20 
-9.545504466e-18 -1.965001912e-16 -3.761016775e-15 -8.181900282e-14 -2.248924175e-12 
-1.098207668e-10 -4.622881584e-09 -3.919220139e-08 -6.953077609e-08 -1.964824623e-07 
-8.285994391e-07 -3.309573265e-06 -9.805059151e-06 -2.209935054e-05 -4.002557018e-05 
-5.320648880e-05 -4.110894599e-05 -4.125888218e-06 3.068400514e-05 4.933556196e-05 
5.575967659e-05 5.608475514e-05 5.373929851e-05 4.937570275e-05 3.446621323e-05 
-2.743062622e-05 -5.341581411e-05 2.125489177e-05 1.463984990e-05 1.373221270e-05 
3.588198558e-06 4.162288520e-07 3.234183426e-08 1.952574557e-09 9.624164843e-11 
3.972298992e-12 1.397259618e-13 4.247382648e-15 1.128726398e-16 2.647969972e-18 
5.529971881e-20 1.035545253e-21 1.749928802e-23 2.683711817e-25 3.754221835e-27 
4.812433005e-29 5.676535706e-31 6.184954291e-33 6.246733519e-35 5.867420553e-37 
5.140827965e-39 4.213426653e-41 3.238914152e-43 2.340959936e-45 1.594338859e-47 
1.024473891e-49 6.173530259e-52 3.242243406e-54 2.105037773e-57 -7.314283920e-58 
-3.793146448e-59 -1.726795314e-60 -7.601620119e-62 -3.270692586e-63 -1.378857788e-64 
-5.701798665e-66 -2.270993253e-67 -6.623339726e-69 6.760200290e-70 3.393083494e-70 
1.112604637e-70 3.404530874e-71 1.015764026e-71 2.987758465e-72 8.700348796e-73 
2.513226689e-73 7.208063214e-74 2.053056479e-74 5.808031920e-75 1.631468449e-75 
4.549059036e-76 1.258448785e-76 3.452837879e-77 9.389384535e-78 2.529455547e-78 
6.745308554e-79 1.779786390e-79 4.642957341e-80 1.196798826e-80 3.045622634e-81 
7.645136314e-82 1.891682552e-82 4.610885170e-83 1.105983370e-83 2.608187572e-84 
6.039846233e-85 1.372702561e-85 3.058337964e-86 6.666392156e-87 1.421351780e-87 
2.957234933e-88 5.996763679e-89 1.183167173e-89 2.266277331e-90 4.202418002e-91 
7.521734578e-92 1.297431898e-92 2.144325560e-93 3.378956743e-94 5.060675996e-95 
7.120615071e-96 9.327982562e-97 1.120473527e-97 1.217966758e-98 1.158628383e-99 
9.384217208e-101 6.020654105e-102 2.863829711e-103 9.108179737e-105 2.361894091e-106 
massfraction-H2
1.000000000e+00 1.000000000e+00 1.000000000e+00 1.000000000e+00 1.000000000e+00 
1.000000000e+00 1.000000000e+00 1.000000000e+00 1.000000000e+00 1.000000000e+00 
1.000000000e+00 1.000000000e+00 1.000000000e+00 1.000000000e+00 1.000000000e+00 
1.000000000e+00 1.000000000e+00 1.000000000e+00 1.000000000e+00 1.000000000e+00 
1.000000000e+00 1.000000000e+00 1.000000000e+00 1.000000000e+00 1.000000000e+00 
1.000000000e+00 1.000000000e+00 1.000000000e+00 1.000000000e+00 1.000000000e+00 
1.000000000e+00 1.000000000e+00 9.999999999e-01 9.999999993e-01 9.999999944e-01 
9.999999534e-01 9.999996299e-01 9.999972336e-01 9.999807694e-01 9.998770493e-01 
9.992876360e-01 9.963551995e-01 9.843016341e-01 9.468810504e-01 8.656775814e-01 
7.425870067e-01 6.027199657e-01 4.723837868e-01 3.644954766e-01 2.801834836e-01 
2.154843951e-01 1.652776314e-01 1.253849500e-01 9.320742576e-02 6.743822829e-02 
4.730243718e-02 3.215962110e-02 2.130015434e-02 1.383078282e-02 8.808718882e-03 
5.462186826e-03 3.248395978e-03 1.804740805e-03 8.906403608e-04 3.479752463e-04 
7.979207687e-05 8.062694625e-06 6.396160090e-07 2.403949773e-07 1.462015526e-07 
8.006766863e-08 3.924978476e-08 1.781594435e-08 7.572502423e-09 3.026267559e-09 
1.140822652e-09 4.068902374e-10 1.376885443e-10 0.000000000e+00 0.000000000e+00 
0.000000000e+00 0.000000000e+00 0.000000000e+00 0.000000000e+00 0.000000000e+00 
0.000000000e+00 0.000000000e+00 0.000000000e+00 0.000000000e+00 0.000000000e+00 
0.000000000e+00 0.000000000e+00 0.000000000e+00 0.000000000e+00 0.000000000e+00 
0.000000000e+00 0.000000000e+00 0.000000000e+00 0.000000000e+00 0.000000000e+00 
0.000000000e+00 0.000000000e+00 0.000000000e+00 0.000000000e+00 0.000000000e+00 
0.000000000e+00 0.000000000e+00 0.000000000e+00 0.000000000e+00 0.000000000e+00 
0.000000000e+00 0.000000000e+00 0.000000000e+00 0.000000000e+00 0.000000000e+00 
0.000000000e+00 0.000000000e+00 0.000000000e+00 0.000000000e+00 0.000000000e+00 
0.000000000e+00 0.000000000e+00 0.000000000e+00 0.000000000e+00 0.000000000e+00 
0.000000000e+00 0.000000000e+00 0.000000000e+00 0.000000000e+00 0.000000000e+00 
0.000000000e+00 0.000000000e+00 0.000000000e+00 0.000000000e+00 0.000000000e+00 
0.000000000e+00 0.000000000e+00 0.000000000e+00 0.000000000e+00 0.000000000e+00 
0.000000000e+00 0.000000000e+00 0.000000000e+00 0.000000000e+00 0.000000000e+00 
0.000000000e+00 0.000000000e+00 0.000000000e+00 0.000000000e+00 0.000000000e+00 
0.000000000e+00 0.000000000e+00 0.000000000e+00 0.000000000e+00 0.000000000e+00 
0.000000000e+00 0.000000000e+00 0.000000000e+00 0.000000000e+00 0.000000000e+00 
massfraction-H
0.000000000e+00 0.000000000e+00 0.000000000e+00 0.000000000e+00 0.000000000e+00 
0.000000000e+00 0.000000000e+00 0.000000000e+00 0.000000000e+00 0.000000000e+00 
0.000000000e+00 0.000000000e+00 0.000000000e+00 0.000000000e+00 0.000000000e+00 
0.000000000e+00 0.000000000e+00 0.000000000e+00 0.000000000e+00 0.000000000e+00 
0.000000000e+00 0.000000000e+00 0.000000000e+00 0.000000000e+00 0.000000000e+00 
0.000000000e+00 0.000000000e+00 0.000000000e+00 0.000000000e+00 0.000000000e+00 
0.000000000e+00 0.000000000e+00 0.000000000e+00 0.000000000e+00 3.980261520e-10 
1.614416371e-09 6.207314110e-09 2.254494184e-08 7.708279543e-08 2.475100753e-07 
7.475930806e-07 2.151166834e-06 6.085846025e-06 1.748157892e-05 4.954800726e-05 
1.259772242e-04 2.683136654e-04 4.820171500e-04 7.661213955e-04 1.135775368e-03 
1.648125340e-03 2.424162773e-03 3.510851164e-03 4.614537253e-03 5.408985012e-03 
5.741978974e-03 5.553558370e-03 4.896539495e-03 3.964462053e-03 2.977968059e-03 
2.081366621e-03 1.340124039e-03 7.725124776e-04 3.739544074e-04 1.304435959e-04 
2.211613852e-05 1.370420850e-06 5.243077317e-08 7.483695025e-10 0.000000000e+00 
0.000000000e+00 0.000000000e+00 0.000000000e+00 0.000000000e+00 0.000000000e+00 
0.000000000e+00 0.000000000e+00 0.000000000e+00 0.000000000e+00 0.000000000e+00 
0.000000000e+00 0.000000000e+00 0.000000000e+00 0.000000000e+00 0.000000000e+00 
0.000000000e+00 0.000000000e+00 0.000000000e+00 0.000000000e+00 0.000000000e+00 
0.000000000e+00 0.000000000e+00 0.000000000e+00 0.000000000e+00 0.000000000e+00 
0.000000000e+00 0.000000000e+00 0.000000000e+00 0.000000000e+00 0.000000000e+00 
0.000000000e+00 0.000000000e+00 0.000000000e+00 0.000000000e+00 0.000000000e+00 
0.000000000e+00 0.000000000e+00 0.000000000e+00 0.000000000e+00 0.000000000e+00 
0.000000000e+00 0.000000000e+00 0.000000000e+00 0.000000000e+00 0.000000000e+00 
0.000000000e+00 0.000000000e+00 0.000000000e+00 0.000000000e+00 0.000000000e+00 
0.000000000e+00 0.000000000e+00 0.000000000e+00 0.000000000e+00 0.000000000e+00 
0.000000000e+00 0.000000000e+00 0.000000000e+00 0.000000000e+00 0.000000000e+00 
0.000000000e+00 0.000000000e+00 0.000000000e+00 0.000000000e+00 0.000000000e+00 
0.000000000e+00 0.000000000e+00 0.000000000e+00 0.000000000e+00 0.000000000e+00 
0.000000000e+00 0.000000000e+00 0.000000000e+00 0.000000000e+00 0.000000000e+00 
0.000000000e+00 0.000000000e+00 0.000000000e+00 0.000000000e+00 0.000000000e+00 
0.000000000e+00 0.000000000e+00 0.000000000e+00 0.000000000e+00 0.000000000e+00 
0.000000000e+00 0.000000000e+00 0.000000000e+00 0.000000000e+00 0.000000000e+00 
massfraction-O
0.000000000e+00 0.000000000e+00 0.000000000e+00 0.000000000e+00 0.000000000e+00 
0.000000000e+00 0.000000000e+00 0.000000000e+00 0.000000000e+00 0.000000000e+00 
0.000000000e+00 0.000000000e+00 0.000000000e+00 0.000000000e+00 0.000000000e+00 
0.000000000e+00 0.000000000e+00 0.000000000e+00 0.000000000e+00 0.000000000e+00 
0.000000000e+00 0.000000000e+00 0.000000000e+00 0.000000000e+00 0.000000000e+00 
0.000000000e+00 0.000000000e+00 0.000000000e+00 0.000000000e+00 0.000000000e+00 
0.000000000e+00 0.000000000e+00 0.000000000e+00 0.000000000e+00 0.000000000e+00 
0.000000000e+00 0.000000000e+00 0.000000000e+00 0.000000000e+00 0.000000000e+00 
0.000000000e+00 0.000000000e+00 0.000000000e+00 0.000000000e+00 0.000000000e+00 
0.000000000e+00 4.809787315e-10 1.696146085e-08 2.554676153e-07 2.232285602e-06 
1.424969676e-05 7.724113580e-05 3.576639560e-04 1.291054092e-03 3.694759941e-03 
8.805852528e-03 1.761245797e-02 2.912910485e-02 4.005729287e-02 4.720220313e-02 
4.911256536e-02 4.580126237e-02 3.808252281e-02 2.723781494e-02 1.510864994e-02 
4.887242108e-03 7.054741752e-04 5.929719235e-05 3.116732898e-06 2.251563712e-07 
2.234924766e-08 3.551321321e-09 7.700869247e-10 1.762434779e-10 0.000000000e+00 
0.000000000e+00 0.000000000e+00 0.000000000e+00 0.000000000e+00 0.000000000e+00 
0.000000000e+00 0.000000000e+00 0.000000000e+00 0.000000000e+00 0.000000000e+00 
0.000000000e+00 0.000000000e+00 0.000000000e+00 0.000000000e+00 0.000000000e+00 
0.000000000e+00 0.000000000e+00 0.000000000e+00 0.000000000e+00 0.000000000e+00 
0.000000000e+00 0.000000000e+00 0.000000000e+00 0.000000000e+00 0.000000000e+00 
0.000000000e+00 0.000000000e+00 0.000000000e+00 0.000000000e+00 0.000000000e+00 
0.000000000e+00 0.000000000e+00 0.000000000e+00 0.000000000e+00 0.000000000e+00 
0.000000000e+00 0.000000000e+00 0.000000000e+00 0.000000000e+00 0.000000000e+00 
0.000000000e+00 0.000000000e+00 0.000000000e+00 0.000000000e+00 0.000000000e+00 
0.000000000e+00 0.000000000e+00 0.000000000e+00 0.000000000e+00 0.000000000e+00 
0.000000000e+00 0.000000000e+00 0.000000000e+00 0.000000000e+00 0.000000000e+00 
0.000000000e+00 0.000000000e+00 0.000000000e+00 0.000000000e+00 0.000000000e+00 
0.000000000e+00 0.000000000e+00 0.000000000e+00 0.000000000e+00 0.000000000e+00 
0.000000000e+00 0.000000000e+00 0.000000000e+00 0.000000000e+00 0.000000000e+00 
0.000000000e+00 0.000000000e+00 0.000000000e+00 0.000000000e+00 0.000000000e+00 
0.000000000e+00 0.000000000e+00 0.000000000e+00 0.000000000e+00 0.000000000e+00 
0.000000000e+00 0.000000000e+00 0.000000000e+00 0.000000000e+00 0.000000000e+00 
massfraction-O2
0.000000000e+00 0.000000000e+00 0.000000000e+00 0.000000000e+00 0.000000000e+00 
0.000000000e+00 0.000000000e+00 0.000000000e+00 0.000000000e+00 0.000000000e+00 
0.000000000e+00 0.000000000e+00 0.000000000e+00 0.000000000e+00 0.000000000e+00 
0.000000000e+00 0.000000000e+00 0.000000000e+00 0.000000000e+00 0.000000000e+00 
0.000000000e+00 0.000000000e+00 0.000000000e+00 0.000000000e+00 0.000000000e+00 
0.000000000e+00 0.000000000e+00 0.000000000e+00 0.000000000e+00 0.000000000e+00 
0.000000000e+00 0.000000000e+00 0.000000000e+00 0.000000000e+00 0.000000000e+00 
0.000000000e+00 0.000000000e+00 0.000000000e+00 0.000000000e+00 0.000000000e+00 
0.000000000e+00 0.000000000e+00 0.000000000e+00 0.000000000e+00 0.000000000e+00 
3.694657186e-10 1.988989929e-09 9.413467691e-09 6.762346677e-08 6.236631073e-07 
5.103673155e-06 3.657049936e-05 2.264379433e-04 1.107421999e-03 4.348541925e-03 
1.434813608e-02 3.972168850e-02 8.986819127e-02 1.663557160e-01 2.616384211e-01 
3.658724742e-01 4.714173232e-01 5.734409888e-01 6.691379725e-01 7.566990867e-01 
8.335557399e-01 8.935762215e-01 9.368138753e-01 9.677533174e-01 9.871033057e-01 
9.961581725e-01 9.990972838e-01 9.998177410e-01 9.999670962e-01 9.999946024e-01 
9.999991877e-01 9.999998869e-01 9.999999853e-01 9.999999982e-01 9.999999998e-01 
1.000000000e+00 1.000000000e+00 1.000000000e+00 1.000000000e+00 1.000000000e+00 
1.000000000e+00 1.000000000e+00 1.000000000e+00 1.000000000e+00 1.000000000e+00 
1.000000000e+00 1.000000000e+00 1.000000000e+00 1.000000000e+00 1.000000000e+00 
1.000000000e+00 1.000000000e+00 1.000000000e+00 1.000000000e+00 1.000000000e+00 
1.000000000e+00 1.000000000e+00 1.000000000e+00 1.000000000e+00 1.000000000e+00 
1.000000000e+00 1.000000000e+00 1.000000000e+00 1.000000000e+00 1.000000000e+00 
1.000000000e+00 1.000000000e+00 1.000000000e+00 1.000000000e+00 1.000000000e+00 
1.000000000e+00 1.000000000e+00 1.000000000e+00 1.000000000e+00 1.000000000e+00 
1.000000000e+00 1.000000000e+00 1.000000000e+00 1.000000000e+00 1.000000000e+00 
1.000000000e+00 1.000000000e+00 1.000000000e+00 1.000000000e+00 1.000000000e+00 
1.000000000e+00 1.000000000e+00 1.000000000e+00 1.000000000e+00 1.000000000e+00 
1.000000000e+00 1.000000000e+00 1.000000000e+00 1.000000000e+00 1.000000000e+00 
1.000000000e+00 1.000000000e+00 1.000000000e+00 1.000000000e+00 1.000000000e+00 
1.000000000e+00 1.000000000e+00 1.000000000e+00 1.000000000e+00 1.000000000e+00 
1.000000000e+00 1.000000000e+00 1.000000000e+00 1.000000000e+00 1.000000000e+00 
1.000000000e+00 1.000000000e+00 1.000000000e+00 1.000000000e+00 1.000000000e+00 
massfraction-OH
0.000000000e+00 0.000000000e+00 0.000000000e+00 0.000000000e+00 0.000000000e+00 
0.000000000e+00 0.000000000e+00 0.000000000e+00 0.000000000e+00 0.000000000e+00 
0.000000000e+00 0.000000000e+00 0.000000000e+00 0.000000000e+00 0.000000000e+00 
0.000000000e+00 0.000000000e+00 0.000000000e+00 0.000000000e+00 0.000000000e+00 
0.000000000e+00 0.000000000e+00 0.000000000e+00 0.000000000e+00 0.000000000e+00 
0.000000000e+00 0.000000000e+00 0.000000000e+00 0.000000000e+00 0.000000000e+00 
0.000000000e+00 0.000000000e+00 0.000000000e+00 0.000000000e+00 0.000000000e+00 
0.000000000e+00 0.000000000e+00 0.000000000e+00 0.000000000e+00 0.000000000e+00 
0.000000000e+00 0.000000000e+00 0.000000000e+00 0.000000000e+00 0.000000000e+00 
9.464773287e-09 5.825327771e-07 1.087963939e-05 8.999460292e-05 4.442755968e-04 
1.597599211e-03 4.707334021e-03 1.171688059e-02 2.430735516e-02 4.341933879e-02 
6.894043747e-02 9.749335881e-02 1.215541531e-01 1.342478326e-01 1.340720484e-01 
1.235063474e-01 1.059752508e-01 8.440692596e-02 6.095703439e-02 3.725729599e-02 
1.574360183e-02 3.336907905e-03 3.234103107e-04 1.698811485e-05 1.599978004e-06 
2.215633307e-07 4.375150507e-08 1.020739574e-08 2.353647132e-09 5.067284479e-10 
1.010473599e-10 0.000000000e+00 0.000000000e+00 0.000000000e+00 0.000000000e+00 
0.000000000e+00 0.000000000e+00 0.000000000e+00 0.000000000e+00 0.000000000e+00 
0.000000000e+00 0.000000000e+00 0.000000000e+00 0.000000000e+00 0.000000000e+00 
0.000000000e+00 0.000000000e+00 0.000000000e+00 0.000000000e+00 0.000000000e+00 
0.000000000e+00 0.000000000e+00 0.000000000e+00 0.000000000e+00 0.000000000e+00 
0.000000000e+00 0.000000000e+00 0.000000000e+00 0.000000000e+00 0.000000000e+00 
0.000000000e+00 0.000000000e+00 0.000000000e+00 0.000000000e+00 0.000000000e+00 
0.000000000e+00 0.000000000e+00 0.000000000e+00 0.000000000e+00 0.000000000e+00 
0.000000000e+00 0.000000000e+00 0.000000000e+00 0.000000000e+00 0.000000000e+00 
0.000000000e+00 0.000000000e+00 0.000000000e+00 0.000000000e+00 0.000000000e+00 
0.000000000e+00 0.000000000e+00 0.000000000e+00 0.000000000e+00 0.000000000e+00 
0.000000000e+00 0.000000000e+00 0.000000000e+00 0.000000000e+00 0.000000000e+00 
0.000000000e+00 0.000000000e+00 0.000000000e+00 0.000000000e+00 0.000000000e+00 
0.000000000e+00 0.000000000e+00 0.000000000e+00 0.000000000e+00 0.000000000e+00 
0.000000000e+00 0.000000000e+00 0.000000000e+00 0.000000000e+00 0.000000000e+00 
0.000000000e+00 0.000000000e+00 0.000000000e+00 0.000000000e+00 0.000000000e+00 
0.000000000e+00 0.000000000e+00 0.000000000e+00 0.000000000e+00 0.000000000e+00 
massfraction-HO2
0.000000000e+00 0.000000000e+00 0.000000000e+00 0.000000000e+00 0.000000000e+00 
0.000000000e+00 0.000000000e+00 0.000000000e+00 0.000000000e+00 0.000000000e+00 
0.000000000e+00 0.000000000e+00 0.000000000e+00 0.000000000e+00 0.000000000e+00 
0.000000000e+00 0.000000000e+00 0.000000000e+00 0.000000000e+00 0.000000000e+00 
0.000000000e+00 0.000000000e+00 0.000000000e+00 0.000000000e+00 0.000000000e+00 
0.000000000e+00 0.000000000e+00 0.000000000e+00 0.000000000e+00 0.000000000e+00 
0.000000000e+00 0.000000000e+00 0.000000000e+00 0.000000000e+00 0.000000000e+00 
0.000000000e+00 0.000000000e+00 0.000000000e+00 0.000000000e+00 0.000000000e+00 
0.000000000e+00 0.000000000e+00 0.000000000e+00 0.000000000e+00 0.000000000e+00 
0.000000000e+00 0.000000000e+00 0.000000000e+00 1.252834068e-10 6.218496483e-10 
4.351648810e-09 4.301738342e-08 3.157019427e-07 1.529755813e-06 5.549276036e-06 
1.636498456e-05 3.951913969e-05 7.657632436e-05 1.198110408e-04 1.572873156e-04 
1.805475485e-04 1.861901750e-04 1.741438295e-04 1.458022643e-04 1.026294612e-04 
4.729767818e-05 6.967852502e-06 2.357003933e-06 1.252601084e-06 1.564962719e-07 
2.237009532e-08 4.116381621e-09 8.097139688e-10 1.434129600e-10 0.000000000e+00 
0.000000000e+00 0.000000000e+00 0.000000000e+00 0.000000000e+00 0.000000000e+00 
0.000000000e+00 0.000000000e+00 0.000000000e+00 0.000000000e+00 0.000000000e+00 
0.000000000e+00 0.000000000e+00 0.000000000e+00 0.000000000e+00 0.000000000e+00 
0.000000000e+00 0.000000000e+00 0.000000000e+00 0.000000000e+00 0.000000000e+00 
0.000000000e+00 0.000000000e+00 0.000000000e+00 0.000000000e+00 0.000000000e+00 
0.000000000e+00 0.000000000e+00 0.000000000e+00 0.000000000e+00 0.000000000e+00 
0.000000000e+00 0.000000000e+00 0.000000000e+00 0.000000000e+00 0.000000000e+00 
0.000000000e+00 0.000000000e+00 0.000000000e+00 0.000000000e+00 0.000000000e+00 
0.000000000e+00 0.000000000e+00 0.000000000e+00 0.000000000e+00 0.000000000e+00 
0.000000000e+00 0.000000000e+00 0.000000000e+00 0.000000000e+00 0.000000000e+00 
0.000000000e+00 0.000000000e+00 0.000000000e+00 0.000000000e+00 0.000000000e+00 
0.000000000e+00 0.000000000e+00 0.000000000e+00 0.000000000e+00 0.000000000e+00 
0.000000000e+00 0.000000000e+00 0.000000000e+00 0.000000000e+00 0.000000000e+00 
0.000000000e+00 0.000000000e+00 0.000000000e+00 0.000000000e+00 0.000000000e+00 
0.000000000e+00 0.000000000e+00 0.000000000e+00 0.000000000e+00 0.000000000e+00 
0.000000000e+00 0.000000000e+00 0.000000000e+00 0.000000000e+00 0.000000000e+00 
0.000000000e+00 0.000000000e+00 0.000000000e+00 0.000000000e+00 0.000000000e+00 
massfraction-H2O
0.000000000e+00 0.000000000e+00 0.000000000e+00 0.000000000e+00 0.000000000e+00 
0.000000000e+00 0.000000000e+00 0.000000000e+00 0.000000000e+00 0.000000000e+00 
0.000000000e+00 0.000000000e+00 0.000000000e+00 0.000000000e+00 0.000000000e+00 
0.000000000e+00 0.000000000e+00 0.000000000e+00 0.000000000e+00 0.000000000e+00 
0.000000000e+00 0.000000000e+00 0.000000000e+00 0.000000000e+00 0.000000000e+00 
0.000000000e+00 0.000000000e+00 0.000000000e+00 0.000000000e+00 0.000000000e+00 
0.000000000e+00 0.000000000e+00 0.000000000e+00 5.684263541e-10 5.210806827e-09 
4.498272141e-08 3.639151553e-07 2.743859096e-06 1.915349100e-05 1.227032209e-04 
7.116163765e-04 3.642649311e-03 1.569228009e-02 5.310146805e-02 1.342728705e-01 
2.572870063e-01 3.970111356e-01 5.271232898e-01 6.346480821e-01 7.182336032e-01 
7.812505090e-01 8.274769786e-01 8.588027762e-01 8.754703064e-01 8.756836651e-01 
8.548427849e-01 8.074161252e-01 7.331696895e-01 6.414169587e-01 5.451354443e-01 
4.537766700e-01 3.720243413e-01 3.013122272e-01 2.412522688e-01 1.903509350e-01 
1.456626670e-01 1.023641686e-01 6.279936023e-02 3.222425237e-02 1.289404694e-02 
3.841292655e-03 9.025801383e-04 1.822206740e-04 3.289209979e-05 5.393799141e-06 
8.110481209e-07 1.126256762e-07 1.452999863e-08 1.750572203e-09 1.978571792e-10 
0.000000000e+00 0.000000000e+00 0.000000000e+00 0.000000000e+00 0.000000000e+00 
0.000000000e+00 0.000000000e+00 0.000000000e+00 0.000000000e+00 0.000000000e+00 
0.000000000e+00 0.000000000e+00 0.000000000e+00 0.000000000e+00 0.000000000e+00 
0.000000000e+00 0.000000000e+00 0.000000000e+00 0.000000000e+00 0.000000000e+00 
0.000000000e+00 0.000000000e+00 0.000000000e+00 0.000000000e+00 0.000000000e+00 
0.000000000e+00 0.000000000e+00 0.000000000e+00 0.000000000e+00 0.000000000e+00 
0.000000000e+00 0.000000000e+00 0.000000000e+00 0.000000000e+00 0.000000000e+00 
0.000000000e+00 0.000000000e+00 0.000000000e+00 0.000000000e+00 0.000000000e+00 
0.000000000e+00 0.000000000e+00 0.000000000e+00 0.000000000e+00 0.000000000e+00 
0.000000000e+00 0.000000000e+00 0.000000000e+00 0.000000000e+00 0.000000000e+00 
0.000000000e+00 0.000000000e+00 0.000000000e+00 0.000000000e+00 0.000000000e+00 
0.000000000e+00 0.000000000e+00 0.000000000e+00 0.000000000e+00 0.000000000e+00 
0.000000000e+00 0.000000000e+00 0.000000000e+00 0.000000000e+00 0.000000000e+00 
0.000000000e+00 0.000000000e+00 0.000000000e+00 0.000000000e+00 0.000000000e+00 
0.000000000e+00 0.000000000e+00 0.000000000e+00 0.000000000e+00 0.000000000e+00 
0.000000000e+00 0.000000000e+00 0.000000000e+00 0.000000000e+00 0.000000000e+00 
massfraction-H2O2
0.000000000e+00 0.000000000e+00 0.000000000e+00 0.000000000e+00 0.000000000e+00 
0.000000000e+00 0.000000000e+00 0.000000000e+00 0.000000000e+00 0.000000000e+00 
0.000000000e+00 0.000000000e+00 0.000000000e+00 0.000000000e+00 0.000000000e+00 
0.000000000e+00 0.000000000e+00 0.000000000e+00 0.000000000e+00 0.000000000e+00 
0.000000000e+00 0.000000000e+00 0.000000000e+00 0.000000000e+00 0.000000000e+00 
0.000000000e+00 0.000000000e+00 0.000000000e+00 0.000000000e+00 0.000000000e+00 
0.000000000e+00 0.000000000e+00 0.000000000e+00 0.000000000e+00 0.000000000e+00 
0.000000000e+00 0.000000000e+00 0.000000000e+00 0.000000000e+00 0.000000000e+00 
0.000000000e+00 0.000000000e+00 0.000000000e+00 0.000000000e+00 0.000000000e+00 
0.000000000e+00 0.000000000e+00 2.677383447e-10 2.100112906e-09 5.698147289e-09 
1.360562952e-08 3.858725120e-08 1.245367717e-07 3.695719983e-07 9.316403398e-07 
2.007941243e-06 3.670886928e-06 5.591094666e-06 7.143902468e-06 7.908815961e-06 
7.841990581e-06 7.112105374e-06 5.938083230e-06 4.512315588e-06 2.984074438e-06 
1.543298719e-06 8.269283233e-07 1.007889962e-06 8.316362380e-07 5.195167655e-07 
1.884480040e-07 4.538473822e-08 8.760668746e-09 1.471585728e-09 2.222039346e-10 
0.000000000e+00 0.000000000e+00 0.000000000e+00 0.000000000e+00 0.000000000e+00 
0.000000000e+00 0.000000000e+00 0.000000000e+00 0.000000000e+00 0.000000000e+00 
0.000000000e+00 0.000000000e+00 0.000000000e+00 0.000000000e+00 0.000000000e+00 
0.000000000e+00 0.000000000e+00 0.000000000e+00 0.000000000e+00 0.000000000e+00 
0.000000000e+00 0.000000000e+00 0.000000000e+00 0.000000000e+00 0.000000000e+00 
0.000000000e+00 0.000000000e+00 0.000000000e+00 0.000000000e+00 0.000000000e+00 
0.000000000e+00 0.000000000e+00 0.000000000e+00 0.000000000e+00 0.000000000e+00 
0.000000000e+00 0.000000000e+00 0.000000000e+00 0.000000000e+00 0.000000000e+00 
0.000000000e+00 0.000000000e+00 0.000000000e+00 0.000000000e+00 0.000000000e+00 
0.000000000e+00 0.000000000e+00 0.000000000e+00 0.000000000e+00 0.000000000e+00 
0.000000000e+00 0.000000000e+00 0.000000000e+00 0.000000000e+00 0.000000000e+00 
0.000000000e+00 0.000000000e+00 0.000000000e+00 0.000000000e+00 0.000000000e+00 
0.000000000e+00 0.000000000e+00 0.000000000e+00 0.000000000e+00 0.000000000e+00 
0.000000000e+00 0.000000000e+00 0.000000000e+00 0.000000000e+00 0.000000000e+00 
0.000000000e+00 0.000000000e+00 0.000000000e+00 0.000000000e+00 0.000000000e+00 
0.000000000e+00 0.000000000e+00 0.000000000e+00 0.000000000e+00 0.000000000e+00 
0.000000000e+00 0.000000000e+00 0.000000000e+00 0.000000000e+00 0.000000000e+00 
PREMIX_CDOT
0.000000000e+00 -5.498873015e-23 -4.402014665e-23 -3.509355476e-23 -2.796761674e-23 
-2.227962817e-23 -1.774014302e-23 -1.411867350e-23 -1.123139045e-23 -8.931470076e-24 
-7.101501604e-24 -5.647499240e-24 -4.494167199e-24 -3.581146391e-24 -2.860032404e-24 
-2.292001203e-24 -1.845914904e-24 -1.496807702e-24 -1.224673127e-24 -1.013487940e-24 
-8.504042781e-25 -7.249448271e-25 -6.273791148e-25 -5.415290097e-25 -4.908435423e-25 
-5.608497660e-25 -3.906499523e-24 -1.087812246e-22 -3.199311357e-21 -8.830121994e-20 
-2.265143161e-18 -5.373494760e-17 -1.172999027e-15 -2.343845969e-14 -4.262674526e-13 
-7.012601968e-12 -1.036582563e-10 -1.366673895e-09 -1.594155670e-08 -1.629959293e-07 
-1.444652822e-06 -1.094403208e-05 -6.943969637e-05 -3.533489233e-04 -1.336010350e-03 
-3.615846432e-03 -7.449050218e-03 -1.302036860e-02 -2.140307154e-02 -3.628665212e-02 
-6.352275701e-02 -7.624010479e-02 1.635707419e-02 2.499293011e-01 7.201001990e-01 
1.587748490e+00 2.648097701e+00 3.256313494e+00 3.221810387e+00 2.922860905e+00 
2.632878368e+00 2.396550781e+00 2.166725543e+00 1.849772572e+00 1.192526790e+00 
-1.279391963e-01 -4.817230266e-01 -1.134557379e-01 -9.425741868e-03 -3.339025187e-04 
-1.708499351e-05 -9.906960565e-07 -5.165923914e-08 -2.110433492e-09 -6.529858180e-11 
-1.368500128e-12 -1.715835001e-15 1.792407045e-15 1.285649453e-16 6.590320105e-18 
2.868126681e-19 1.110928248e-20 3.898871625e-22 1.250664158e-23 3.687016375e-25 
1.003394434e-26 2.557054209e-28 5.713629270e-30 1.254686758e-31 2.488320025e-33 
1.324667305e-35 -1.511198482e-36 3.974397436e-38 -8.521488274e-39 3.815228533e-40 
1.847015367e-41 -1.868480733e-42 3.551680084e-44 -1.567026075e-45 -1.869192862e-46 
-2.747609120e-48 -9.969617051e-49 -1.294377580e-50 -1.118626846e-51 3.788209267e-53 
-4.537469340e-54 -2.491871849e-55 2.263862169e-57 -8.785290797e-59 -1.063347671e-59 
-2.047863374e-61 -2.262191247e-62 -6.755045098e-65 2.936600666e-65 -1.371873660e-66 
1.664764766e-68 1.466188339e-69 1.650859221e-70 1.983079109e-71 5.856153304e-72 
-7.413777488e-73 2.064731221e-73 3.178034290e-74 -9.130520822e-75 -2.484735395e-75 
1.255129216e-75 1.670412524e-75 1.752810883e-75 1.563567441e-75 1.624756131e-75 
1.615888876e-75 1.618401417e-75 1.618079719e-75 1.618150433e-75 1.618171044e-75 
1.618162557e-75 1.618163088e-75 1.618163452e-75 1.618163456e-75 1.618163436e-75 
1.618163434e-75 1.618163435e-75 1.618163435e-75 1.618163435e-75 1.618163435e-75 
1.618163435e-75 1.618163435e-75 1.618163435e-75 1.618163435e-75 1.618163435e-75 
1.618163435e-75 1.618163435e-75 1.618163435e-75 1.618163435e-75 1.618163435e-75 
1.618163435e-75 1.618163435e-75 1.618163435e-75 1.618163435e-75 0.000000000e+00 

