HEADER
PREMIX_CHI 0.0000
C  0.929713
NUMOFSPECIES  13
GRIDPOINTS 160
PRESSURE 101325.00
BODY
MIXTURE_FRACTION
1.000000000e+00 9.999999990e-01 1.000000000e+00 9.999999990e-01 1.000000000e+00 
9.999999990e-01 1.000000000e+00 9.999999990e-01 1.000000000e+00 9.999999990e-01 
1.000000000e+00 9.999999990e-01 1.000000000e+00 9.999999990e-01 1.000000000e+00 
9.999999990e-01 1.000000000e+00 9.999999990e-01 1.000000000e+00 9.999999990e-01 
1.000000000e+00 9.999999990e-01 1.000000000e+00 9.999999990e-01 1.000000000e+00 
9.999999990e-01 1.000000000e+00 1.000000000e+00 1.000000000e+00 1.000000000e+00 
1.000000000e+00 1.000000000e+00 1.000000000e+00 9.999999998e-01 9.999999981e-01 
9.999999829e-01 9.999998592e-01 9.999989155e-01 9.999922428e-01 9.999488924e-01 
9.996934542e-01 9.983606292e-01 9.924842541e-01 9.721796285e-01 9.210243555e-01 
8.288706878e-01 7.061571068e-01 5.778000817e-01 4.645151229e-01 3.742992952e-01 
3.060228522e-01 2.549764307e-01 2.164439392e-01 1.867056671e-01 1.627823234e-01 
1.421862414e-01 1.230900113e-01 1.047503306e-01 8.736722719e-02 7.141493958e-02 
5.720961487e-02 4.485188238e-02 3.430506471e-02 2.546514527e-02 1.819195008e-02 
1.232220075e-02 7.694527695e-03 4.216056436e-03 1.857661344e-03 6.121676251e-04 
1.578339443e-04 3.580952844e-05 7.901668760e-06 1.850771177e-06 4.888064203e-07 
1.445065484e-07 4.521729656e-08 1.421729692e-08 4.363853602e-09 1.291828880e-09 
3.674178049e-10 1.003629894e-10 2.635390762e-11 6.661294961e-12 1.623078375e-12 
3.817699799e-13 8.680253603e-14 1.910235727e-14 4.073709966e-15 8.428252109e-16 
1.693550177e-16 3.308384397e-17 6.289451057e-18 1.164632982e-18 2.102453796e-19 
3.703297513e-20 6.369756906e-21 1.070684196e-21 1.760039034e-22 2.831461128e-23 
4.460865921e-24 6.886991403e-25 1.042587941e-25 1.548566139e-26 2.258045150e-27 
3.234182711e-28 4.552612887e-29 6.301569429e-30 8.581219646e-31 1.150205301e-31 
1.518221809e-32 1.974377208e-33 2.530789426e-34 3.198921158e-35 3.988948163e-36 
4.909096503e-37 5.964988588e-38 7.159041644e-39 8.489962413e-40 9.952378413e-41 
1.153663889e-41 1.322880837e-42 1.501086345e-43 1.686108961e-44 1.875466188e-45 
2.066438071e-46 2.256152453e-47 2.441677405e-48 2.620115943e-49 2.788698215e-50 
2.944866665e-51 3.086350332e-52 3.211225283e-53 3.317959147e-54 3.405438764e-55 
3.472980930e-56 3.520327110e-57 3.547623762e-58 3.555390427e-59 3.544478157e-60 
3.516020992e-61 3.471383198e-62 3.412104848e-63 3.339848035e-64 3.256345666e-65 
3.163354386e-66 3.062612783e-67 2.955805589e-68 2.844534263e-69 2.730293989e-70 
2.614456878e-71 2.498260910e-72 2.382803995e-73 2.269041647e-74 2.157779649e-75 
2.049581606e-76 1.943797193e-77 1.828775271e-78 1.583909616e-79 0.000000000e+00 
PROGRESS VARIABLE
-8.467204915e-22 -8.485040160e-22 -8.496292919e-22 -8.503262366e-22 -8.507441272e-22 
-8.509800186e-22 -8.510970735e-22 -8.511364117e-22 -8.511247698e-22 -8.510792897e-22 
-8.510091872e-22 -8.509057299e-22 -8.506515143e-22 -8.493311333e-22 -8.401282552e-22 
-7.731390391e-22 -2.886640613e-22 3.163246373e-21 2.733966249e-20 1.935498176e-19 
1.313710996e-18 8.704168222e-18 5.637117589e-17 3.564824517e-16 2.198094642e-15 
1.319495389e-14 7.698691194e-14 4.358544031e-13 2.390197025e-12 1.267525484e-11 
6.490022394e-11 3.205139780e-10 1.526857311e-09 7.033931673e-09 3.156466039e-08 
1.400941259e-07 6.306275518e-07 2.965468371e-06 1.480704458e-05 7.738303829e-05 
4.056892338e-04 2.017525766e-03 8.912332396e-03 3.240289237e-02 9.121485994e-02 
1.967903732e-01 3.369146724e-01 4.829458254e-01 6.113342660e-01 7.131599084e-01 
7.897764647e-01 8.463164071e-01 8.874013591e-01 9.154222150e-01 9.297129851e-01 
0.000000000e+00 0.000000000e+00 0.000000000e+00 0.000000000e+00 0.000000000e+00 
0.000000000e+00 0.000000000e+00 0.000000000e+00 0.000000000e+00 0.000000000e+00 
0.000000000e+00 0.000000000e+00 0.000000000e+00 0.000000000e+00 0.000000000e+00 
0.000000000e+00 0.000000000e+00 0.000000000e+00 0.000000000e+00 0.000000000e+00 
0.000000000e+00 0.000000000e+00 0.000000000e+00 0.000000000e+00 0.000000000e+00 
0.000000000e+00 0.000000000e+00 0.000000000e+00 0.000000000e+00 0.000000000e+00 
0.000000000e+00 0.000000000e+00 0.000000000e+00 0.000000000e+00 0.000000000e+00 
0.000000000e+00 0.000000000e+00 0.000000000e+00 0.000000000e+00 0.000000000e+00 
0.000000000e+00 0.000000000e+00 0.000000000e+00 0.000000000e+00 0.000000000e+00 
0.000000000e+00 0.000000000e+00 0.000000000e+00 0.000000000e+00 0.000000000e+00 
0.000000000e+00 0.000000000e+00 0.000000000e+00 0.000000000e+00 0.000000000e+00 
0.000000000e+00 0.000000000e+00 0.000000000e+00 0.000000000e+00 0.000000000e+00 
0.000000000e+00 0.000000000e+00 0.000000000e+00 0.000000000e+00 0.000000000e+00 
0.000000000e+00 0.000000000e+00 0.000000000e+00 0.000000000e+00 0.000000000e+00 
0.000000000e+00 0.000000000e+00 0.000000000e+00 0.000000000e+00 0.000000000e+00 
0.000000000e+00 0.000000000e+00 0.000000000e+00 0.000000000e+00 0.000000000e+00 
0.000000000e+00 0.000000000e+00 0.000000000e+00 0.000000000e+00 0.000000000e+00 
0.000000000e+00 0.000000000e+00 0.000000000e+00 0.000000000e+00 0.000000000e+00 
0.000000000e+00 0.000000000e+00 0.000000000e+00 0.000000000e+00 0.000000000e+00 
0.000000000e+00 0.000000000e+00 0.000000000e+00 0.000000000e+00 0.000000000e+00 
0.000000000e+00 0.000000000e+00 0.000000000e+00 0.000000000e+00 0.000000000e+00 
TEMPERATURE
3.000000000e+02 3.000000000e+02 3.000000000e+02 3.000000000e+02 3.000000000e+02 
3.000000000e+02 3.000000000e+02 3.000000000e+02 3.000000000e+02 3.000000000e+02 
3.000000000e+02 3.000000000e+02 3.000000000e+02 3.000000000e+02 3.000000000e+02 
3.000000000e+02 3.000000000e+02 3.000000000e+02 3.000000000e+02 3.000000000e+02 
3.000000000e+02 3.000000000e+02 3.000000000e+02 3.000000000e+02 3.000000000e+02 
3.000000000e+02 3.000000000e+02 3.000000000e+02 3.000000000e+02 3.000000000e+02 
3.000000003e+02 3.000000019e+02 3.000000118e+02 3.000000679e+02 3.000003724e+02 
3.000019390e+02 3.000095426e+02 3.000442030e+02 3.001917866e+02 3.007747292e+02 
3.028890555e+02 3.098074150e+02 3.295796352e+02 3.765696899e+02 4.656592737e+02 
6.012084933e+02 7.755539688e+02 9.771905022e+02 1.197249645e+03 1.430040118e+03 
1.670485458e+03 1.913213350e+03 2.150448432e+03 2.372892396e+03 2.569549470e+03 
2.729227929e+03 2.843993737e+03 2.911862408e+03 2.935100804e+03 2.915735939e+03 
2.852475286e+03 2.740500706e+03 2.573927775e+03 2.349542007e+03 2.069033800e+03 
1.738818442e+03 1.370194033e+03 9.831467104e+02 6.334011311e+02 4.178078429e+02 
3.306946353e+02 3.064577466e+02 3.011849876e+02 3.001960374e+02 3.000296498e+02 
3.000041339e+02 3.000005347e+02 3.000000645e+02 3.000000073e+02 3.000000008e+02 
3.000000001e+02 3.000000000e+02 3.000000000e+02 3.000000000e+02 3.000000000e+02 
3.000000000e+02 3.000000000e+02 3.000000000e+02 3.000000000e+02 3.000000000e+02 
3.000000000e+02 3.000000000e+02 3.000000000e+02 3.000000000e+02 3.000000000e+02 
3.000000000e+02 3.000000000e+02 3.000000000e+02 3.000000000e+02 3.000000000e+02 
3.000000000e+02 3.000000000e+02 3.000000000e+02 3.000000000e+02 3.000000000e+02 
3.000000000e+02 3.000000000e+02 3.000000000e+02 3.000000000e+02 3.000000000e+02 
3.000000000e+02 3.000000000e+02 3.000000000e+02 3.000000000e+02 3.000000000e+02 
3.000000000e+02 3.000000000e+02 3.000000000e+02 3.000000000e+02 3.000000000e+02 
3.000000000e+02 3.000000000e+02 3.000000000e+02 3.000000000e+02 3.000000000e+02 
3.000000000e+02 3.000000000e+02 3.000000000e+02 3.000000000e+02 3.000000000e+02 
3.000000000e+02 3.000000000e+02 3.000000000e+02 3.000000000e+02 3.000000000e+02 
3.000000000e+02 3.000000000e+02 3.000000000e+02 3.000000000e+02 3.000000000e+02 
3.000000000e+02 3.000000000e+02 3.000000000e+02 3.000000000e+02 3.000000000e+02 
3.000000000e+02 3.000000000e+02 3.000000000e+02 3.000000000e+02 3.000000000e+02 
3.000000000e+02 3.000000000e+02 3.000000000e+02 3.000000000e+02 3.000000000e+02 
3.000000000e+02 3.000000000e+02 3.000000000e+02 3.000000000e+02 3.000000000e+02 
Cp
1.432478610e+04 1.432478610e+04 1.432478610e+04 1.432478610e+04 1.432478610e+04 
1.432478610e+04 1.432478610e+04 1.432478610e+04 1.432478610e+04 1.432478610e+04 
1.432478610e+04 1.432478610e+04 1.432478610e+04 1.432478610e+04 1.432478610e+04 
1.432478610e+04 1.432478610e+04 1.432478610e+04 1.432478610e+04 1.432478610e+04 
1.432478610e+04 1.432478610e+04 1.432478610e+04 1.432478610e+04 1.432478610e+04 
1.432478610e+04 1.432478610e+04 1.432478610e+04 1.432478610e+04 1.432478610e+04 
1.432478611e+04 1.432478611e+04 1.432478613e+04 1.432478624e+04 1.432478681e+04 
1.432478947e+04 1.432480109e+04 1.432484666e+04 1.432499651e+04 1.432532760e+04 
1.432507497e+04 1.431694655e+04 1.426285784e+04 1.403591199e+04 1.339740639e+04 
1.217768331e+04 1.054627944e+04 8.947834313e+03 7.629984967e+03 6.556976753e+03 
5.730032218e+03 5.099323147e+03 4.609528230e+03 4.216373071e+03 3.883390389e+03 
3.579093824e+03 3.280977841e+03 2.983185227e+03 2.693895594e+03 2.423894779e+03 
2.179674474e+03 1.963029431e+03 1.772890596e+03 1.606940807e+03 1.462440368e+03 
1.336644077e+03 1.227550389e+03 1.135345020e+03 1.027700194e+03 9.545187174e+02 
9.263814670e+02 9.187162514e+02 9.170369707e+02 9.167116229e+02 9.166523478e+02 
9.166414528e+02 9.166392374e+02 9.166387065e+02 9.166385603e+02 9.166385176e+02 
9.166385050e+02 9.166385014e+02 9.166385004e+02 9.166385001e+02 9.166385001e+02 
9.166385000e+02 9.166385000e+02 9.166385000e+02 9.166385000e+02 9.166385000e+02 
9.166385000e+02 9.166385000e+02 9.166385000e+02 9.166385000e+02 9.166385000e+02 
9.166385000e+02 9.166385000e+02 9.166385000e+02 9.166385000e+02 9.166385000e+02 
9.166385000e+02 9.166385000e+02 9.166385000e+02 9.166385000e+02 9.166385000e+02 
9.166385000e+02 9.166385000e+02 9.166385000e+02 9.166385000e+02 9.166385000e+02 
9.166385000e+02 9.166385000e+02 9.166385000e+02 9.166385000e+02 9.166385000e+02 
9.166385000e+02 9.166385000e+02 9.166385000e+02 9.166385000e+02 9.166385000e+02 
9.166385000e+02 9.166385000e+02 9.166385000e+02 9.166385000e+02 9.166385000e+02 
9.166385000e+02 9.166385000e+02 9.166385000e+02 9.166385000e+02 9.166385000e+02 
9.166385000e+02 9.166385000e+02 9.166385000e+02 9.166385000e+02 9.166385000e+02 
9.166385000e+02 9.166385000e+02 9.166385000e+02 9.166385000e+02 9.166385000e+02 
9.166385000e+02 9.166385000e+02 9.166385000e+02 9.166385000e+02 9.166385000e+02 
9.166385000e+02 9.166385000e+02 9.166385000e+02 9.166385000e+02 9.166385000e+02 
9.166385000e+02 9.166385000e+02 9.166385000e+02 9.166385000e+02 9.166385000e+02 
9.166385000e+02 9.166385000e+02 9.166385000e+02 9.166385000e+02 9.166385000e+02 
MMW
2.015880000e+00 2.015880000e+00 2.015880000e+00 2.015880000e+00 2.015880000e+00 
2.015880000e+00 2.015880000e+00 2.015880000e+00 2.015880000e+00 2.015880000e+00 
2.015880000e+00 2.015880000e+00 2.015880000e+00 2.015880000e+00 2.015880000e+00 
2.015880000e+00 2.015880000e+00 2.015880000e+00 2.015880000e+00 2.015880000e+00 
2.015880000e+00 2.015880000e+00 2.015880000e+00 2.015880000e+00 2.015880000e+00 
2.015880000e+00 2.015880000e+00 2.015880000e+00 2.015880000e+00 2.015880000e+00 
2.015880000e+00 2.015879999e+00 2.015879997e+00 2.015879987e+00 2.015879945e+00 
2.015879791e+00 2.015879332e+00 2.015878670e+00 2.015883396e+00 2.015943041e+00 
2.016376076e+00 2.018843168e+00 2.030225640e+00 2.071271330e+00 2.183306846e+00 
2.420088527e+00 2.830390806e+00 3.443614855e+00 4.261911182e+00 5.260719099e+00 
6.396929674e+00 7.625620428e+00 8.904702900e+00 1.019331703e+01 1.146333238e+01 
1.271839359e+01 1.400129702e+01 1.536777464e+01 1.685226552e+01 1.846030522e+01 
2.017689774e+01 2.197193771e+01 2.380016588e+01 2.560093261e+01 2.730188526e+01 
2.882558858e+01 3.009423001e+01 3.102106035e+01 3.157696533e+01 3.185737725e+01 
3.196090954e+01 3.198953956e+01 3.199648345e+01 3.199816183e+01 3.199860467e+01 
3.199873651e+01 3.199877917e+01 3.199879332e+01 3.199879793e+01 3.199879939e+01 
3.199879983e+01 3.199879995e+01 3.199879999e+01 3.199880000e+01 3.199880000e+01 
3.199880000e+01 3.199880000e+01 3.199880000e+01 3.199880000e+01 3.199880000e+01 
3.199880000e+01 3.199880000e+01 3.199880000e+01 3.199880000e+01 3.199880000e+01 
3.199880000e+01 3.199880000e+01 3.199880000e+01 3.199880000e+01 3.199880000e+01 
3.199880000e+01 3.199880000e+01 3.199880000e+01 3.199880000e+01 3.199880000e+01 
3.199880000e+01 3.199880000e+01 3.199880000e+01 3.199880000e+01 3.199880000e+01 
3.199880000e+01 3.199880000e+01 3.199880000e+01 3.199880000e+01 3.199880000e+01 
3.199880000e+01 3.199880000e+01 3.199880000e+01 3.199880000e+01 3.199880000e+01 
3.199880000e+01 3.199880000e+01 3.199880000e+01 3.199880000e+01 3.199880000e+01 
3.199880000e+01 3.199880000e+01 3.199880000e+01 3.199880000e+01 3.199880000e+01 
3.199880000e+01 3.199880000e+01 3.199880000e+01 3.199880000e+01 3.199880000e+01 
3.199880000e+01 3.199880000e+01 3.199880000e+01 3.199880000e+01 3.199880000e+01 
3.199880000e+01 3.199880000e+01 3.199880000e+01 3.199880000e+01 3.199880000e+01 
3.199880000e+01 3.199880000e+01 3.199880000e+01 3.199880000e+01 3.199880000e+01 
3.199880000e+01 3.199880000e+01 3.199880000e+01 3.199880000e+01 3.199880000e+01 
3.199880000e+01 3.199880000e+01 3.199880000e+01 3.199880000e+01 3.199880000e+01 
rho
8.188905810e-02 8.188905810e-02 8.188905810e-02 8.188905810e-02 8.188905810e-02 
8.188905810e-02 8.188905810e-02 8.188905810e-02 8.188905810e-02 8.188905810e-02 
8.188905810e-02 8.188905810e-02 8.188905810e-02 8.188905810e-02 8.188905810e-02 
8.188905810e-02 8.188905810e-02 8.188905810e-02 8.188905810e-02 8.188905810e-02 
8.188905810e-02 8.188905810e-02 8.188905810e-02 8.188905810e-02 8.188905810e-02 
8.188905810e-02 8.188905810e-02 8.188905810e-02 8.188905810e-02 8.188905809e-02 
8.188905801e-02 8.188905754e-02 8.188905477e-02 8.188903904e-02 8.188895420e-02 
8.188852033e-02 8.188642626e-02 8.187694004e-02 8.183687866e-02 8.168068422e-02 
8.112793270e-02 7.941329735e-02 7.506999620e-02 6.703075137e-02 5.713851834e-02 
4.905560090e-02 4.447508990e-02 4.294551249e-02 4.338125704e-02 4.483109493e-02 
4.666715561e-02 4.857292264e-02 5.046297563e-02 5.235039245e-02 5.436712354e-02 
5.679039747e-02 5.999597113e-02 6.431652739e-02 6.997094289e-02 7.715661067e-02 
8.620152657e-02 9.770592378e-02 1.126849930e-01 1.327868372e-01 1.608079466e-01 
2.020255977e-01 2.676600891e-01 3.845216194e-01 6.075387875e-01 9.292143000e-01 
1.177807823e+00 1.272095861e+00 1.294647043e+00 1.298980195e+00 1.299718558e+00 
1.299834457e+00 1.299851785e+00 1.299854397e+00 1.299854832e+00 1.299854920e+00 
1.299854940e+00 1.299854946e+00 1.299854947e+00 1.299854948e+00 1.299854948e+00 
1.299854948e+00 1.299854948e+00 1.299854948e+00 1.299854948e+00 1.299854948e+00 
1.299854948e+00 1.299854948e+00 1.299854948e+00 1.299854948e+00 1.299854948e+00 
1.299854948e+00 1.299854948e+00 1.299854948e+00 1.299854948e+00 1.299854948e+00 
1.299854948e+00 1.299854948e+00 1.299854948e+00 1.299854948e+00 1.299854948e+00 
1.299854948e+00 1.299854948e+00 1.299854948e+00 1.299854948e+00 1.299854948e+00 
1.299854948e+00 1.299854948e+00 1.299854948e+00 1.299854948e+00 1.299854948e+00 
1.299854948e+00 1.299854948e+00 1.299854948e+00 1.299854948e+00 1.299854948e+00 
1.299854948e+00 1.299854948e+00 1.299854948e+00 1.299854948e+00 1.299854948e+00 
1.299854948e+00 1.299854948e+00 1.299854948e+00 1.299854948e+00 1.299854948e+00 
1.299854948e+00 1.299854948e+00 1.299854948e+00 1.299854948e+00 1.299854948e+00 
1.299854948e+00 1.299854948e+00 1.299854948e+00 1.299854948e+00 1.299854948e+00 
1.299854948e+00 1.299854948e+00 1.299854948e+00 1.299854948e+00 1.299854948e+00 
1.299854948e+00 1.299854948e+00 1.299854948e+00 1.299854948e+00 1.299854948e+00 
1.299854948e+00 1.299854948e+00 1.299854948e+00 1.299854948e+00 1.299854948e+00 
1.299854948e+00 1.299854948e+00 1.299854948e+00 1.299854948e+00 1.299854948e+00 
mu
9.000028555e-06 9.000028555e-06 9.000028555e-06 9.000028555e-06 9.000028555e-06 
9.000028555e-06 9.000028555e-06 9.000028555e-06 9.000028555e-06 9.000028555e-06 
9.000028555e-06 9.000028555e-06 9.000028555e-06 9.000028555e-06 9.000028555e-06 
9.000028555e-06 9.000028555e-06 9.000028555e-06 9.000028555e-06 9.000028555e-06 
9.000028555e-06 9.000028555e-06 9.000028555e-06 9.000028555e-06 9.000028555e-06 
9.000028555e-06 9.000028555e-06 9.000028555e-06 9.000028555e-06 9.000028556e-06 
9.000028561e-06 9.000028594e-06 9.000028789e-06 9.000029905e-06 9.000035957e-06 
9.000067069e-06 9.000218051e-06 9.000906523e-06 9.003840942e-06 9.015451723e-06 
9.057656925e-06 9.195940277e-06 9.590103443e-06 1.051969896e-05 1.228416860e-05 
1.508525678e-05 1.907353019e-05 2.436015684e-05 3.091930127e-05 3.853624781e-05 
4.684974068e-05 5.547438844e-05 6.402310876e-05 7.214157996e-05 7.951081252e-05 
8.584738328e-05 9.090750386e-05 9.451536967e-05 9.660106957e-05 9.717160668e-05 
9.623495211e-05 9.376042552e-05 8.970400373e-05 8.406335633e-05 7.689397307e-05 
6.826718761e-05 5.823083629e-05 4.683693202e-05 3.504505109e-05 2.634149760e-05 
2.223015526e-05 2.099256699e-05 2.071685859e-05 2.066489314e-05 2.065614720e-05 
2.065480747e-05 2.065461903e-05 2.065459460e-05 2.065459168e-05 2.065459137e-05 
2.065459134e-05 2.065459134e-05 2.065459134e-05 2.065459134e-05 2.065459134e-05 
2.065459134e-05 2.065459134e-05 2.065459134e-05 2.065459134e-05 2.065459134e-05 
2.065459134e-05 2.065459134e-05 2.065459134e-05 2.065459134e-05 2.065459134e-05 
2.065459134e-05 2.065459134e-05 2.065459134e-05 2.065459134e-05 2.065459134e-05 
2.065459134e-05 2.065459134e-05 2.065459134e-05 2.065459134e-05 2.065459134e-05 
2.065459134e-05 2.065459134e-05 2.065459134e-05 2.065459134e-05 2.065459134e-05 
2.065459134e-05 2.065459134e-05 2.065459134e-05 2.065459134e-05 2.065459134e-05 
2.065459134e-05 2.065459134e-05 2.065459134e-05 2.065459134e-05 2.065459134e-05 
2.065459134e-05 2.065459134e-05 2.065459134e-05 2.065459134e-05 2.065459134e-05 
2.065459134e-05 2.065459134e-05 2.065459134e-05 2.065459134e-05 2.065459134e-05 
2.065459134e-05 2.065459134e-05 2.065459134e-05 2.065459134e-05 2.065459134e-05 
2.065459134e-05 2.065459134e-05 2.065459134e-05 2.065459134e-05 2.065459134e-05 
2.065459134e-05 2.065459134e-05 2.065459134e-05 2.065459134e-05 2.065459134e-05 
2.065459134e-05 2.065459134e-05 2.065459134e-05 2.065459134e-05 2.065459134e-05 
2.065459134e-05 2.065459134e-05 2.065459134e-05 2.065459134e-05 2.065459134e-05 
2.065459134e-05 2.065459134e-05 2.065459134e-05 2.065459134e-05 2.065459134e-05 
TC
1.868277014e-01 1.868277014e-01 1.868277014e-01 1.868277014e-01 1.868277014e-01 
1.868277014e-01 1.868277014e-01 1.868277014e-01 1.868277014e-01 1.868277014e-01 
1.868277014e-01 1.868277014e-01 1.868277014e-01 1.868277014e-01 1.868277014e-01 
1.868277014e-01 1.868277014e-01 1.868277014e-01 1.868277014e-01 1.868277014e-01 
1.868277014e-01 1.868277014e-01 1.868277014e-01 1.868277014e-01 1.868277014e-01 
1.868277014e-01 1.868277014e-01 1.868277014e-01 1.868277014e-01 1.868277014e-01 
1.868277016e-01 1.868277024e-01 1.868277072e-01 1.868277343e-01 1.868278803e-01 
1.868286263e-01 1.868322270e-01 1.868485492e-01 1.869176155e-01 1.871881116e-01 
1.881554427e-01 1.912339003e-01 1.995332533e-01 2.172011989e-01 2.458402122e-01 
2.832166231e-01 3.259706887e-01 3.705639600e-01 4.138048526e-01 4.533828485e-01 
4.875664372e-01 5.148938703e-01 5.337342630e-01 5.427241498e-01 5.404784611e-01 
5.256870668e-01 4.982872847e-01 4.608687282e-01 4.177535325e-01 3.726847961e-01 
3.278835085e-01 2.844068194e-01 2.427824281e-01 2.034493630e-01 1.668612781e-01 
1.333401958e-01 1.028977250e-01 7.513451855e-02 5.095409828e-02 3.532015363e-02 
2.881572868e-02 2.701339796e-02 2.662146222e-02 2.654698055e-02 2.653397523e-02 
2.653178773e-02 2.653140599e-02 2.653133000e-02 2.653131192e-02 2.653130703e-02 
2.653130564e-02 2.653130525e-02 2.653130514e-02 2.653130511e-02 2.653130511e-02 
2.653130511e-02 2.653130511e-02 2.653130511e-02 2.653130511e-02 2.653130511e-02 
2.653130511e-02 2.653130511e-02 2.653130511e-02 2.653130511e-02 2.653130511e-02 
2.653130511e-02 2.653130511e-02 2.653130511e-02 2.653130511e-02 2.653130511e-02 
2.653130511e-02 2.653130511e-02 2.653130511e-02 2.653130511e-02 2.653130511e-02 
2.653130511e-02 2.653130511e-02 2.653130511e-02 2.653130511e-02 2.653130511e-02 
2.653130511e-02 2.653130511e-02 2.653130511e-02 2.653130511e-02 2.653130511e-02 
2.653130511e-02 2.653130511e-02 2.653130511e-02 2.653130511e-02 2.653130511e-02 
2.653130511e-02 2.653130511e-02 2.653130511e-02 2.653130511e-02 2.653130511e-02 
2.653130511e-02 2.653130511e-02 2.653130511e-02 2.653130511e-02 2.653130511e-02 
2.653130511e-02 2.653130511e-02 2.653130511e-02 2.653130511e-02 2.653130511e-02 
2.653130511e-02 2.653130511e-02 2.653130511e-02 2.653130511e-02 2.653130511e-02 
2.653130511e-02 2.653130511e-02 2.653130511e-02 2.653130511e-02 2.653130511e-02 
2.653130511e-02 2.653130511e-02 2.653130511e-02 2.653130511e-02 2.653130511e-02 
2.653130511e-02 2.653130511e-02 2.653130511e-02 2.653130511e-02 2.653130511e-02 
2.653130511e-02 2.653130511e-02 2.653130511e-02 2.653130511e-02 2.653130511e-02 
net_rxn-H2
6.300180688e-20 4.014042497e-20 2.526551919e-20 1.558627818e-20 9.289661748e-21 
5.196369192e-21 2.538358055e-21 8.150368448e-22 -3.000016741e-22 -1.019597162e-21 
-1.482488186e-21 -1.779044939e-21 -1.968065508e-21 -2.087747093e-21 -2.162854962e-21 
-2.209406824e-21 -2.237732516e-21 -2.254470903e-21 -2.263871582e-21 -2.268642006e-21 
-2.270497647e-21 -2.270518585e-21 -2.269377362e-21 -2.267247842e-21 -2.253218355e-21 
-1.806129408e-21 1.355376846e-20 5.072242585e-19 1.533529530e-17 4.308645602e-16 
1.125747752e-14 2.724244717e-13 6.077766805e-12 1.243779705e-10 2.322040740e-09 
3.931368077e-08 5.997113533e-07 8.183044788e-06 9.902349921e-05 1.050357751e-03 
9.571596274e-03 7.190398335e-02 4.103473133e-01 1.579654042e+00 3.775498277e+00 
5.827955245e+00 6.643034587e+00 6.299611355e+00 5.005221296e+00 2.350316711e+00 
-2.835111936e+00 -1.244409665e+01 -2.893800354e+01 -5.466897847e+01 -8.791805017e+01 
-1.165029311e+02 -1.221227071e+02 -1.030018278e+02 -7.602831292e+01 -5.382299735e+01 
-3.845261181e+01 -2.786666863e+01 -2.004148250e+01 -1.400968717e+01 -9.580728019e+00 
-6.429688904e+00 -2.935186981e+00 -3.576687632e-01 -1.736219034e-02 -6.717736840e-04 
-2.530955259e-05 -1.862112303e-06 -1.723818051e-07 -1.516165011e-08 -1.182251734e-09 
-8.114068633e-11 -4.926966597e-12 -2.664883876e-13 -1.292232495e-14 -5.651020754e-16 
-2.240603840e-17 -8.094289964e-19 -2.676163616e-20 -8.131198401e-22 -2.279050248e-23 
-5.913406012e-25 -1.425030323e-26 -3.199146404e-28 -6.709677864e-30 -1.318203445e-31 
-2.431988383e-33 -4.223378391e-35 -6.918964406e-37 -1.071556742e-38 -1.571970576e-40 
-2.188501876e-42 -2.896679154e-44 -3.651282240e-46 -4.390246767e-48 -5.043302841e-50 
-5.545029115e-52 -5.870157008e-54 -6.396518290e-56 -1.312959196e-57 -1.133105891e-58 
-1.551173085e-59 -2.177164988e-60 -3.013014306e-61 -4.102955006e-62 -5.499495097e-63 
-7.259098069e-64 -9.440121110e-65 -1.210050369e-65 -1.529505255e-66 -1.907242122e-67 
-2.347194109e-68 -2.852049470e-69 -3.422963954e-70 -4.059319216e-71 -4.758546501e-72 
-5.516031477e-73 -6.325111163e-74 -7.177167988e-75 -8.061819560e-76 -8.967196281e-77 
-9.880293175e-78 -1.078737757e-78 -1.167443097e-79 -1.252760198e-80 -1.333364708e-81 
-1.408033777e-82 -1.475681587e-83 -1.535388246e-84 -1.586421078e-85 -1.628247846e-86 
-1.660541889e-87 -1.683179594e-88 -1.696230985e-89 -1.699944473e-90 -1.694726972e-91 
-1.681120703e-92 -1.659777963e-93 -1.631435111e-94 -1.596886847e-95 -1.556961726e-96 
-1.512499658e-97 -1.464331915e-98 -1.413264022e-99 -1.360061686e-100 -1.305439803e-101 
-1.250054421e-102 -1.194497466e-103 -1.139293939e-104 -1.084901281e-105 -1.031710544e-106 
-9.800490321e-108 -9.301840686e-109 -8.823275118e-110 -8.366400837e-111 -7.932286275e-112 
net_rxn-H
-3.150090344e-20 -2.007021249e-20 -1.263275960e-20 -7.793139091e-21 -4.644830874e-21 
-2.598184596e-21 -1.269179028e-21 -4.075184224e-22 1.500008371e-22 5.097985811e-22 
7.412440929e-22 8.895224696e-22 9.840327538e-22 1.043873546e-21 1.081427481e-21 
1.104703412e-21 1.118866258e-21 1.127235452e-21 1.131935791e-21 1.134321003e-21 
1.135248821e-21 1.135259191e-21 1.134684406e-21 1.133452959e-21 1.120109344e-21 
6.688595440e-22 -1.474857405e-20 -5.090326724e-19 -1.534338101e-17 -4.309360184e-16 
-1.125819303e-14 -2.724319617e-13 -6.077850416e-12 -1.243789869e-10 -2.322054173e-09 
-3.931386959e-08 -5.997141014e-07 -8.183085334e-06 -9.902409682e-05 -1.050366443e-03 
-9.571719001e-03 -7.190559317e-02 -4.103649064e-01 -1.579790880e+00 -3.776180501e+00 
-5.830572158e+00 -6.658301992e+00 -6.404173485e+00 -5.504233721e+00 -4.013384771e+00 
-1.541269925e+00 2.623952478e+00 9.266887678e+00 1.875120752e+01 2.933546374e+01 
3.548524173e+01 3.131963072e+01 1.894736612e+01 6.053302360e+00 -3.259116548e+00 
-8.787219690e+00 -1.115556468e+01 -1.100163513e+01 -9.257455267e+00 -6.967351103e+00 
-4.872244513e+00 -3.253696954e+00 -2.361370232e+00 -6.738536149e-01 -2.433881719e-02 
-2.336636257e-04 -4.351671591e-06 -2.221764650e-07 -1.267477680e-08 -6.417449769e-10 
-2.800497384e-11 -1.062820702e-12 -3.575351890e-14 -1.094473539e-15 -3.155880317e-17 
-8.917986113e-19 -2.549215637e-20 -7.429501167e-22 -2.170687990e-23 -6.195393387e-25 
-1.687905744e-26 -4.354697095e-28 -1.017730292e-29 -2.627203231e-31 -4.139736383e-33 
-1.299398963e-34 7.575140814e-37 -3.337536098e-37 2.182356025e-38 -5.868792489e-40 
9.456788643e-41 -3.828805407e-42 2.039727855e-43 -5.462298799e-46 1.169053615e-46 
3.316062010e-47 -9.213508698e-51 7.276604837e-50 -1.350744494e-51 -1.850428143e-53 
3.548759078e-55 2.634210251e-55 3.825480184e-58 -8.262685635e-58 -3.079719356e-59 
-1.366773814e-60 -6.062436574e-63 -3.269469083e-64 3.549113540e-65 9.726694676e-67 
5.415549401e-68 -1.146197226e-69 1.796246350e-70 4.558848564e-72 1.236601329e-73 
-9.436676098e-75 1.880093224e-76 -1.774357259e-77 -1.576351515e-78 -1.693260289e-79 
-2.009805973e-80 -2.181529006e-81 -2.383811335e-82 -2.584865735e-83 -2.778531113e-84 
-2.958292332e-85 -3.271035965e-86 -3.351255911e-87 -1.617907442e-87 -1.568512293e-88 
6.102586796e-88 -1.454916409e-88 8.454470858e-88 9.598591573e-89 6.948372131e-89 
-1.583515821e-88 -1.634379539e-88 1.175518588e-88 7.743415456e-88 9.089976318e-89 
-2.300369834e-88 1.124642748e-88 -2.022091963e-88 -3.056647337e-89 2.241289408e-88 
1.657221590e-88 3.559817629e-89 2.112858575e-89 4.771054173e-89 -1.316789303e-88 
4.009197169e-89 1.585712376e-89 -6.168142835e-92 -1.786475168e-93 -2.529526260e-94 
net_rxn-O
-9.209098073e-21 -9.200757290e-21 -9.192409591e-21 -9.184045988e-21 -9.175656870e-21 
-9.167232740e-21 -9.158763896e-21 -9.150240378e-21 -9.141651899e-21 -9.132987782e-21 
-9.124236890e-21 -9.115387539e-21 -9.106427414e-21 -9.097343467e-21 -9.088121807e-21 
-9.078747569e-21 -9.069204770e-21 -9.059476137e-21 -9.049542917e-21 -9.039384654e-21 
-9.028979067e-21 -9.018303541e-21 -9.007355979e-21 -8.996399673e-21 -8.988687890e-21 
-9.019902104e-21 -9.465773363e-21 -1.414582091e-20 -6.048661151e-20 -5.011496822e-19 
-4.523244024e-18 -3.967417035e-17 -3.330688028e-16 -2.668507278e-15 -2.046672397e-14 
-1.535013189e-13 -1.212229357e-12 -1.170773096e-11 -1.500129657e-10 -2.221282598e-09 
-3.175694632e-08 -3.950400148e-07 -3.994288200e-06 -3.051988373e-05 -1.767698444e-04 
-1.061521306e-03 -7.968913415e-03 -6.045479910e-02 -3.571839938e-01 -1.515608922e+00 
-5.051791372e+00 -1.407545318e+01 -3.350579041e+01 -6.755629594e+01 -1.090173093e+02 
-1.265606241e+02 -8.704886581e+01 -5.924869043e+00 7.173721241e+01 1.229445717e+02 
1.460354646e+02 1.449744704e+02 1.258856925e+02 9.645327932e+01 6.343081167e+01 
2.789473929e+01 -3.064543965e+01 -5.633875609e+01 -9.593291646e+00 -6.714127485e-01 
-4.955706076e-02 -3.318597352e-03 -1.838921155e-04 -8.600309671e-06 -3.463651224e-07 
-1.215649835e-08 -3.749178269e-10 -1.023050043e-11 -2.485395244e-13 -5.407582924e-15 
-1.059891074e-16 -1.882900985e-18 -3.053223990e-20 -4.561173609e-22 -6.365657198e-24 
-8.489793615e-26 -1.120945923e-27 -1.532846187e-29 -2.250257621e-31 -3.553984790e-33 
-5.856768678e-35 -9.692716377e-37 -1.566545857e-38 -2.434730215e-40 -3.613433261e-42 
-5.108877746e-44 -6.877061149e-46 -8.833425312e-48 -1.080739665e-49 -1.268621898e-51 
-1.523563677e-53 -1.516554488e-55 -3.919087754e-57 2.823827696e-59 4.515937752e-61 
-1.283283821e-62 -8.536345647e-63 -1.247629498e-65 2.673836336e-65 9.966976409e-67 
4.424130198e-68 1.977127142e-70 1.077760098e-71 -1.122148001e-72 -2.677201627e-74 
2.454428508e-76 1.701402064e-75 1.617889133e-75 1.618672718e-75 1.618236428e-75 
1.618172665e-75 1.618164452e-75 1.618163551e-75 1.618163448e-75 1.618163436e-75 
1.618163435e-75 1.618163435e-75 1.618163435e-75 1.618163435e-75 1.618163435e-75 
1.618163435e-75 1.618163435e-75 1.618163435e-75 1.618163435e-75 1.618163435e-75 
1.618163435e-75 1.618163435e-75 1.618163435e-75 1.618163435e-75 1.618163435e-75 
1.618163435e-75 1.618163435e-75 1.618163435e-75 1.618163435e-75 1.618163435e-75 
1.618163435e-75 1.618163435e-75 1.618163435e-75 1.618163435e-75 1.618163435e-75 
1.618163435e-75 1.618163435e-75 1.618163435e-75 1.618163435e-75 1.618163435e-75 
1.618163435e-75 1.618163435e-75 1.618163435e-75 1.618163435e-75 1.618163435e-75 
net_rxn-O2
1.651017508e-35 1.670919224e-35 1.683798827e-35 1.692113387e-35 1.697457831e-35 
1.700868757e-35 1.703020682e-35 1.704352816e-35 1.705151134e-35 1.705601047e-35 
1.705816325e-35 1.705821714e-35 1.705253279e-35 1.701021301e-35 1.669963631e-35 
1.442405705e-35 -2.048383588e-36 -1.194949720e-34 -9.420774040e-34 -6.597250446e-33 
-4.470986500e-32 -2.961641083e-31 -1.917990127e-30 -1.212894775e-29 -7.478861480e-29 
-4.490936563e-28 -2.632960317e-27 -1.587955486e-26 -1.560244788e-25 -5.357628902e-24 
-3.026692347e-22 -1.688013740e-20 -8.672450276e-19 -4.057790617e-17 -1.717130864e-15 
-6.524936804e-14 -2.208919308e-12 -6.603082517e-11 -1.724749767e-09 -3.883182692e-08 
-7.377248880e-07 -1.137449923e-05 -1.325541201e-04 -1.051049585e-03 -5.150406740e-03 
-1.548196190e-02 -3.233141640e-02 -6.773321159e-02 -2.214420201e-01 -8.843118816e-01 
-3.398918163e+00 -1.206234581e+01 -3.850528522e+01 -1.077371152e+02 -2.529695182e+02 
-4.719472732e+02 -6.780437814e+02 -7.767360635e+02 -7.751806886e+02 -7.278135431e+02 
-6.592748117e+02 -5.664726223e+02 -4.469713474e+02 -3.135509788e+02 -1.870698102e+02 
-8.038132472e+01 2.088510111e+01 4.800053759e+01 6.026021975e+00 9.780816006e-01 
9.340343738e-02 5.265126573e-03 2.252588179e-04 7.609971207e-06 2.027183281e-07 
3.860058292e-09 1.824796217e-11 -2.912241888e-12 -1.991167113e-13 -9.369985452e-15 
-3.760025164e-16 -1.356244326e-17 -4.473490923e-19 -1.358577693e-20 -3.813357229e-22 
-9.921610304e-24 -2.400184816e-25 -5.401168009e-27 -1.148453103e-28 -2.223852943e-30 
-4.272898864e-32 -6.463435622e-34 -2.157831025e-35 5.227345835e-37 -2.112674393e-38 
2.967482358e-39 -1.220118556e-40 6.469673330e-42 -1.741070116e-44 3.710562497e-45 
1.052732479e-45 -2.925924837e-49 2.310083066e-48 -4.288175464e-50 -5.874539566e-52 
1.126565828e-53 8.362687301e-54 1.213508374e-56 -2.623262834e-56 -9.778848091e-58 
-4.341364581e-59 -1.954594727e-61 -1.076364697e-62 1.078170735e-63 2.482420564e-65 
9.741024977e-67 -1.269312638e-67 -5.164298230e-69 -1.143974229e-69 -1.471441087e-70 
-1.781279851e-71 -2.003665506e-72 -2.300330850e-73 -2.726184910e-74 -4.470330660e-75 
-1.932468492e-75 -1.652479088e-75 -1.621877253e-75 -1.618561966e-75 -1.618205853e-75 
-1.618167914e-75 -1.618163904e-75 -1.618163484e-75 -1.618163440e-75 -1.618163435e-75 
-1.618163435e-75 -1.618163435e-75 -1.618163435e-75 -1.618163435e-75 -1.618163435e-75 
-1.618163435e-75 -1.618163435e-75 -1.618163435e-75 -1.618163435e-75 -1.618163435e-75 
-1.618163435e-75 -1.618163435e-75 -1.618163435e-75 -1.618163435e-75 -1.618163435e-75 
-1.618163435e-75 -1.618163435e-75 -1.618163435e-75 -1.618163435e-75 -1.618163435e-75 
-1.618163435e-75 -1.618163435e-75 -1.618163435e-75 -1.618163435e-75 -1.618163435e-75 
net_rxn-OH
5.511047736e-19 3.582128150e-19 2.327002069e-19 1.510217404e-19 9.788134996e-20 
6.332962963e-20 4.088682822e-20 2.632959293e-20 1.690410762e-20 1.081468890e-20 
6.890819819e-21 4.370050881e-21 2.756295113e-21 1.727267104e-21 1.074000616e-21 
6.613277190e-22 4.020648814e-22 2.401653736e-22 1.397368276e-22 7.789383043e-23 
4.011609789e-23 1.724162704e-23 3.524860244e-24 -4.614693718e-24 -9.436913292e-24 
-1.328298722e-23 -3.618212798e-23 -4.400429295e-22 -7.838573242e-21 -1.402866246e-19 
-2.455957252e-18 -4.199764829e-17 -7.008465008e-16 -1.138963111e-14 -1.795006180e-13 
-2.721357589e-12 -3.910420091e-11 -5.190407049e-10 -6.100327720e-09 -5.940422041e-08 
-4.347515849e-07 -2.132903844e-06 -6.482480997e-06 -9.822134841e-06 -1.900068535e-04 
-8.995074715e-03 -1.719381107e-01 -1.491702812e+00 -7.189220036e+00 -2.295674605e+01 
-5.587210588e+01 -1.101186768e+02 -1.787930595e+02 -2.332903106e+02 -2.186716490e+02 
-9.420359495e+01 9.488146807e+01 2.458693194e+02 3.146048354e+02 3.221859245e+02 
2.932932063e+02 2.371466686e+02 1.588230664e+02 6.933418684e+01 -1.589013479e+01 
-7.828291223e+01 -8.160758266e+01 -3.061225861e+01 -6.645326828e+00 -7.408307571e-01 
-5.902049852e-02 -3.987109346e-03 -2.222821820e-04 -1.050281323e-05 -4.298059999e-07 
-1.547966949e-08 -4.991964161e-10 -1.475496459e-11 -4.128319385e-13 -1.136285769e-14 
-3.175659036e-16 -9.084875106e-18 -2.614585011e-19 -7.365812178e-21 -1.985789722e-22 
-5.053831991e-24 -1.206451854e-25 -2.696102182e-27 -5.642101540e-29 -1.107249905e-30 
-2.041638607e-32 -3.544372504e-34 -5.805403549e-36 -8.989617350e-38 -1.318606390e-39 
-1.835551658e-41 -2.429237353e-43 -3.061726437e-45 -3.680930661e-47 -4.227914292e-49 
-4.647398910e-51 -4.892348135e-53 -4.967749437e-55 -4.750985913e-57 -4.415566635e-59 
-4.149888704e-61 -1.255383154e-62 -4.238555275e-65 2.818729156e-65 1.057645176e-66 
4.701447739e-68 2.100641039e-70 1.145412504e-71 -1.194566938e-72 -3.017875858e-74 
-1.459200547e-75 8.848252959e-77 -2.915835674e-79 5.413668712e-79 7.759142447e-80 
9.811985116e-81 1.081428383e-81 1.240550052e-82 1.392025733e-83 1.548149344e-84 
1.706287533e-85 1.862893413e-86 2.016159160e-87 2.163593037e-88 2.302896012e-89 
2.431942419e-90 2.549369971e-91 2.652339170e-92 2.784240506e-93 2.854481846e-94 
7.568259463e-96 7.899811778e-96 -2.879101002e-95 -3.272606209e-96 -2.387273839e-96 
5.447466647e-96 5.622173481e-96 -4.043694339e-96 -2.663677713e-95 -3.126884707e-96 
7.913102377e-96 -3.868688010e-96 6.955847044e-96 1.051464114e-96 -7.709870070e-96 
-5.700719904e-96 -1.224550979e-96 -7.268077488e-97 -1.641207407e-96 4.529657971e-96 
-1.379134223e-96 -5.454733486e-97 2.121795590e-99 6.145342668e-101 8.701383559e-102 
net_rxn-HO2
1.930087473e-35 1.927138547e-35 1.925280817e-35 1.924133232e-35 1.923448332e-35 
1.923065196e-35 1.922879093e-35 1.922821852e-35 1.922849216e-35 1.922933274e-35 
1.923053300e-35 1.923263770e-35 1.923987199e-35 1.928438714e-35 1.960528245e-35 
2.195286741e-35 3.895690590e-35 1.608182129e-34 1.014320120e-33 6.882061142e-33 
4.642726149e-32 3.073332230e-31 1.990120584e-30 1.258486792e-29 7.759778397e-29 
4.657986382e-28 2.717684368e-27 1.539375814e-26 8.505572633e-26 4.903227450e-25 
4.655453622e-24 1.286410635e-22 5.282296005e-21 2.074035894e-19 7.191876403e-18 
2.141677787e-16 5.306942452e-15 1.043521253e-13 1.502347368e-12 1.234295283e-11 
-9.287605424e-11 -5.210138758e-09 -4.559742883e-08 2.056727999e-07 2.718210862e-06 
6.975666137e-06 6.122114209e-06 -1.510223092e-05 -1.242229100e-04 -5.132473762e-04 
-1.597104776e-03 -4.700066024e-03 -1.577371153e-02 -5.326687161e-02 -1.429159804e-01 
-2.606103013e-01 -2.894157473e-01 -1.423813136e-01 1.240564729e-01 3.800837077e-01 
4.863368137e-01 3.380369203e-01 8.208347348e-03 -2.358204660e-01 -3.036249260e-01 
-5.396216589e-01 -1.272130570e+00 1.543529416e+00 1.553865408e+00 -2.396644423e-01 
-2.767811346e-02 -3.671060225e-04 7.105143900e-05 7.296383475e-06 4.326772469e-07 
1.940805978e-08 7.223335593e-10 2.361538042e-11 7.126122284e-13 2.079188923e-14 
6.068574203e-16 1.788065298e-17 5.241714834e-19 1.493598092e-20 4.057673143e-22 
1.038796619e-23 2.493380256e-25 5.589938587e-27 1.186463988e-28 2.295587952e-30 
4.408938854e-32 6.668193551e-34 2.225889251e-35 -5.391940861e-37 2.179226385e-38 
-3.060955718e-39 1.258551458e-40 -6.673463528e-42 1.795912618e-44 -3.827442633e-45 
-1.085892820e-45 3.018089433e-49 -2.382849075e-48 4.423250007e-50 6.059583474e-52 
-1.162051868e-53 -8.626106132e-54 -1.251733043e-56 2.705893787e-56 1.008687500e-57 
4.478114544e-59 2.016163101e-61 1.110269436e-62 -1.112132363e-63 -2.560615084e-65 
-1.004786049e-66 1.309295087e-67 5.326968373e-69 1.180006954e-69 1.517773768e-70 
1.837222015e-71 2.065110442e-72 2.356098329e-73 2.645144395e-74 2.942008511e-75 
3.242054478e-76 3.539657299e-77 3.830800698e-78 4.110844703e-79 4.375432311e-80 
4.620537762e-81 4.843086361e-82 5.038868843e-83 5.247991596e-84 5.383343060e-85 
3.439334168e-86 1.027623854e-86 -2.713016800e-86 -3.087557327e-87 -2.269815046e-87 
5.186047158e-87 5.352113046e-87 -3.849433744e-87 -2.535715369e-86 -2.976670032e-87 
7.532959196e-87 -3.682837340e-87 6.621690135e-87 1.000952078e-87 -7.339490110e-87 
-5.426858945e-87 -1.165723899e-87 -6.918921118e-88 -1.562364271e-87 4.312054493e-87 
-1.312881008e-87 -5.192689644e-88 2.019865135e-90 5.850122158e-92 8.283371573e-93 
net_rxn-H2O
-5.733965790e-19 -3.690822702e-19 -2.361405570e-19 -1.496308335e-19 -9.335052397e-20 
-5.676058149e-20 -3.299724335e-20 -1.758687098e-20 -7.612454886e-21 -1.171902538e-21 
2.974661164e-21 5.634859128e-21 7.334165054e-21 8.413949910e-21 9.095548672e-21 
9.522123262e-21 9.786006146e-21 9.946546215e-21 1.004174188e-20 1.009581183e-20 
1.012411179e-20 1.013632131e-20 1.013852407e-20 1.013480925e-20 1.013123381e-20 
1.017045494e-20 1.069676098e-20 1.639427814e-20 7.641096524e-20 7.128993572e-19 
7.695005484e-18 8.917851112e-17 1.118387466e-15 1.511483361e-14 2.151098316e-13 
3.128717772e-12 4.526812377e-11 6.372211871e-10 8.571202566e-09 1.091370541e-07 
1.327053493e-06 1.551747554e-05 1.606697096e-04 1.228026417e-03 6.196724768e-03 
2.814893703e-02 2.275051823e-01 1.724529587e+00 8.267432366e+00 2.702203896e+01 
6.870432528e+01 1.460853714e+02 2.704961624e+02 4.445624794e+02 6.393938104e+02 
7.739982990e+02 7.613064077e+02 6.209843632e+02 4.586812468e+02 3.393761528e+02 
2.666941385e+02 2.230373909e+02 1.933079107e+02 1.712820210e+02 1.563869765e+02 
1.426093083e+02 9.893173373e+01 4.005203460e+01 9.185726178e+00 6.615213938e-01 
3.889273753e-02 2.102479025e-03 9.241118500e-05 3.364822871e-06 1.070129484e-07 
3.202069197e-09 9.970244185e-11 3.492807337e-12 1.354157835e-13 5.373176921e-15 
2.049160062e-16 7.290805605e-18 2.396024615e-19 7.262178550e-21 2.033358302e-22 
5.273447042e-24 1.270520760e-25 2.851916523e-27 5.980927008e-29 1.174956102e-30 
2.167586795e-32 3.764021457e-34 6.166100766e-36 9.549090423e-38 1.400774541e-39 
1.950057118e-41 2.580934127e-43 3.253100721e-45 3.911248395e-47 4.492678135e-49 
4.937564231e-51 5.199435978e-53 5.253262749e-55 5.099193480e-57 4.761257860e-59 
4.281716366e-61 3.712780928e-63 3.107832512e-65 2.514014888e-67 1.967386505e-69 
1.490967853e-71 1.095305214e-73 7.807447331e-76 5.405012793e-78 3.637420828e-80 
2.381684753e-82 1.518600727e-84 9.437060681e-87 5.720315473e-89 3.384863244e-91 
1.956771119e-93 1.105984368e-95 6.116361830e-98 3.312005016e-100 1.757334522e-102 
9.143012443e-105 4.667608702e-107 2.339673090e-109 1.152119595e-111 5.571552873e-114 
2.629823598e-116 1.154647925e-118 2.830860116e-121 -6.607126442e-123 -2.768908164e-124 
-8.913231658e-126 -2.763804875e-127 -8.479567557e-129 -2.584470963e-130 -7.831762213e-132 
-2.360470948e-133 -7.078180174e-135 -2.112300292e-136 -6.275182656e-138 -1.856341142e-139 
-5.469630944e-141 -1.603721512e-142 -4.497427865e-144 2.050764441e-146 1.129936533e-145 
7.185225403e-146 3.970921218e-146 2.506753915e-146 1.312240806e-146 1.310396992e-146 
1.038930207e-146 3.005078357e-147 7.402099436e-149 2.127765797e-150 6.106316411e-152 
net_rxn-H2O2
-3.794176084e-35 -3.794176060e-35 -3.794176036e-35 -3.794176012e-35 -3.794175987e-35 
-3.794175962e-35 -3.794175938e-35 -3.794175913e-35 -3.794175887e-35 -3.794175862e-35 
-3.794165779e-35 -3.794156736e-35 -3.794150938e-35 -3.794147240e-35 -3.794144893e-35 
-3.794143413e-35 -3.792753806e-35 -3.713524495e-35 -3.158615669e-35 6.563252825e-36 
2.636683241e-34 1.959961325e-33 1.290068690e-32 8.178296709e-32 5.044676257e-31 
3.028362874e-30 1.766809255e-29 1.000095318e-28 5.481998128e-28 2.901674047e-27 
1.464217960e-26 6.146010696e-26 -2.514939439e-25 -2.639950345e-23 -1.178439717e-21 
-4.508281925e-20 -1.529665461e-18 -4.582471275e-17 -1.201343918e-15 -2.727993231e-14 
-5.290606248e-13 -8.665783041e-12 -1.330160673e-10 -2.329786840e-09 -3.619493397e-08 
-4.415859770e-07 -5.459348992e-06 -6.153180448e-05 -4.496671788e-04 -1.790797656e-03 
-3.530893965e-03 -4.051359160e-03 -5.137712373e-03 -7.719844595e-03 -9.831438893e-03 
-8.507120759e-03 -2.736533780e-03 4.092876841e-03 8.348124882e-03 8.924298665e-03 
5.496893914e-03 -1.711242188e-03 -1.041290810e-02 -1.554539909e-02 -6.139089576e-03 
1.744463965e-03 -1.027980207e-01 7.395208391e-02 1.642207179e-01 3.731554431e-02 
4.218471007e-03 3.114209065e-04 1.784741392e-05 8.597817768e-07 3.558659559e-08 
1.275126224e-09 3.982006692e-11 1.091761065e-12 2.647696078e-14 5.720207914e-16 
1.108193800e-17 1.936819133e-19 3.070474742e-21 4.437372486e-23 5.872495201e-25 
7.146662212e-27 8.028423111e-29 8.354857917e-31 8.080772458e-33 7.286103907e-35 
6.141883516e-37 4.853189865e-39 3.603769110e-41 2.520638949e-43 1.664366394e-45 
1.039607231e-47 6.153644372e-50 3.451207212e-52 1.803275337e-54 7.184884740e-57 
-5.670077157e-59 -4.351459207e-60 -1.976177353e-61 -8.448649023e-63 -3.523672280e-64 
-1.439684259e-65 -5.768205628e-67 -2.267803743e-68 -8.754417538e-70 -3.320176688e-71 
-1.237808633e-72 -4.538812315e-74 -1.637788200e-75 -5.818664145e-77 -2.036364155e-78 
-7.023676841e-80 -2.388663856e-81 -8.013571698e-83 -2.653212178e-84 -8.673259425e-86 
-2.800547958e-87 -8.935865000e-89 -2.818663998e-90 -8.793103341e-92 -2.714018089e-93 
-8.291583187e-95 -2.508449608e-96 -7.518262842e-98 -2.233546460e-99 -6.580993419e-101 
-1.924471544e-102 -5.590340858e-104 -1.615006369e-105 -4.647284542e-107 -1.334907240e-108 
-3.839056913e-110 -1.109624510e-111 -3.206566577e-113 -5.918580161e-115 3.435415588e-115 
3.720442766e-115 3.729418351e-115 3.729712150e-115 3.729722169e-115 3.729722527e-115 
4.322004684e-115 4.345442901e-115 4.163408896e-115 3.286179754e-115 2.461050309e-115 
1.522339450e-115 8.264190599e-116 5.176266915e-116 2.658805909e-116 2.689669634e-116 
2.165245939e-116 6.530319782e-117 3.512666910e-118 1.259413811e-119 3.265857704e-121 
massfraction-H2
1.000000000e+00 1.000000000e+00 1.000000000e+00 1.000000000e+00 1.000000000e+00 
1.000000000e+00 1.000000000e+00 1.000000000e+00 1.000000000e+00 1.000000000e+00 
1.000000000e+00 1.000000000e+00 1.000000000e+00 1.000000000e+00 1.000000000e+00 
1.000000000e+00 1.000000000e+00 1.000000000e+00 1.000000000e+00 1.000000000e+00 
1.000000000e+00 1.000000000e+00 1.000000000e+00 1.000000000e+00 1.000000000e+00 
1.000000000e+00 1.000000000e+00 1.000000000e+00 1.000000000e+00 1.000000000e+00 
9.999999999e-01 9.999999997e-01 9.999999985e-01 9.999999930e-01 9.999999684e-01 
9.999998599e-01 9.999993694e-01 9.999970345e-01 9.999851929e-01 9.999226166e-01 
9.995943084e-01 9.979824605e-01 9.910875923e-01 9.675967175e-01 9.087833366e-01 
8.032030580e-01 6.630678065e-01 5.170189018e-01 3.886053945e-01 2.867326261e-01 
2.099855954e-01 1.530431489e-01 1.107428801e-01 7.924925387e-02 5.583868708e-02 
3.858225571e-02 2.609577910e-02 1.730606249e-02 1.127184297e-02 7.194464818e-03 
4.472624192e-03 2.685051766e-03 1.539725289e-03 8.306897030e-04 4.123611232e-04 
1.865756582e-04 9.000225483e-05 5.829593741e-05 3.789164375e-05 2.162987675e-05 
1.089255867e-05 5.041043886e-06 2.181458726e-06 8.871396315e-07 3.401646147e-07 
1.233529746e-07 4.242236518e-08 1.387256521e-08 4.323966984e-09 1.287480583e-09 
3.669693534e-10 1.003190687e-10 0.000000000e+00 0.000000000e+00 0.000000000e+00 
0.000000000e+00 0.000000000e+00 0.000000000e+00 0.000000000e+00 0.000000000e+00 
0.000000000e+00 0.000000000e+00 0.000000000e+00 0.000000000e+00 0.000000000e+00 
0.000000000e+00 0.000000000e+00 0.000000000e+00 0.000000000e+00 0.000000000e+00 
0.000000000e+00 0.000000000e+00 0.000000000e+00 0.000000000e+00 0.000000000e+00 
0.000000000e+00 0.000000000e+00 0.000000000e+00 0.000000000e+00 0.000000000e+00 
0.000000000e+00 0.000000000e+00 0.000000000e+00 0.000000000e+00 0.000000000e+00 
0.000000000e+00 0.000000000e+00 0.000000000e+00 0.000000000e+00 0.000000000e+00 
0.000000000e+00 0.000000000e+00 0.000000000e+00 0.000000000e+00 0.000000000e+00 
0.000000000e+00 0.000000000e+00 0.000000000e+00 0.000000000e+00 0.000000000e+00 
0.000000000e+00 0.000000000e+00 0.000000000e+00 0.000000000e+00 0.000000000e+00 
0.000000000e+00 0.000000000e+00 0.000000000e+00 0.000000000e+00 0.000000000e+00 
0.000000000e+00 0.000000000e+00 0.000000000e+00 0.000000000e+00 0.000000000e+00 
0.000000000e+00 0.000000000e+00 0.000000000e+00 0.000000000e+00 0.000000000e+00 
0.000000000e+00 0.000000000e+00 0.000000000e+00 0.000000000e+00 0.000000000e+00 
0.000000000e+00 0.000000000e+00 0.000000000e+00 0.000000000e+00 0.000000000e+00 
massfraction-H
0.000000000e+00 0.000000000e+00 0.000000000e+00 0.000000000e+00 0.000000000e+00 
0.000000000e+00 0.000000000e+00 0.000000000e+00 0.000000000e+00 0.000000000e+00 
0.000000000e+00 0.000000000e+00 0.000000000e+00 0.000000000e+00 0.000000000e+00 
0.000000000e+00 0.000000000e+00 0.000000000e+00 0.000000000e+00 0.000000000e+00 
0.000000000e+00 0.000000000e+00 0.000000000e+00 0.000000000e+00 0.000000000e+00 
0.000000000e+00 0.000000000e+00 0.000000000e+00 0.000000000e+00 0.000000000e+00 
0.000000000e+00 3.182029615e-10 1.502959332e-09 6.798993777e-09 2.937700226e-08 
1.208780732e-07 4.721325004e-07 1.744329119e-06 6.072547812e-06 1.983648736e-05 
6.052212857e-05 1.716143090e-04 4.497086172e-04 1.077672756e-03 2.290541939e-03 
4.106666085e-03 6.068322650e-03 7.591890942e-03 8.463933668e-03 8.816181888e-03 
8.861330401e-03 8.741281161e-03 8.516014326e-03 8.189377171e-03 7.719832976e-03 
7.039798905e-03 6.115624447e-03 5.018380179e-03 3.894901739e-03 2.872877954e-03 
2.020218474e-03 1.355713075e-03 8.675376387e-04 5.270153001e-04 2.996844209e-04 
1.536862026e-04 6.429285175e-05 1.486466290e-05 6.644021839e-07 7.761754407e-09 
1.665645532e-10 0.000000000e+00 0.000000000e+00 0.000000000e+00 0.000000000e+00 
0.000000000e+00 0.000000000e+00 0.000000000e+00 0.000000000e+00 0.000000000e+00 
0.000000000e+00 0.000000000e+00 0.000000000e+00 0.000000000e+00 0.000000000e+00 
0.000000000e+00 0.000000000e+00 0.000000000e+00 0.000000000e+00 0.000000000e+00 
0.000000000e+00 0.000000000e+00 0.000000000e+00 0.000000000e+00 0.000000000e+00 
0.000000000e+00 0.000000000e+00 0.000000000e+00 0.000000000e+00 0.000000000e+00 
0.000000000e+00 0.000000000e+00 0.000000000e+00 0.000000000e+00 0.000000000e+00 
0.000000000e+00 0.000000000e+00 0.000000000e+00 0.000000000e+00 0.000000000e+00 
0.000000000e+00 0.000000000e+00 0.000000000e+00 0.000000000e+00 0.000000000e+00 
0.000000000e+00 0.000000000e+00 0.000000000e+00 0.000000000e+00 0.000000000e+00 
0.000000000e+00 0.000000000e+00 0.000000000e+00 0.000000000e+00 0.000000000e+00 
0.000000000e+00 0.000000000e+00 0.000000000e+00 0.000000000e+00 0.000000000e+00 
0.000000000e+00 0.000000000e+00 0.000000000e+00 0.000000000e+00 0.000000000e+00 
0.000000000e+00 0.000000000e+00 0.000000000e+00 0.000000000e+00 0.000000000e+00 
0.000000000e+00 0.000000000e+00 0.000000000e+00 0.000000000e+00 0.000000000e+00 
0.000000000e+00 0.000000000e+00 0.000000000e+00 0.000000000e+00 0.000000000e+00 
0.000000000e+00 0.000000000e+00 0.000000000e+00 0.000000000e+00 0.000000000e+00 
0.000000000e+00 0.000000000e+00 0.000000000e+00 0.000000000e+00 0.000000000e+00 
massfraction-O
0.000000000e+00 0.000000000e+00 0.000000000e+00 0.000000000e+00 0.000000000e+00 
0.000000000e+00 0.000000000e+00 0.000000000e+00 0.000000000e+00 0.000000000e+00 
0.000000000e+00 0.000000000e+00 0.000000000e+00 0.000000000e+00 0.000000000e+00 
0.000000000e+00 0.000000000e+00 0.000000000e+00 0.000000000e+00 0.000000000e+00 
0.000000000e+00 0.000000000e+00 0.000000000e+00 0.000000000e+00 0.000000000e+00 
0.000000000e+00 0.000000000e+00 0.000000000e+00 0.000000000e+00 0.000000000e+00 
0.000000000e+00 0.000000000e+00 0.000000000e+00 0.000000000e+00 0.000000000e+00 
0.000000000e+00 0.000000000e+00 0.000000000e+00 0.000000000e+00 0.000000000e+00 
0.000000000e+00 2.413193957e-10 1.177963792e-09 5.957601324e-09 2.884425028e-08 
1.192372733e-07 4.646063125e-07 2.119345305e-06 1.106512138e-05 5.241309572e-05 
1.996199212e-04 6.245179176e-04 1.681529748e-03 4.026225838e-03 8.660889584e-03 
1.654494341e-02 2.744265661e-02 3.908126198e-02 4.837117347e-02 5.329472334e-02 
5.337333161e-02 4.919969265e-02 4.191462907e-02 3.281934985e-02 2.311934369e-02 
1.381994636e-02 5.862641263e-03 1.080723550e-03 1.266159035e-04 1.944953336e-05 
4.020658427e-06 9.700142323e-07 2.322492868e-07 5.198122501e-08 1.077262571e-08 
2.072761206e-09 3.720002180e-10 0.000000000e+00 0.000000000e+00 0.000000000e+00 
0.000000000e+00 0.000000000e+00 0.000000000e+00 0.000000000e+00 0.000000000e+00 
0.000000000e+00 0.000000000e+00 0.000000000e+00 0.000000000e+00 0.000000000e+00 
0.000000000e+00 0.000000000e+00 0.000000000e+00 0.000000000e+00 0.000000000e+00 
0.000000000e+00 0.000000000e+00 0.000000000e+00 0.000000000e+00 0.000000000e+00 
0.000000000e+00 0.000000000e+00 0.000000000e+00 0.000000000e+00 0.000000000e+00 
0.000000000e+00 0.000000000e+00 0.000000000e+00 0.000000000e+00 0.000000000e+00 
0.000000000e+00 0.000000000e+00 0.000000000e+00 0.000000000e+00 0.000000000e+00 
0.000000000e+00 0.000000000e+00 0.000000000e+00 0.000000000e+00 0.000000000e+00 
0.000000000e+00 0.000000000e+00 0.000000000e+00 0.000000000e+00 0.000000000e+00 
0.000000000e+00 0.000000000e+00 0.000000000e+00 0.000000000e+00 0.000000000e+00 
0.000000000e+00 0.000000000e+00 0.000000000e+00 0.000000000e+00 0.000000000e+00 
0.000000000e+00 0.000000000e+00 0.000000000e+00 0.000000000e+00 0.000000000e+00 
0.000000000e+00 0.000000000e+00 0.000000000e+00 0.000000000e+00 0.000000000e+00 
0.000000000e+00 0.000000000e+00 0.000000000e+00 0.000000000e+00 0.000000000e+00 
0.000000000e+00 0.000000000e+00 0.000000000e+00 0.000000000e+00 0.000000000e+00 
0.000000000e+00 0.000000000e+00 0.000000000e+00 0.000000000e+00 0.000000000e+00 
massfraction-O2
0.000000000e+00 0.000000000e+00 0.000000000e+00 0.000000000e+00 0.000000000e+00 
0.000000000e+00 0.000000000e+00 0.000000000e+00 0.000000000e+00 0.000000000e+00 
0.000000000e+00 0.000000000e+00 0.000000000e+00 0.000000000e+00 0.000000000e+00 
0.000000000e+00 0.000000000e+00 0.000000000e+00 0.000000000e+00 0.000000000e+00 
0.000000000e+00 0.000000000e+00 0.000000000e+00 0.000000000e+00 0.000000000e+00 
0.000000000e+00 0.000000000e+00 0.000000000e+00 0.000000000e+00 0.000000000e+00 
0.000000000e+00 0.000000000e+00 0.000000000e+00 0.000000000e+00 0.000000000e+00 
0.000000000e+00 0.000000000e+00 0.000000000e+00 0.000000000e+00 3.651605093e-10 
2.330325046e-09 1.370123752e-08 7.526390716e-08 3.901659113e-07 1.803441553e-06 
6.568778710e-06 1.752115196e-05 3.527287247e-05 6.033951710e-05 1.074655211e-04 
2.379398740e-04 6.404439519e-04 1.855760802e-03 5.328531118e-03 1.444832781e-02 
3.557976653e-02 7.673711759e-02 1.422442487e-01 2.289483320e-01 3.290678247e-01 
4.346796964e-01 5.395110799e-01 6.388264505e-01 7.290324773e-01 8.075978089e-01 
8.730621157e-01 9.247130977e-01 9.612828227e-01 9.834187668e-01 9.946535172e-01 
9.986667879e-01 9.997179703e-01 9.999462584e-01 9.999904104e-01 9.999983139e-01 
9.999996844e-01 9.999999320e-01 9.999999830e-01 9.999999953e-01 9.999999987e-01 
9.999999996e-01 9.999999999e-01 1.000000000e+00 1.000000000e+00 1.000000000e+00 
1.000000000e+00 1.000000000e+00 1.000000000e+00 1.000000000e+00 1.000000000e+00 
1.000000000e+00 1.000000000e+00 1.000000000e+00 1.000000000e+00 1.000000000e+00 
1.000000000e+00 1.000000000e+00 1.000000000e+00 1.000000000e+00 1.000000000e+00 
1.000000000e+00 1.000000000e+00 1.000000000e+00 1.000000000e+00 1.000000000e+00 
1.000000000e+00 1.000000000e+00 1.000000000e+00 1.000000000e+00 1.000000000e+00 
1.000000000e+00 1.000000000e+00 1.000000000e+00 1.000000000e+00 1.000000000e+00 
1.000000000e+00 1.000000000e+00 1.000000000e+00 1.000000000e+00 1.000000000e+00 
1.000000000e+00 1.000000000e+00 1.000000000e+00 1.000000000e+00 1.000000000e+00 
1.000000000e+00 1.000000000e+00 1.000000000e+00 1.000000000e+00 1.000000000e+00 
1.000000000e+00 1.000000000e+00 1.000000000e+00 1.000000000e+00 1.000000000e+00 
1.000000000e+00 1.000000000e+00 1.000000000e+00 1.000000000e+00 1.000000000e+00 
1.000000000e+00 1.000000000e+00 1.000000000e+00 1.000000000e+00 1.000000000e+00 
1.000000000e+00 1.000000000e+00 1.000000000e+00 1.000000000e+00 1.000000000e+00 
1.000000000e+00 1.000000000e+00 1.000000000e+00 1.000000000e+00 1.000000000e+00 
1.000000000e+00 1.000000000e+00 1.000000000e+00 1.000000000e+00 1.000000000e+00 
massfraction-OH
0.000000000e+00 0.000000000e+00 0.000000000e+00 0.000000000e+00 0.000000000e+00 
0.000000000e+00 0.000000000e+00 0.000000000e+00 0.000000000e+00 0.000000000e+00 
0.000000000e+00 0.000000000e+00 0.000000000e+00 0.000000000e+00 0.000000000e+00 
0.000000000e+00 0.000000000e+00 0.000000000e+00 0.000000000e+00 0.000000000e+00 
0.000000000e+00 0.000000000e+00 0.000000000e+00 0.000000000e+00 0.000000000e+00 
0.000000000e+00 0.000000000e+00 0.000000000e+00 0.000000000e+00 0.000000000e+00 
0.000000000e+00 0.000000000e+00 0.000000000e+00 0.000000000e+00 0.000000000e+00 
0.000000000e+00 0.000000000e+00 0.000000000e+00 0.000000000e+00 0.000000000e+00 
0.000000000e+00 6.491930257e-10 3.996843033e-09 1.716319817e-08 4.967856189e-08 
1.587021328e-07 2.378675756e-06 3.395312483e-05 2.498920321e-04 1.112080160e-03 
3.511383127e-03 8.764657506e-03 1.847612890e-02 3.419844100e-02 5.653916576e-02 
8.349739767e-02 1.093260055e-01 1.268808439e-01 1.322439461e-01 1.259355857e-01 
1.108221113e-01 9.027369078e-02 6.748430031e-02 4.531992675e-02 2.621230820e-02 
1.203958928e-02 3.884790052e-03 8.940030092e-04 1.397651786e-04 2.044735137e-05 
3.847326857e-06 8.829573569e-07 2.063739160e-07 4.540016583e-08 9.258948870e-09 
1.753099035e-09 3.095378170e-10 0.000000000e+00 0.000000000e+00 0.000000000e+00 
0.000000000e+00 0.000000000e+00 0.000000000e+00 0.000000000e+00 0.000000000e+00 
0.000000000e+00 0.000000000e+00 0.000000000e+00 0.000000000e+00 0.000000000e+00 
0.000000000e+00 0.000000000e+00 0.000000000e+00 0.000000000e+00 0.000000000e+00 
0.000000000e+00 0.000000000e+00 0.000000000e+00 0.000000000e+00 0.000000000e+00 
0.000000000e+00 0.000000000e+00 0.000000000e+00 0.000000000e+00 0.000000000e+00 
0.000000000e+00 0.000000000e+00 0.000000000e+00 0.000000000e+00 0.000000000e+00 
0.000000000e+00 0.000000000e+00 0.000000000e+00 0.000000000e+00 0.000000000e+00 
0.000000000e+00 0.000000000e+00 0.000000000e+00 0.000000000e+00 0.000000000e+00 
0.000000000e+00 0.000000000e+00 0.000000000e+00 0.000000000e+00 0.000000000e+00 
0.000000000e+00 0.000000000e+00 0.000000000e+00 0.000000000e+00 0.000000000e+00 
0.000000000e+00 0.000000000e+00 0.000000000e+00 0.000000000e+00 0.000000000e+00 
0.000000000e+00 0.000000000e+00 0.000000000e+00 0.000000000e+00 0.000000000e+00 
0.000000000e+00 0.000000000e+00 0.000000000e+00 0.000000000e+00 0.000000000e+00 
0.000000000e+00 0.000000000e+00 0.000000000e+00 0.000000000e+00 0.000000000e+00 
0.000000000e+00 0.000000000e+00 0.000000000e+00 0.000000000e+00 0.000000000e+00 
0.000000000e+00 0.000000000e+00 0.000000000e+00 0.000000000e+00 0.000000000e+00 
massfraction-HO2
0.000000000e+00 0.000000000e+00 0.000000000e+00 0.000000000e+00 0.000000000e+00 
0.000000000e+00 0.000000000e+00 0.000000000e+00 0.000000000e+00 0.000000000e+00 
0.000000000e+00 0.000000000e+00 0.000000000e+00 0.000000000e+00 0.000000000e+00 
0.000000000e+00 0.000000000e+00 0.000000000e+00 0.000000000e+00 0.000000000e+00 
0.000000000e+00 0.000000000e+00 0.000000000e+00 0.000000000e+00 0.000000000e+00 
0.000000000e+00 0.000000000e+00 0.000000000e+00 0.000000000e+00 0.000000000e+00 
0.000000000e+00 0.000000000e+00 0.000000000e+00 0.000000000e+00 0.000000000e+00 
0.000000000e+00 0.000000000e+00 0.000000000e+00 0.000000000e+00 0.000000000e+00 
0.000000000e+00 2.493543580e-10 1.205651009e-09 4.727631581e-09 1.390588348e-08 
2.940474969e-08 4.631746849e-08 5.918963131e-08 6.944995315e-08 9.181227905e-08 
1.636655049e-07 3.600093720e-07 8.624664539e-07 2.292408487e-06 6.580825716e-06 
1.777419136e-05 3.988032951e-05 7.094736121e-05 1.010154158e-04 1.179244605e-04 
1.142700780e-04 9.166076730e-05 6.168451681e-05 3.983219649e-05 3.398549227e-05 
4.282676849e-05 7.292682395e-05 1.533414209e-04 1.187711518e-04 2.127158923e-05 
3.543954727e-06 6.694303700e-07 1.175902852e-07 1.852026407e-08 2.644660647e-09 
3.466778855e-10 0.000000000e+00 0.000000000e+00 0.000000000e+00 0.000000000e+00 
0.000000000e+00 0.000000000e+00 0.000000000e+00 0.000000000e+00 0.000000000e+00 
0.000000000e+00 0.000000000e+00 0.000000000e+00 0.000000000e+00 0.000000000e+00 
0.000000000e+00 0.000000000e+00 0.000000000e+00 0.000000000e+00 0.000000000e+00 
0.000000000e+00 0.000000000e+00 0.000000000e+00 0.000000000e+00 0.000000000e+00 
0.000000000e+00 0.000000000e+00 0.000000000e+00 0.000000000e+00 0.000000000e+00 
0.000000000e+00 0.000000000e+00 0.000000000e+00 0.000000000e+00 0.000000000e+00 
0.000000000e+00 0.000000000e+00 0.000000000e+00 0.000000000e+00 0.000000000e+00 
0.000000000e+00 0.000000000e+00 0.000000000e+00 0.000000000e+00 0.000000000e+00 
0.000000000e+00 0.000000000e+00 0.000000000e+00 0.000000000e+00 0.000000000e+00 
0.000000000e+00 0.000000000e+00 0.000000000e+00 0.000000000e+00 0.000000000e+00 
0.000000000e+00 0.000000000e+00 0.000000000e+00 0.000000000e+00 0.000000000e+00 
0.000000000e+00 0.000000000e+00 0.000000000e+00 0.000000000e+00 0.000000000e+00 
0.000000000e+00 0.000000000e+00 0.000000000e+00 0.000000000e+00 0.000000000e+00 
0.000000000e+00 0.000000000e+00 0.000000000e+00 0.000000000e+00 0.000000000e+00 
0.000000000e+00 0.000000000e+00 0.000000000e+00 0.000000000e+00 0.000000000e+00 
0.000000000e+00 0.000000000e+00 0.000000000e+00 0.000000000e+00 0.000000000e+00 
massfraction-H2O
0.000000000e+00 0.000000000e+00 0.000000000e+00 0.000000000e+00 0.000000000e+00 
0.000000000e+00 0.000000000e+00 0.000000000e+00 0.000000000e+00 0.000000000e+00 
0.000000000e+00 0.000000000e+00 0.000000000e+00 0.000000000e+00 0.000000000e+00 
0.000000000e+00 0.000000000e+00 0.000000000e+00 0.000000000e+00 0.000000000e+00 
0.000000000e+00 0.000000000e+00 0.000000000e+00 0.000000000e+00 0.000000000e+00 
0.000000000e+00 0.000000000e+00 0.000000000e+00 0.000000000e+00 0.000000000e+00 
0.000000000e+00 0.000000000e+00 0.000000000e+00 2.349377437e-10 2.187656927e-09 
1.921604354e-08 1.584949839e-07 1.221138770e-06 8.734493357e-06 5.754652665e-05 
3.451669331e-04 1.845910317e-03 8.462617397e-03 3.132519177e-02 8.892422556e-02 
1.926833997e-01 3.308434599e-01 4.753178011e-01 6.026092919e-01 7.031790560e-01 
7.772036306e-01 8.281847557e-01 8.587253247e-01 8.690035353e-01 8.567830266e-01 
8.187330708e-01 7.542362611e-01 6.693901227e-01 5.751597700e-01 4.815073498e-01 
3.945087726e-01 3.168746147e-01 2.492974862e-01 1.914223325e-01 1.423153407e-01 
1.006852277e-01 6.530162833e-02 3.649991145e-02 1.614222796e-02 5.257442773e-03 
1.309323140e-03 2.741506089e-04 5.094944868e-05 8.578097320e-06 1.322106998e-06 
1.879374447e-07 2.479207715e-08 3.051230073e-09 3.519810256e-10 0.000000000e+00 
0.000000000e+00 0.000000000e+00 0.000000000e+00 0.000000000e+00 0.000000000e+00 
0.000000000e+00 0.000000000e+00 0.000000000e+00 0.000000000e+00 0.000000000e+00 
0.000000000e+00 0.000000000e+00 0.000000000e+00 0.000000000e+00 0.000000000e+00 
0.000000000e+00 0.000000000e+00 0.000000000e+00 0.000000000e+00 0.000000000e+00 
0.000000000e+00 0.000000000e+00 0.000000000e+00 0.000000000e+00 0.000000000e+00 
0.000000000e+00 0.000000000e+00 0.000000000e+00 0.000000000e+00 0.000000000e+00 
0.000000000e+00 0.000000000e+00 0.000000000e+00 0.000000000e+00 0.000000000e+00 
0.000000000e+00 0.000000000e+00 0.000000000e+00 0.000000000e+00 0.000000000e+00 
0.000000000e+00 0.000000000e+00 0.000000000e+00 0.000000000e+00 0.000000000e+00 
0.000000000e+00 0.000000000e+00 0.000000000e+00 0.000000000e+00 0.000000000e+00 
0.000000000e+00 0.000000000e+00 0.000000000e+00 0.000000000e+00 0.000000000e+00 
0.000000000e+00 0.000000000e+00 0.000000000e+00 0.000000000e+00 0.000000000e+00 
0.000000000e+00 0.000000000e+00 0.000000000e+00 0.000000000e+00 0.000000000e+00 
0.000000000e+00 0.000000000e+00 0.000000000e+00 0.000000000e+00 0.000000000e+00 
0.000000000e+00 0.000000000e+00 0.000000000e+00 0.000000000e+00 0.000000000e+00 
0.000000000e+00 0.000000000e+00 0.000000000e+00 0.000000000e+00 0.000000000e+00 
massfraction-H2O2
0.000000000e+00 0.000000000e+00 0.000000000e+00 0.000000000e+00 0.000000000e+00 
0.000000000e+00 0.000000000e+00 0.000000000e+00 0.000000000e+00 0.000000000e+00 
0.000000000e+00 0.000000000e+00 0.000000000e+00 0.000000000e+00 0.000000000e+00 
0.000000000e+00 0.000000000e+00 0.000000000e+00 0.000000000e+00 0.000000000e+00 
0.000000000e+00 0.000000000e+00 0.000000000e+00 0.000000000e+00 0.000000000e+00 
0.000000000e+00 0.000000000e+00 0.000000000e+00 0.000000000e+00 0.000000000e+00 
0.000000000e+00 0.000000000e+00 0.000000000e+00 0.000000000e+00 0.000000000e+00 
0.000000000e+00 0.000000000e+00 0.000000000e+00 0.000000000e+00 0.000000000e+00 
0.000000000e+00 0.000000000e+00 0.000000000e+00 0.000000000e+00 0.000000000e+00 
0.000000000e+00 2.316043331e-10 1.691870314e-09 1.384596865e-08 8.538939369e-08 
3.369388788e-07 8.348492971e-07 1.498959470e-06 2.343314284e-06 3.489374756e-06 
4.992800787e-06 6.675333563e-06 8.132676045e-06 9.018373745e-06 9.249254199e-06 
8.975331206e-06 8.496289351e-06 8.186440286e-06 8.376375319e-06 9.167506917e-06 
1.003240356e-05 1.062069648e-05 1.603727707e-05 1.529696673e-05 6.233948667e-06 
1.584287180e-06 3.156251007e-07 5.448328226e-08 8.444007602e-09 1.193421191e-09 
1.552493856e-10 0.000000000e+00 0.000000000e+00 0.000000000e+00 0.000000000e+00 
0.000000000e+00 0.000000000e+00 0.000000000e+00 0.000000000e+00 0.000000000e+00 
0.000000000e+00 0.000000000e+00 0.000000000e+00 0.000000000e+00 0.000000000e+00 
0.000000000e+00 0.000000000e+00 0.000000000e+00 0.000000000e+00 0.000000000e+00 
0.000000000e+00 0.000000000e+00 0.000000000e+00 0.000000000e+00 0.000000000e+00 
0.000000000e+00 0.000000000e+00 0.000000000e+00 0.000000000e+00 0.000000000e+00 
0.000000000e+00 0.000000000e+00 0.000000000e+00 0.000000000e+00 0.000000000e+00 
0.000000000e+00 0.000000000e+00 0.000000000e+00 0.000000000e+00 0.000000000e+00 
0.000000000e+00 0.000000000e+00 0.000000000e+00 0.000000000e+00 0.000000000e+00 
0.000000000e+00 0.000000000e+00 0.000000000e+00 0.000000000e+00 0.000000000e+00 
0.000000000e+00 0.000000000e+00 0.000000000e+00 0.000000000e+00 0.000000000e+00 
0.000000000e+00 0.000000000e+00 0.000000000e+00 0.000000000e+00 0.000000000e+00 
0.000000000e+00 0.000000000e+00 0.000000000e+00 0.000000000e+00 0.000000000e+00 
0.000000000e+00 0.000000000e+00 0.000000000e+00 0.000000000e+00 0.000000000e+00 
0.000000000e+00 0.000000000e+00 0.000000000e+00 0.000000000e+00 0.000000000e+00 
0.000000000e+00 0.000000000e+00 0.000000000e+00 0.000000000e+00 0.000000000e+00 
0.000000000e+00 0.000000000e+00 0.000000000e+00 0.000000000e+00 0.000000000e+00 
PREMIX_CDOT
0.000000000e+00 -4.014042497e-20 -2.526551919e-20 -1.558627818e-20 -9.289661748e-21 
-5.196369192e-21 -2.538358055e-21 -8.150368448e-22 3.000016741e-22 1.019597162e-21 
1.482488186e-21 1.779044939e-21 1.968065508e-21 2.087747093e-21 2.162854962e-21 
2.209406824e-21 2.237732516e-21 2.254470903e-21 2.263871582e-21 2.268642006e-21 
2.270497647e-21 2.270518585e-21 2.269377364e-21 2.267247854e-21 2.253218429e-21 
1.806129857e-21 -1.355376583e-20 -5.072242426e-19 -1.533529515e-17 -4.308645549e-16 
-1.125747722e-14 -2.724244549e-13 -6.077765938e-12 -1.243779299e-10 -2.322039023e-09 
-3.931361552e-08 -5.997091444e-07 -8.182978757e-06 -9.902177446e-05 -1.050318919e-03 
-9.570858549e-03 -7.189260885e-02 -4.102147592e-01 -1.578602993e+00 -3.770347871e+00 
-5.812473283e+00 -6.610703171e+00 -6.231878143e+00 -4.783779275e+00 -1.466004829e+00 
6.234030099e+00 2.450644246e+01 6.744328876e+01 1.624060937e+02 3.408875684e+02 
5.884502043e+02 8.001664884e+02 8.797378913e+02 8.512090016e+02 7.816365404e+02 
6.977274236e+02 5.943392909e+02 4.670128299e+02 3.275606660e+02 1.966505383e+02 
8.681101362e+01 -1.794991413e+01 -4.764286883e+01 -6.008659785e+00 -9.774098270e-01 
-9.337812783e-02 -5.263264461e-03 -2.250864361e-04 -7.594809557e-06 -2.015360764e-07 
-3.778917606e-09 -1.332099558e-11 3.178730276e-12 2.120390362e-13 9.935087528e-15 
3.984085548e-16 1.437187226e-17 4.741107285e-19 1.439889677e-20 4.041262254e-22 
1.051295091e-23 2.542687848e-25 5.721082650e-27 1.215549881e-28 2.355673288e-30 
4.516097702e-32 6.885773461e-34 2.227020669e-35 -5.120190161e-37 2.128394099e-38 
-2.965293856e-39 1.220408224e-40 -6.469308201e-42 1.741509141e-44 -3.710512064e-45 
-1.052731925e-45 2.925983538e-49 -2.310083002e-48 4.288175595e-50 5.874540699e-52 
-1.126564277e-53 -8.362685124e-54 -1.213478244e-56 2.623266937e-56 9.778903086e-58 
4.341437172e-59 1.955538739e-61 1.077574747e-62 -1.076641230e-63 -2.463348143e-65 
-9.506305566e-67 1.297833132e-67 5.506594625e-69 1.184567422e-69 1.519026552e-70 
1.836440165e-71 2.066916617e-72 2.372102530e-73 2.806803106e-74 4.560002623e-75 
1.942348785e-75 1.653557826e-75 1.621993997e-75 1.618574493e-75 1.618207186e-75 
1.618168055e-75 1.618163919e-75 1.618163485e-75 1.618163440e-75 1.618163435e-75 
1.618163435e-75 1.618163435e-75 1.618163435e-75 1.618163435e-75 1.618163435e-75 
1.618163435e-75 1.618163435e-75 1.618163435e-75 1.618163435e-75 1.618163435e-75 
1.618163435e-75 1.618163435e-75 1.618163435e-75 1.618163435e-75 1.618163435e-75 
1.618163435e-75 1.618163435e-75 1.618163435e-75 1.618163435e-75 1.618163435e-75 
1.618163435e-75 1.618163435e-75 1.618163435e-75 1.618163435e-75 0.000000000e+00 

