HEADER
PREMIX_CHI 0.0000
C  0.548183
NUMOFSPECIES  13
GRIDPOINTS 160
PRESSURE 101325.00
BODY
MIXTURE_FRACTION
1.000000000e+00 9.999999990e-01 1.000000000e+00 9.999999990e-01 1.000000000e+00 
9.999999990e-01 1.000000000e+00 9.999999990e-01 1.000000000e+00 9.999999990e-01 
1.000000000e+00 9.999999990e-01 1.000000000e+00 9.999999990e-01 1.000000000e+00 
9.999999990e-01 1.000000000e+00 9.999999990e-01 1.000000000e+00 9.999999990e-01 
1.000000000e+00 9.999999990e-01 1.000000000e+00 9.999999990e-01 1.000000000e+00 
9.999999990e-01 1.000000000e+00 9.999999990e-01 1.000000000e+00 1.000000000e+00 
1.000000000e+00 1.000000000e+00 1.000000000e+00 1.000000000e+00 9.999999999e-01 
9.999999993e-01 9.999999937e-01 9.999999480e-01 9.999995971e-01 9.999970782e-01 
9.999803132e-01 9.998777735e-01 9.993089173e-01 9.965096337e-01 9.847995752e-01 
9.461567614e-01 8.547991326e-01 7.099281553e-01 5.522417614e-01 4.201013568e-01 
3.224436230e-01 2.522668915e-01 2.005514539e-01 1.610087080e-01 1.295430932e-01 
1.036341938e-01 8.185469324e-02 6.346347394e-02 4.807714670e-02 3.545090401e-02 
2.536006570e-02 1.754921105e-02 1.171670984e-02 7.516932225e-03 4.581963778e-03 
2.572948039e-03 1.254226097e-03 5.100357760e-04 1.892593368e-04 7.076099888e-05 
2.673717081e-05 9.945089511e-06 3.573956660e-06 1.230366114e-06 4.047081129e-07 
1.272154421e-07 3.826250367e-08 1.102931895e-08 3.052129640e-09 8.121850694e-10 
2.081557100e-10 5.145733767e-11 1.228677429e-11 2.837461068e-12 6.345414875e-13 
1.375733479e-13 2.894882136e-14 5.918371810e-15 1.176731360e-15 2.277526493e-16 
4.294849516e-17 7.897685994e-18 1.417330642e-18 2.484266470e-19 4.256009370e-20 
7.131691482e-21 1.169670909e-21 1.878883616e-22 2.957835896e-23 4.566137997e-24 
6.916366099e-25 1.028502133e-25 1.502334495e-26 2.156703262e-27 3.044368313e-28 
4.227667649e-29 5.778413609e-30 7.777172112e-31 1.031182356e-31 1.347534337e-32 
1.736279309e-33 2.206757637e-34 2.767708236e-35 3.426790602e-36 4.190089319e-37 
5.061630178e-38 6.042939275e-39 7.132676280e-40 8.326370278e-41 9.616281364e-42 
1.099140388e-42 1.243761840e-43 1.393799014e-44 1.547320197e-45 1.702210171e-46 
1.856233648e-47 2.007104181e-48 2.152555079e-49 2.290408836e-50 2.418641814e-51 
2.535441337e-52 2.639252930e-53 2.728816121e-54 2.803187916e-55 2.861753806e-56 
2.904226774e-57 2.930635341e-58 2.941302126e-59 2.936814688e-60 2.917990577e-61 
2.885838580e-62 2.841518059e-63 2.786298122e-64 2.721518132e-65 2.648550826e-66 
2.568768963e-67 2.483516192e-68 2.394082523e-69 2.301684544e-70 2.207450320e-71 
2.112408737e-72 2.017482931e-73 1.923487261e-74 1.831126712e-75 1.740991780e-76 
1.653484309e-77 1.568033704e-78 1.475202124e-79 1.277668873e-80 0.000000000e+00 
PROGRESS VARIABLE
-2.156419436e-24 -2.157017922e-24 -2.157611553e-24 -2.158200963e-24 -2.158786769e-24 
-2.159369560e-24 -2.159949813e-24 -2.160527165e-24 -2.161094687e-24 -2.161593936e-24 
-2.161565559e-24 -2.157458773e-24 -2.122127947e-24 -1.850363176e-24 1.903926751e-25 
1.529552184e-23 1.255341069e-22 9.180803714e-22 6.524954909e-21 4.551211411e-20 
3.116511314e-19 2.092983906e-18 1.376845342e-17 8.860563467e-17 5.570635955e-16 
3.416649245e-15 2.041293576e-14 1.186170822e-13 6.693000638e-13 3.660905698e-12 
1.937677018e-11 9.906216212e-11 4.882875394e-10 2.316559098e-09 1.056403806e-08 
4.628478151e-08 1.951112655e-07 7.952912966e-07 3.168947266e-06 1.257512957e-05 
5.086113906e-05 2.129552287e-04 9.149333807e-04 3.874939907e-03 1.512735427e-02 
4.985602614e-02 1.272323205e-01 2.424986715e-01 3.592213695e-01 4.480430458e-01 
5.044501106e-01 5.354938240e-01 5.481828372e-01 0.000000000e+00 0.000000000e+00 
0.000000000e+00 0.000000000e+00 0.000000000e+00 0.000000000e+00 0.000000000e+00 
0.000000000e+00 0.000000000e+00 0.000000000e+00 0.000000000e+00 0.000000000e+00 
0.000000000e+00 0.000000000e+00 0.000000000e+00 0.000000000e+00 0.000000000e+00 
0.000000000e+00 0.000000000e+00 0.000000000e+00 0.000000000e+00 0.000000000e+00 
0.000000000e+00 0.000000000e+00 0.000000000e+00 0.000000000e+00 0.000000000e+00 
0.000000000e+00 0.000000000e+00 0.000000000e+00 0.000000000e+00 0.000000000e+00 
0.000000000e+00 0.000000000e+00 0.000000000e+00 0.000000000e+00 0.000000000e+00 
0.000000000e+00 0.000000000e+00 0.000000000e+00 0.000000000e+00 0.000000000e+00 
0.000000000e+00 0.000000000e+00 0.000000000e+00 0.000000000e+00 0.000000000e+00 
0.000000000e+00 0.000000000e+00 0.000000000e+00 0.000000000e+00 0.000000000e+00 
0.000000000e+00 0.000000000e+00 0.000000000e+00 0.000000000e+00 0.000000000e+00 
0.000000000e+00 0.000000000e+00 0.000000000e+00 0.000000000e+00 0.000000000e+00 
0.000000000e+00 0.000000000e+00 0.000000000e+00 0.000000000e+00 0.000000000e+00 
0.000000000e+00 0.000000000e+00 0.000000000e+00 0.000000000e+00 0.000000000e+00 
0.000000000e+00 0.000000000e+00 0.000000000e+00 0.000000000e+00 0.000000000e+00 
0.000000000e+00 0.000000000e+00 0.000000000e+00 0.000000000e+00 0.000000000e+00 
0.000000000e+00 0.000000000e+00 0.000000000e+00 0.000000000e+00 0.000000000e+00 
0.000000000e+00 0.000000000e+00 0.000000000e+00 0.000000000e+00 0.000000000e+00 
0.000000000e+00 0.000000000e+00 0.000000000e+00 0.000000000e+00 0.000000000e+00 
0.000000000e+00 0.000000000e+00 0.000000000e+00 0.000000000e+00 0.000000000e+00 
0.000000000e+00 0.000000000e+00 0.000000000e+00 0.000000000e+00 0.000000000e+00 
TEMPERATURE
3.000000000e+02 3.000000000e+02 3.000000000e+02 3.000000000e+02 3.000000000e+02 
3.000000000e+02 3.000000000e+02 3.000000000e+02 3.000000000e+02 3.000000000e+02 
3.000000000e+02 3.000000000e+02 3.000000000e+02 3.000000000e+02 3.000000000e+02 
3.000000000e+02 3.000000000e+02 3.000000000e+02 3.000000000e+02 3.000000000e+02 
3.000000000e+02 3.000000000e+02 3.000000000e+02 3.000000000e+02 3.000000000e+02 
3.000000000e+02 3.000000000e+02 3.000000000e+02 3.000000000e+02 3.000000000e+02 
3.000000000e+02 3.000000001e+02 3.000000004e+02 3.000000025e+02 3.000000142e+02 
3.000000784e+02 3.000004119e+02 3.000020506e+02 3.000096361e+02 3.000425657e+02 
3.001758845e+02 3.006758276e+02 3.023957932e+02 3.077414126e+02 3.223531985e+02 
3.560321146e+02 4.187087227e+02 5.124554543e+02 6.312115846e+02 7.670520243e+02 
9.123754054e+02 1.060223170e+03 1.202436938e+03 1.331731154e+03 1.441031564e+03 
1.523656519e+03 1.574062747e+03 1.588632844e+03 1.565957387e+03 1.506598679e+03 
1.412820051e+03 1.288542917e+03 1.139327956e+03 9.723558234e+02 7.967149587e+02 
6.226711890e+02 4.656883223e+02 3.575409837e+02 3.137299087e+02 3.026279330e+02 
3.004418644e+02 3.000674982e+02 3.000094977e+02 3.000012408e+02 3.000001514e+02 
3.000000173e+02 3.000000019e+02 3.000000002e+02 3.000000000e+02 3.000000000e+02 
3.000000000e+02 3.000000000e+02 3.000000000e+02 3.000000000e+02 3.000000000e+02 
3.000000000e+02 3.000000000e+02 3.000000000e+02 3.000000000e+02 3.000000000e+02 
3.000000000e+02 3.000000000e+02 3.000000000e+02 3.000000000e+02 3.000000000e+02 
3.000000000e+02 3.000000000e+02 3.000000000e+02 3.000000000e+02 3.000000000e+02 
3.000000000e+02 3.000000000e+02 3.000000000e+02 3.000000000e+02 3.000000000e+02 
3.000000000e+02 3.000000000e+02 3.000000000e+02 3.000000000e+02 3.000000000e+02 
3.000000000e+02 3.000000000e+02 3.000000000e+02 3.000000000e+02 3.000000000e+02 
3.000000000e+02 3.000000000e+02 3.000000000e+02 3.000000000e+02 3.000000000e+02 
3.000000000e+02 3.000000000e+02 3.000000000e+02 3.000000000e+02 3.000000000e+02 
3.000000000e+02 3.000000000e+02 3.000000000e+02 3.000000000e+02 3.000000000e+02 
3.000000000e+02 3.000000000e+02 3.000000000e+02 3.000000000e+02 3.000000000e+02 
3.000000000e+02 3.000000000e+02 3.000000000e+02 3.000000000e+02 3.000000000e+02 
3.000000000e+02 3.000000000e+02 3.000000000e+02 3.000000000e+02 3.000000000e+02 
3.000000000e+02 3.000000000e+02 3.000000000e+02 3.000000000e+02 3.000000000e+02 
3.000000000e+02 3.000000000e+02 3.000000000e+02 3.000000000e+02 3.000000000e+02 
3.000000000e+02 3.000000000e+02 3.000000000e+02 3.000000000e+02 3.000000000e+02 
Cp
1.432478610e+04 1.432478610e+04 1.432478610e+04 1.432478610e+04 1.432478610e+04 
1.432478610e+04 1.432478610e+04 1.432478610e+04 1.432478610e+04 1.432478610e+04 
1.432478610e+04 1.432478610e+04 1.432478610e+04 1.432478610e+04 1.432478610e+04 
1.432478610e+04 1.432478610e+04 1.432478610e+04 1.432478610e+04 1.432478610e+04 
1.432478610e+04 1.432478610e+04 1.432478610e+04 1.432478610e+04 1.432478610e+04 
1.432478610e+04 1.432478610e+04 1.432478610e+04 1.432478610e+04 1.432478610e+04 
1.432478610e+04 1.432478611e+04 1.432478611e+04 1.432478612e+04 1.432478619e+04 
1.432478650e+04 1.432478781e+04 1.432479309e+04 1.432481224e+04 1.432487019e+04 
1.432497781e+04 1.432472499e+04 1.432056200e+04 1.429249441e+04 1.415689208e+04 
1.367366296e+04 1.247895128e+04 1.053556981e+04 8.401901948e+03 6.635028421e+03 
5.377997440e+03 4.521379793e+03 3.890612844e+03 3.397430588e+03 2.991956963e+03 
2.644717564e+03 2.340840359e+03 2.074602757e+03 1.844556632e+03 1.650166188e+03 
1.490118655e+03 1.361781734e+03 1.261216589e+03 1.183176417e+03 1.109450477e+03 
1.037625570e+03 9.770341442e+02 9.382606006e+02 9.226663913e+02 9.182533630e+02 
9.171089408e+02 9.167889522e+02 9.166888292e+02 9.166553121e+02 9.166439649e+02 
9.166402102e+02 9.166390136e+02 9.166386480e+02 9.166385410e+02 9.166385109e+02 
9.166385028e+02 9.166385007e+02 9.166385002e+02 9.166385001e+02 9.166385001e+02 
9.166385000e+02 9.166385000e+02 9.166385000e+02 9.166385000e+02 9.166385000e+02 
9.166385000e+02 9.166385000e+02 9.166385000e+02 9.166385000e+02 9.166385000e+02 
9.166385000e+02 9.166385000e+02 9.166385000e+02 9.166385000e+02 9.166385000e+02 
9.166385000e+02 9.166385000e+02 9.166385000e+02 9.166385000e+02 9.166385000e+02 
9.166385000e+02 9.166385000e+02 9.166385000e+02 9.166385000e+02 9.166385000e+02 
9.166385000e+02 9.166385000e+02 9.166385000e+02 9.166385000e+02 9.166385000e+02 
9.166385000e+02 9.166385000e+02 9.166385000e+02 9.166385000e+02 9.166385000e+02 
9.166385000e+02 9.166385000e+02 9.166385000e+02 9.166385000e+02 9.166385000e+02 
9.166385000e+02 9.166385000e+02 9.166385000e+02 9.166385000e+02 9.166385000e+02 
9.166385000e+02 9.166385000e+02 9.166385000e+02 9.166385000e+02 9.166385000e+02 
9.166385000e+02 9.166385000e+02 9.166385000e+02 9.166385000e+02 9.166385000e+02 
9.166385000e+02 9.166385000e+02 9.166385000e+02 9.166385000e+02 9.166385000e+02 
9.166385000e+02 9.166385000e+02 9.166385000e+02 9.166385000e+02 9.166385000e+02 
9.166385000e+02 9.166385000e+02 9.166385000e+02 9.166385000e+02 9.166385000e+02 
9.166385000e+02 9.166385000e+02 9.166385000e+02 9.166385000e+02 9.166385000e+02 
MMW
2.015880000e+00 2.015880000e+00 2.015880000e+00 2.015880000e+00 2.015880000e+00 
2.015880000e+00 2.015880000e+00 2.015880000e+00 2.015880000e+00 2.015880000e+00 
2.015880000e+00 2.015880000e+00 2.015880000e+00 2.015880000e+00 2.015880000e+00 
2.015880000e+00 2.015880000e+00 2.015880000e+00 2.015880000e+00 2.015880000e+00 
2.015880000e+00 2.015880000e+00 2.015880000e+00 2.015880000e+00 2.015880000e+00 
2.015880000e+00 2.015880000e+00 2.015880000e+00 2.015880000e+00 2.015880000e+00 
2.015880000e+00 2.015880000e+00 2.015879999e+00 2.015879995e+00 2.015879979e+00 
2.015879910e+00 2.015879631e+00 2.015878598e+00 2.015875167e+00 2.015865875e+00 
2.015852744e+00 2.015915751e+00 2.016651699e+00 2.021218188e+00 2.042532457e+00 
2.119706515e+00 2.332771897e+00 2.781295020e+00 3.523421072e+00 4.541615013e+00 
5.772660663e+00 7.158371904e+00 8.675135563e+00 1.031288091e+01 1.207118060e+01 
1.395024097e+01 1.594030739e+01 1.801674898e+01 2.014141861e+01 2.226323663e+01 
2.431559806e+01 2.621657667e+01 2.788009726e+01 2.924175827e+01 3.028636136e+01 
3.104332488e+01 3.154223936e+01 3.180824917e+01 3.192157305e+01 3.196760573e+01 
3.198649227e+01 3.199413015e+01 3.199710786e+01 3.199821557e+01 3.199860752e+01 
3.199873947e+01 3.199878179e+01 3.199879475e+01 3.199879855e+01 3.199879961e+01 
3.199879990e+01 3.199879998e+01 3.199879999e+01 3.199880000e+01 3.199880000e+01 
3.199880000e+01 3.199880000e+01 3.199880000e+01 3.199880000e+01 3.199880000e+01 
3.199880000e+01 3.199880000e+01 3.199880000e+01 3.199880000e+01 3.199880000e+01 
3.199880000e+01 3.199880000e+01 3.199880000e+01 3.199880000e+01 3.199880000e+01 
3.199880000e+01 3.199880000e+01 3.199880000e+01 3.199880000e+01 3.199880000e+01 
3.199880000e+01 3.199880000e+01 3.199880000e+01 3.199880000e+01 3.199880000e+01 
3.199880000e+01 3.199880000e+01 3.199880000e+01 3.199880000e+01 3.199880000e+01 
3.199880000e+01 3.199880000e+01 3.199880000e+01 3.199880000e+01 3.199880000e+01 
3.199880000e+01 3.199880000e+01 3.199880000e+01 3.199880000e+01 3.199880000e+01 
3.199880000e+01 3.199880000e+01 3.199880000e+01 3.199880000e+01 3.199880000e+01 
3.199880000e+01 3.199880000e+01 3.199880000e+01 3.199880000e+01 3.199880000e+01 
3.199880000e+01 3.199880000e+01 3.199880000e+01 3.199880000e+01 3.199880000e+01 
3.199880000e+01 3.199880000e+01 3.199880000e+01 3.199880000e+01 3.199880000e+01 
3.199880000e+01 3.199880000e+01 3.199880000e+01 3.199880000e+01 3.199880000e+01 
3.199880000e+01 3.199880000e+01 3.199880000e+01 3.199880000e+01 3.199880000e+01 
3.199880000e+01 3.199880000e+01 3.199880000e+01 3.199880000e+01 3.199880000e+01 
rho
8.188905810e-02 8.188905810e-02 8.188905810e-02 8.188905810e-02 8.188905810e-02 
8.188905810e-02 8.188905810e-02 8.188905810e-02 8.188905810e-02 8.188905810e-02 
8.188905810e-02 8.188905810e-02 8.188905810e-02 8.188905810e-02 8.188905810e-02 
8.188905810e-02 8.188905810e-02 8.188905810e-02 8.188905810e-02 8.188905810e-02 
8.188905810e-02 8.188905810e-02 8.188905810e-02 8.188905810e-02 8.188905810e-02 
8.188905810e-02 8.188905810e-02 8.188905810e-02 8.188905810e-02 8.188905810e-02 
8.188905810e-02 8.188905808e-02 8.188905795e-02 8.188905725e-02 8.188905338e-02 
8.188903302e-02 8.188893068e-02 8.188844144e-02 8.188623155e-02 8.187686715e-02 
8.183996965e-02 8.170644546e-02 8.127137472e-02 8.004048453e-02 7.721815792e-02 
7.255527880e-02 6.789577042e-02 6.614140142e-02 6.802554672e-02 7.215525251e-02 
7.710542116e-02 8.228097347e-02 8.792176859e-02 9.437259508e-02 1.020842420e-01 
1.115776190e-01 1.234119191e-01 1.382086882e-01 1.567445937e-01 1.800831897e-01 
2.097396604e-01 2.479473939e-01 2.982139704e-01 3.664888088e-01 4.632618988e-01 
6.075638326e-01 8.254288232e-01 1.084167510e+00 1.239968967e+00 1.287311216e+00 
1.297444002e+00 1.299372898e+00 1.299745061e+00 1.299825831e+00 1.299846473e+00 
1.299852414e+00 1.299854200e+00 1.299854734e+00 1.299854889e+00 1.299854932e+00 
1.299854944e+00 1.299854947e+00 1.299854948e+00 1.299854948e+00 1.299854948e+00 
1.299854948e+00 1.299854948e+00 1.299854948e+00 1.299854948e+00 1.299854948e+00 
1.299854948e+00 1.299854948e+00 1.299854948e+00 1.299854948e+00 1.299854948e+00 
1.299854948e+00 1.299854948e+00 1.299854948e+00 1.299854948e+00 1.299854948e+00 
1.299854948e+00 1.299854948e+00 1.299854948e+00 1.299854948e+00 1.299854948e+00 
1.299854948e+00 1.299854948e+00 1.299854948e+00 1.299854948e+00 1.299854948e+00 
1.299854948e+00 1.299854948e+00 1.299854948e+00 1.299854948e+00 1.299854948e+00 
1.299854948e+00 1.299854948e+00 1.299854948e+00 1.299854948e+00 1.299854948e+00 
1.299854948e+00 1.299854948e+00 1.299854948e+00 1.299854948e+00 1.299854948e+00 
1.299854948e+00 1.299854948e+00 1.299854948e+00 1.299854948e+00 1.299854948e+00 
1.299854948e+00 1.299854948e+00 1.299854948e+00 1.299854948e+00 1.299854948e+00 
1.299854948e+00 1.299854948e+00 1.299854948e+00 1.299854948e+00 1.299854948e+00 
1.299854948e+00 1.299854948e+00 1.299854948e+00 1.299854948e+00 1.299854948e+00 
1.299854948e+00 1.299854948e+00 1.299854948e+00 1.299854948e+00 1.299854948e+00 
1.299854948e+00 1.299854948e+00 1.299854948e+00 1.299854948e+00 1.299854948e+00 
1.299854948e+00 1.299854948e+00 1.299854948e+00 1.299854948e+00 1.299854948e+00 
mu
9.000028555e-06 9.000028555e-06 9.000028555e-06 9.000028555e-06 9.000028555e-06 
9.000028555e-06 9.000028555e-06 9.000028555e-06 9.000028555e-06 9.000028555e-06 
9.000028555e-06 9.000028555e-06 9.000028555e-06 9.000028555e-06 9.000028555e-06 
9.000028555e-06 9.000028555e-06 9.000028555e-06 9.000028555e-06 9.000028555e-06 
9.000028555e-06 9.000028555e-06 9.000028555e-06 9.000028555e-06 9.000028555e-06 
9.000028555e-06 9.000028555e-06 9.000028555e-06 9.000028555e-06 9.000028555e-06 
9.000028555e-06 9.000028556e-06 9.000028563e-06 9.000028606e-06 9.000028848e-06 
9.000030161e-06 9.000036941e-06 9.000070115e-06 9.000223376e-06 9.000888828e-06 
9.003591041e-06 9.013792397e-06 9.049299959e-06 9.161682915e-06 9.477427151e-06 
1.023860793e-05 1.177480906e-05 1.438887281e-05 1.822178267e-05 2.315237379e-05 
2.884326029e-05 3.490930584e-05 4.097861570e-05 4.673254800e-05 5.188480632e-05 
5.616629910e-05 5.933638194e-05 6.121942438e-05 6.173728246e-05 6.091123881e-05 
5.883749631e-05 5.565447116e-05 5.151162256e-05 4.654937095e-05 4.090985347e-05 
3.475011201e-05 2.848356402e-05 2.356833113e-05 2.137302468e-05 2.079304677e-05 
2.067777193e-05 2.065807672e-05 2.065506068e-05 2.065464523e-05 2.065459544e-05 
2.065459102e-05 2.065459107e-05 2.065459125e-05 2.065459131e-05 2.065459134e-05 
2.065459134e-05 2.065459134e-05 2.065459134e-05 2.065459134e-05 2.065459134e-05 
2.065459134e-05 2.065459134e-05 2.065459134e-05 2.065459134e-05 2.065459134e-05 
2.065459134e-05 2.065459134e-05 2.065459134e-05 2.065459134e-05 2.065459134e-05 
2.065459134e-05 2.065459134e-05 2.065459134e-05 2.065459134e-05 2.065459134e-05 
2.065459134e-05 2.065459134e-05 2.065459134e-05 2.065459134e-05 2.065459134e-05 
2.065459134e-05 2.065459134e-05 2.065459134e-05 2.065459134e-05 2.065459134e-05 
2.065459134e-05 2.065459134e-05 2.065459134e-05 2.065459134e-05 2.065459134e-05 
2.065459134e-05 2.065459134e-05 2.065459134e-05 2.065459134e-05 2.065459134e-05 
2.065459134e-05 2.065459134e-05 2.065459134e-05 2.065459134e-05 2.065459134e-05 
2.065459134e-05 2.065459134e-05 2.065459134e-05 2.065459134e-05 2.065459134e-05 
2.065459134e-05 2.065459134e-05 2.065459134e-05 2.065459134e-05 2.065459134e-05 
2.065459134e-05 2.065459134e-05 2.065459134e-05 2.065459134e-05 2.065459134e-05 
2.065459134e-05 2.065459134e-05 2.065459134e-05 2.065459134e-05 2.065459134e-05 
2.065459134e-05 2.065459134e-05 2.065459134e-05 2.065459134e-05 2.065459134e-05 
2.065459134e-05 2.065459134e-05 2.065459134e-05 2.065459134e-05 2.065459134e-05 
2.065459134e-05 2.065459134e-05 2.065459134e-05 2.065459134e-05 2.065459134e-05 
TC
1.868277014e-01 1.868277014e-01 1.868277014e-01 1.868277014e-01 1.868277014e-01 
1.868277014e-01 1.868277014e-01 1.868277014e-01 1.868277014e-01 1.868277014e-01 
1.868277014e-01 1.868277014e-01 1.868277014e-01 1.868277014e-01 1.868277014e-01 
1.868277014e-01 1.868277014e-01 1.868277014e-01 1.868277014e-01 1.868277014e-01 
1.868277014e-01 1.868277014e-01 1.868277014e-01 1.868277014e-01 1.868277014e-01 
1.868277014e-01 1.868277014e-01 1.868277014e-01 1.868277014e-01 1.868277014e-01 
1.868277014e-01 1.868277015e-01 1.868277017e-01 1.868277030e-01 1.868277099e-01 
1.868277460e-01 1.868279264e-01 1.868287857e-01 1.868326598e-01 1.868490879e-01 
1.869141042e-01 1.871518804e-01 1.879437748e-01 1.902861898e-01 1.961692933e-01 
2.078785359e-01 2.252770515e-01 2.450775156e-01 2.646135169e-01 2.830662081e-01 
2.996219260e-01 3.128826792e-01 3.206830133e-01 3.214944463e-01 3.143750326e-01 
2.992093524e-01 2.769821871e-01 2.496830383e-01 2.197512714e-01 1.894335261e-01 
1.604118052e-01 1.337134006e-01 1.097649838e-01 8.855350720e-02 6.990478850e-02 
5.368145077e-02 4.022662581e-02 3.133291788e-02 2.776080178e-02 2.681541845e-02 
2.660052823e-02 2.655038449e-02 2.653714796e-02 2.653317746e-02 2.653190342e-02 
2.653149111e-02 2.653136082e-02 2.653132114e-02 2.653130954e-02 2.653130629e-02 
2.653130541e-02 2.653130518e-02 2.653130512e-02 2.653130511e-02 2.653130511e-02 
2.653130511e-02 2.653130511e-02 2.653130511e-02 2.653130511e-02 2.653130511e-02 
2.653130511e-02 2.653130511e-02 2.653130511e-02 2.653130511e-02 2.653130511e-02 
2.653130511e-02 2.653130511e-02 2.653130511e-02 2.653130511e-02 2.653130511e-02 
2.653130511e-02 2.653130511e-02 2.653130511e-02 2.653130511e-02 2.653130511e-02 
2.653130511e-02 2.653130511e-02 2.653130511e-02 2.653130511e-02 2.653130511e-02 
2.653130511e-02 2.653130511e-02 2.653130511e-02 2.653130511e-02 2.653130511e-02 
2.653130511e-02 2.653130511e-02 2.653130511e-02 2.653130511e-02 2.653130511e-02 
2.653130511e-02 2.653130511e-02 2.653130511e-02 2.653130511e-02 2.653130511e-02 
2.653130511e-02 2.653130511e-02 2.653130511e-02 2.653130511e-02 2.653130511e-02 
2.653130511e-02 2.653130511e-02 2.653130511e-02 2.653130511e-02 2.653130511e-02 
2.653130511e-02 2.653130511e-02 2.653130511e-02 2.653130511e-02 2.653130511e-02 
2.653130511e-02 2.653130511e-02 2.653130511e-02 2.653130511e-02 2.653130511e-02 
2.653130511e-02 2.653130511e-02 2.653130511e-02 2.653130511e-02 2.653130511e-02 
2.653130511e-02 2.653130511e-02 2.653130511e-02 2.653130511e-02 2.653130511e-02 
2.653130511e-02 2.653130511e-02 2.653130511e-02 2.653130511e-02 2.653130511e-02 
net_rxn-H2
7.784347468e-22 7.709573855e-22 7.635401670e-22 7.561751819e-22 7.488547186e-22 
7.415712230e-22 7.343172601e-22 7.270854762e-22 7.198685614e-22 7.126592119e-22 
7.054500917e-22 6.982337939e-22 6.910027987e-22 6.837494303e-22 6.764658023e-22 
6.691436593e-22 6.617728351e-22 6.543211743e-22 6.464696048e-22 6.341732900e-22 
5.659082751e-22 -2.021232429e-22 -9.534855810e-21 -1.212170305e-19 -1.425122051e-18 
-1.624410361e-17 -1.799043982e-16 -1.933143269e-15 -2.011680056e-14 -2.023237785e-13 
-1.962238833e-12 -1.830342402e-11 -1.636527209e-10 -1.395646419e-09 -1.125762157e-08 
-8.451765202e-08 -5.704373068e-07 -3.162344732e-06 -9.677844272e-06 7.341211996e-05 
1.817333936e-03 2.228300177e-02 2.035803245e-01 1.439402687e+00 7.383168235e+00 
2.388794453e+01 4.049670099e+01 1.925410834e+01 -5.886559178e+01 -1.775699959e+02 
-3.568168594e+02 -6.970227830e+02 -1.320562985e+03 -2.257755730e+03 -3.340117414e+03 
-4.206806553e+03 -4.492123696e+03 -4.086111886e+03 -3.201386985e+03 -2.181151829e+03 
-1.291480444e+03 -6.584197854e+02 -2.874095127e+02 -1.043940235e+02 -2.237091889e+01 
7.065922595e+00 6.183976293e+00 8.418728623e-01 2.611726105e-02 2.514577072e-04 
-1.236704784e-05 -1.342052755e-06 -9.658416361e-08 -5.983423171e-09 -3.298150521e-10 
-1.633120452e-11 -7.308617223e-13 -2.971497715e-14 -1.102749988e-15 -3.751516266e-17 
-1.174580728e-18 -3.396976403e-20 -9.105570839e-22 -2.269315352e-23 -5.273891372e-25 
-1.146063938e-26 -2.334779248e-28 -4.469846170e-30 -8.060061979e-32 -1.371882434e-33 
-2.208569558e-35 -3.369438851e-37 -4.880345746e-39 -6.722725173e-41 -8.821882582e-43 
-1.104548234e-44 -1.321513314e-46 -1.513043623e-48 -1.660181383e-50 -1.749844924e-52 
-1.800814747e-54 -2.211800613e-56 -8.794999825e-58 -1.045752054e-58 -1.456878888e-59 
-2.021488499e-60 -2.762850805e-61 -3.718512345e-62 -4.930408634e-63 -6.442987338e-64 
-8.301699844e-65 -1.055120535e-65 -1.323328736e-66 -1.638456834e-67 -2.003414063e-68 
-2.420125278e-69 -2.889320156e-70 -3.410357841e-71 -3.981100649e-72 -4.597847885e-73 
-5.255337397e-74 -5.946818244e-75 -6.664193370e-76 -7.398226641e-77 -8.138804533e-78 
-8.875239429e-79 -9.596599105e-80 -1.029204579e-80 -1.095116815e-81 -1.156429053e-82 
-1.212274594e-83 -1.261910196e-84 -1.304733187e-85 -1.340292691e-86 -1.368294894e-87 
-1.388602561e-88 -1.401229331e-89 -1.406329458e-90 -1.404183872e-91 -1.395183470e-92 
-1.379810585e-93 -1.358619544e-94 -1.332217147e-95 -1.301243788e-96 -1.266355814e-97 
-1.228209585e-98 -1.187447542e-99 -1.144686480e-100 -1.100508087e-101 -1.055451728e-102 
-1.010009346e-103 -9.646223251e-105 -9.196800836e-106 -8.755201638e-107 -8.324295642e-108 
-7.906470654e-109 -7.503663079e-110 -7.117393548e-111 -6.748800449e-112 -6.398619694e-113 
net_rxn-H
-3.892173734e-22 -3.854786928e-22 -3.817700835e-22 -3.780875910e-22 -3.744273593e-22 
-3.707856115e-22 -3.671586300e-22 -3.635427381e-22 -3.599342807e-22 -3.563296059e-22 
-3.527250459e-22 -3.491168970e-22 -3.455013994e-22 -3.418747152e-22 -3.382329012e-22 
-3.345718296e-22 -3.308864175e-22 -3.271605871e-22 -3.232348024e-22 -3.170866450e-22 
-2.829541377e-22 1.010616156e-22 4.767427650e-21 6.060850470e-20 7.125606079e-19 
8.122036101e-18 8.995163854e-17 9.665527066e-16 1.005779770e-14 1.011438637e-13 
9.806145967e-13 9.138526636e-12 8.150647694e-11 6.906457944e-10 5.480539869e-09 
3.945205785e-08 2.367651461e-07 8.219804347e-07 -5.910883359e-06 -1.737828493e-04 
-2.479217695e-03 -2.727672065e-02 -2.493477735e-01 -1.887138664e+00 -1.107971324e+01 
-4.440799923e+01 -1.073037856e+02 -1.546835513e+02 -1.468673348e+02 -9.675322349e+01 
-1.287334151e+01 1.329202651e+02 3.753646071e+02 7.112215466e+02 1.059199826e+03 
1.273430897e+03 1.231991982e+03 9.392925427e+02 5.278112568e+02 1.559449979e+02 
-8.117103430e+01 -1.733115104e+02 -1.819605957e+02 -1.975018144e+02 -2.508056520e+02 
-2.661884331e+02 -1.668096746e+02 -4.446193472e+01 -5.249957929e+00 -4.198393302e-01 
-3.005156595e-02 -2.092172959e-03 -1.441235467e-04 -9.855355651e-06 -6.694690338e-07 
-4.518952270e-08 -3.031585240e-09 -2.021522486e-10 -1.339998196e-11 -8.830410208e-13 
-5.785482674e-14 -3.768855329e-15 -2.441284362e-16 -1.572510296e-17 -1.007306781e-18 
-6.417265805e-20 -4.066168028e-21 -2.562682799e-22 -1.606593786e-23 -1.001951529e-24 
-6.216482166e-26 -3.837321723e-27 -2.356816097e-28 -1.440342552e-29 -8.759460614e-31 
-5.301386793e-32 -3.193239212e-33 -1.914400177e-34 -1.142412573e-35 -6.786284257e-37 
-4.013192295e-38 -2.362799868e-39 -1.385075067e-40 -8.084619952e-42 -4.699119639e-43 
-2.720036990e-44 -1.568070172e-45 -9.003671708e-47 -5.149540921e-48 -2.933887375e-49 
-1.665236438e-50 -9.416673523e-52 -5.305666834e-53 -2.978757247e-54 -1.666536580e-55 
-9.292043210e-57 -5.163644654e-58 -2.860108130e-59 -1.579144403e-60 -8.691743951e-62 
-4.769470525e-63 -2.609420936e-64 -1.423513146e-65 -7.743813784e-67 -4.201043536e-68 
-2.273009119e-69 -1.226647579e-70 -6.603072209e-72 -3.545789423e-73 -1.899562491e-74 
-1.015315780e-75 -5.414879534e-77 -2.881707075e-78 -1.530444357e-79 -8.111950236e-81 
-4.291476143e-82 -2.266190740e-83 -1.194421859e-84 -6.372826994e-86 -3.765337431e-87 
-1.103308756e-87 -8.895604616e-88 -1.934851224e-88 -1.849626115e-88 1.834858110e-88 
-2.755055951e-89 -1.306992367e-88 -4.019478708e-88 -1.401990612e-88 -2.638780355e-88 
-4.269932175e-88 7.085326303e-89 -1.705953913e-89 1.998294344e-88 6.229818727e-89 
5.701172716e-89 1.697399650e-89 -1.826121671e-91 -1.107508365e-92 -1.568155960e-93 
net_rxn-O
8.228891035e-24 8.228759428e-24 8.228627610e-24 8.228495442e-24 8.228362787e-24 
8.228229502e-24 8.228095443e-24 8.227960461e-24 8.227824402e-24 8.227687106e-24 
8.227548408e-24 8.227408131e-24 8.227266091e-24 8.227122084e-24 8.226975765e-24 
8.226825034e-24 8.226644227e-24 8.226094645e-24 8.220749548e-24 8.153796312e-24 
7.310634322e-24 -3.105344807e-24 -1.289143715e-22 -1.612237487e-21 -1.865698850e-20 
-2.092317903e-19 -2.278947894e-18 -2.407277511e-17 -2.461435325e-16 -2.431320843e-15 
-2.314991424e-14 -2.119884000e-13 -1.862507125e-12 -1.566683650e-11 -1.261188592e-10 
-9.786036988e-10 -7.579266651e-09 -6.524367064e-08 -7.388110686e-07 -1.112214185e-05 
-1.842143505e-04 -2.873648013e-03 -3.901167723e-02 -4.320426064e-01 -3.539278753e+00 
-1.880613132e+01 -6.040372708e+01 -1.279464839e+02 -2.170335137e+02 -3.503104924e+02 
-5.666964925e+02 -9.064075974e+02 -1.389556964e+03 -1.922252995e+03 -2.175844875e+03 
-1.622772864e+03 9.567760835e+01 2.676097016e+03 5.126708462e+03 6.336643782e+03 
5.706765577e+03 3.515898227e+03 9.374749066e+02 -6.223534029e+02 -7.648417539e+02 
-3.587821056e+02 -1.043460874e+02 -1.800902463e+01 -1.549420273e+00 -8.363085807e-02 
-3.442266423e-03 -1.185166693e-04 -3.565194593e-06 -9.596819908e-08 -2.345186545e-09 
-5.247371979e-11 -1.079955486e-12 -2.048938088e-14 -3.587557833e-16 -5.798246734e-18 
-8.602986176e-20 -1.122503646e-21 -8.919145526e-24 2.854137791e-25 2.955436804e-26 
2.032455912e-27 1.308889031e-28 8.281452735e-30 5.197082395e-31 3.242049669e-32 
2.011638063e-33 1.241771885e-34 7.626783982e-36 4.661031733e-37 2.834612860e-38 
1.715559983e-39 1.033351026e-40 6.195111802e-42 3.696914417e-43 2.196081583e-44 
1.298692680e-45 7.646159632e-47 4.482184550e-48 2.616230666e-49 1.520662811e-50 
8.802200013e-52 5.074367495e-53 2.913641231e-54 1.666421793e-55 9.494232463e-57 
5.388803260e-58 3.047291052e-59 1.716945058e-60 9.639434013e-62 5.393010597e-63 
3.006959948e-64 1.670985844e-65 9.255478496e-67 5.110204523e-68 2.812701188e-69 
1.543444954e-70 8.445858108e-72 4.622754075e-73 2.667760125e-74 2.977645883e-75 
1.691719350e-75 1.622132939e-75 1.618377114e-75 1.618174909e-75 1.618164049e-75 
1.618163468e-75 1.618163436e-75 1.618163435e-75 1.618163435e-75 1.618163435e-75 
1.618163435e-75 1.618163435e-75 1.618163435e-75 1.618163435e-75 1.618163435e-75 
1.618163435e-75 1.618163435e-75 1.618163435e-75 1.618163435e-75 1.618163435e-75 
1.618163435e-75 1.618163435e-75 1.618163435e-75 1.618163435e-75 1.618163435e-75 
1.618163435e-75 1.618163435e-75 1.618163435e-75 1.618163435e-75 1.618163435e-75 
1.618163435e-75 1.618163435e-75 1.618163435e-75 1.618163435e-75 1.618163435e-75 
net_rxn-O2
-1.456511612e-49 -1.456511610e-49 -1.456511609e-49 -1.456511608e-49 -1.456511606e-49 
-1.456511605e-49 -1.456511604e-49 -1.456511603e-49 -1.456511601e-49 -1.456511600e-49 
-1.456511599e-49 -1.456511597e-49 -6.821280209e-44 -8.674158555e-43 -6.863311450e-42 
-5.123786001e-41 -3.750818901e-40 -2.703313522e-39 -1.917460247e-38 -1.337309417e-37 
-9.184518737e-37 -6.467579727e-36 -7.380762442e-35 -3.589430517e-33 -3.178232567e-31 
-2.850217908e-29 -2.428142962e-27 -1.950161176e-25 -1.470848140e-23 -1.037729125e-21 
-6.820780950e-20 -4.158225237e-18 -2.340194620e-16 -1.209615143e-14 -5.710632173e-13 
-2.447548158e-11 -9.460094140e-10 -3.273186268e-08 -1.005445540e-06 -2.715894850e-05 
-6.376039546e-04 -1.279869396e-02 -2.136592134e-01 -2.810580755e+00 -2.633876710e+01 
-1.529202719e+02 -5.055744595e+02 -1.021181365e+03 -1.477091225e+03 -1.771758401e+03 
-2.082211515e+03 -2.934454588e+03 -5.087512620e+03 -9.111872877e+03 -1.493317344e+04 
-2.151050277e+04 -2.699890311e+04 -2.960268843e+04 -2.853230628e+04 -2.417476657e+04 
-1.764246845e+04 -1.049618631e+04 -4.670122059e+03 -1.822323202e+03 -1.758451398e+03 
-2.169920585e+03 -1.604825826e+03 -6.515981141e+02 -1.085479358e+02 -1.056578262e+01 
-8.541195696e-01 -6.346419673e-02 -4.501909338e-03 -3.113336792e-04 -2.122746404e-05 
-1.434352543e-06 -9.624662329e-08 -6.418038455e-09 -4.254218370e-10 -2.803424702e-11 
-1.836720121e-12 -1.196493741e-13 -7.750294224e-15 -4.992209732e-16 -3.197870572e-17 
-2.037272292e-18 -1.290875461e-19 -8.135680206e-21 -5.100410082e-22 -3.180868564e-23 
-1.973529868e-24 -1.218224203e-25 -7.482120656e-27 -4.572616747e-28 -2.780842394e-29 
-1.683017002e-30 -1.013749061e-31 -6.077594738e-33 -3.626786459e-34 -2.154423405e-35 
-1.274057361e-36 -7.501117171e-38 -4.397160550e-39 -2.566602545e-40 -1.491816869e-41 
-8.635228250e-43 -4.978110186e-44 -2.858371433e-45 -1.634810902e-46 -9.314133314e-48 
-5.286581318e-49 -2.989486009e-50 -1.684375775e-51 -9.456580489e-53 -5.290708844e-54 
-2.949919958e-55 -1.639288376e-56 -9.079908332e-58 -5.013267251e-59 -2.759344567e-60 
-1.514150976e-61 -8.284058441e-63 -4.519188887e-64 -2.458407728e-65 -1.333693991e-66 
-7.216061062e-68 -3.894206689e-69 -2.096275754e-70 -1.125834048e-71 -6.046671605e-73 
-3.385112073e-74 -3.337210712e-75 -1.709648218e-75 -1.623022096e-75 -1.618420963e-75 
-1.618177059e-75 -1.618164154e-75 -1.618163473e-75 -1.618163437e-75 -1.618163435e-75 
-1.618163435e-75 -1.618163435e-75 -1.618163435e-75 -1.618163435e-75 -1.618163435e-75 
-1.618163435e-75 -1.618163435e-75 -1.618163435e-75 -1.618163435e-75 -1.618163435e-75 
-1.618163435e-75 -1.618163435e-75 -1.618163435e-75 -1.618163435e-75 -1.618163435e-75 
-1.618163435e-75 -1.618163435e-75 -1.618163435e-75 -1.618163435e-75 -1.618163435e-75 
net_rxn-OH
6.549912392e-21 6.486828547e-21 6.424252108e-21 6.362116347e-21 6.300356202e-21 
6.238907944e-21 6.177708845e-21 6.116696866e-21 6.055810335e-21 5.994987632e-21 
5.934166867e-21 5.873285550e-21 5.812280240e-21 5.751086178e-21 5.689636830e-21 
5.627862553e-21 5.565677632e-21 5.502811503e-21 5.436581666e-21 5.332983901e-21 
4.758846186e-21 -1.698647820e-21 -8.016848614e-20 -1.019242195e-18 -1.198364494e-17 
-1.366017873e-16 -1.512960753e-15 -1.625845717e-14 -1.692059312e-13 -1.702076698e-12 
-1.651408771e-11 -1.541919683e-10 -1.382123456e-09 -1.186240196e-08 -9.720956869e-08 
-7.582799626e-07 -5.612211451e-06 -3.928716140e-05 -2.594980411e-04 -1.616821173e-03 
-9.528353110e-03 -5.306088332e-02 -2.692058783e-01 -1.073931685e+00 -2.088884390e+00 
5.175231435e+00 4.800492747e+01 1.277112416e+02 1.064878255e+02 -1.372130925e+02 
-6.243912355e+02 -1.365894930e+03 -2.186646737e+03 -2.640029624e+03 -2.112367238e+03 
-3.114357544e+02 2.191695003e+03 4.156318544e+03 4.663399555e+03 3.783133129e+03 
2.275036146e+03 9.150997204e+02 1.895786960e+02 3.399488373e+02 9.989085156e+02 
9.746772854e+02 7.468700932e+01 -1.362417722e+02 -2.016502777e+01 -1.192568792e+00 
-4.746236447e-02 -1.504573085e-03 -4.067979763e-05 -9.802247190e-07 -2.212849226e-08 
-5.030963175e-10 -1.251733649e-11 -3.535284420e-13 -1.086560373e-14 -3.388164078e-16 
-1.020767224e-17 -2.902185329e-19 -7.716708683e-21 -1.913457276e-22 -4.418056101e-24 
-9.448660248e-26 -1.829356518e-27 -2.887890868e-29 -1.269991947e-31 2.289862103e-32 
1.952200998e-33 1.291600272e-34 8.066124361e-36 4.949003781e-37 3.012445968e-38 
1.823544785e-39 1.098439569e-40 6.585382497e-42 3.929813497e-43 2.334431528e-44 
1.380508502e-45 8.127857065e-47 4.764555956e-48 2.781049568e-49 1.616462458e-50 
9.356726401e-52 5.394045606e-53 3.097196586e-54 1.771404053e-55 1.009235593e-56 
5.728290388e-58 3.239266161e-59 1.825110214e-60 1.024670498e-61 5.732762781e-63 
3.196394253e-64 1.776255633e-65 9.838560782e-67 5.432140145e-68 2.989895740e-69 
1.640662644e-70 8.976215344e-72 4.896780113e-73 2.663814763e-74 1.445127957e-75 
7.818983536e-77 4.219577100e-78 2.271408085e-79 1.219725382e-80 6.534354728e-82 
3.492611335e-83 1.862678599e-84 9.912859780e-86 5.264615812e-87 2.790451219e-88 
1.476236344e-89 7.795531223e-91 4.108725419e-92 2.192207845e-93 1.295250673e-94 
3.795303026e-95 3.060022538e-95 6.655745573e-96 6.362577285e-96 -6.311776413e-96 
9.477189042e-97 4.495957234e-96 1.382670996e-95 4.822744183e-96 9.077209576e-96 
1.468825140e-95 -2.437299931e-96 5.868355495e-97 -6.873984992e-96 -2.143011642e-96 
-1.961161318e-96 -5.838929461e-97 6.281723710e-99 3.809746997e-100 5.394340712e-101 
net_rxn-HO2
2.780245458e-35 2.780245456e-35 2.780245453e-35 2.780245451e-35 2.780245449e-35 
2.780245446e-35 2.780245444e-35 2.780245441e-35 2.780245439e-35 2.780245436e-35 
2.780245434e-35 2.780245431e-35 2.780245800e-35 2.780250148e-35 2.780282781e-35 
2.780524308e-35 2.782286984e-35 2.794959491e-35 2.884610923e-35 3.507993474e-35 
7.763355059e-35 3.624783312e-34 2.233045742e-33 1.459668723e-32 1.274215836e-31 
3.982610240e-30 2.941689777e-28 2.322250496e-26 1.737996042e-24 1.217594638e-22 
7.947170530e-21 4.811181359e-19 2.688862040e-17 1.380209936e-15 6.470940717e-14 
2.754145228e-12 1.056987550e-10 3.630153426e-09 1.106064639e-07 2.958851242e-06 
6.854871033e-05 1.345956162e-03 2.149300510e-02 2.564832690e-01 1.963701089e+00 
7.985870483e+00 1.559339401e+01 1.655969089e+01 1.427358539e+01 1.342129060e+01 
1.269038961e+01 9.652580161e+00 6.439282495e+00 3.321977413e+00 5.733072908e-01 
-1.590202995e+00 -3.362526926e+00 -5.648102452e+00 -1.001584675e+01 -1.854548120e+01 
-3.397471586e+01 -5.956394312e+01 -9.689107317e+01 -1.405858916e+02 -1.623506568e+02 
-1.049267237e+01 5.145096441e+02 5.135620759e+02 1.045694935e+02 1.069186825e+01 
8.773292402e-01 6.544802051e-02 4.645697539e-03 3.212432233e-04 2.189954586e-05 
1.479626037e-06 9.928046479e-08 6.620246046e-09 4.388231355e-10 2.891731974e-11 
1.894575731e-12 1.234182489e-13 7.994423136e-15 5.149460869e-16 3.298601271e-17 
2.101444951e-18 1.331537140e-19 8.391948471e-21 5.261069450e-22 3.281063710e-23 
2.035694686e-24 1.256597418e-25 7.717802250e-27 4.716650992e-28 2.868436995e-29 
1.736030866e-30 1.045681451e-31 6.269034742e-33 3.741027709e-34 2.222286243e-35 
1.314189281e-36 7.737397142e-38 4.535668048e-39 2.647448739e-40 1.538808062e-41 
8.907231931e-43 5.134917193e-44 2.948408144e-45 1.686306308e-46 9.607522032e-48 
5.453104951e-49 3.083652737e-50 1.737432440e-51 9.754456194e-53 5.457362491e-54 
3.042840384e-55 1.690924819e-56 9.365919126e-58 5.171181681e-59 2.846262001e-60 
1.561845678e-61 8.545000517e-63 4.661540192e-64 2.535845861e-65 1.375704422e-66 
7.443361797e-68 4.016869821e-69 2.162290290e-70 1.161130124e-71 6.220446208e-73 
3.324827302e-74 1.773196070e-75 9.436649035e-77 5.011705389e-78 2.656398962e-79 
1.405318598e-80 7.421038419e-82 3.911345724e-83 2.086897104e-84 1.233029484e-85 
3.612980009e-86 2.913020150e-86 6.336005671e-87 6.056920907e-87 -6.008560471e-87 
9.021907584e-88 4.279972730e-87 1.316247876e-86 4.591060928e-87 8.641143015e-87 
1.398263199e-86 -2.320212737e-87 5.586441369e-88 -6.543760713e-87 -2.040061973e-87 
-1.866947687e-87 -5.558428954e-88 5.979951494e-90 3.626727837e-91 5.135198121e-92 
net_rxn-H2O
-6.947358657e-21 -6.880535999e-21 -6.814250819e-21 -6.748432433e-21 -6.683011924e-21 
-6.617921785e-21 -6.553095571e-21 -6.488467565e-21 -6.423972440e-21 -6.359544925e-21 
-6.295119462e-21 -6.230629855e-21 -6.166008905e-21 -6.101188015e-21 -6.036096707e-21 
-5.970661207e-21 -5.904790694e-21 -5.838198184e-21 -5.768037218e-21 -5.658224342e-21 
-5.049110958e-21 1.802814792e-21 8.506482867e-20 1.081462958e-18 1.271486338e-17 
1.449330866e-16 1.605192461e-15 1.724912051e-14 1.795110776e-13 1.805687935e-12 
1.751886192e-11 1.635688577e-10 1.466132414e-09 1.258308014e-08 1.031132755e-07 
8.043458740e-07 5.954302732e-06 4.172184761e-05 2.767193679e-04 1.752473286e-03 
1.094213949e-02 7.234218026e-02 5.452426345e-01 4.491353994e+00 3.349890322e+01 
1.777577206e+02 5.652885420e+02 1.135703543e+03 1.777350643e+03 2.520960896e+03 
3.631871501e+03 5.762878744e+03 9.604228272e+03 1.521918873e+04 2.150327944e+04 
2.638042306e+04 2.797473308e+04 2.592190224e+04 2.142569122e+04 1.610146287e+04 
1.107578962e+04 6.973542054e+03 4.133389419e+03 2.566462935e+03 1.952751627e+03 
1.778352159e+03 1.227221480e+03 3.059668411e+02 2.647296339e+01 1.343924278e+00 
5.058306477e-02 1.546128869e-03 4.019733932e-05 9.229091507e-07 1.975903621e-08 
4.335957016e-10 1.093035387e-11 3.262361809e-13 1.061665617e-14 3.440249692e-16 
1.058950133e-17 3.044650734e-19 8.144563660e-21 2.028346137e-22 4.712631205e-24 
1.023992446e-25 2.086004310e-27 3.993495497e-29 7.201020743e-31 1.225657578e-32 
1.973151934e-34 3.010263006e-36 4.360084847e-38 6.006025858e-40 7.881349269e-42 
9.867823971e-44 1.180607263e-45 1.351699896e-47 1.483020707e-49 1.561288824e-51 
1.579220415e-53 1.536593475e-55 1.439943854e-57 1.301061116e-59 1.134732363e-61 
9.563012712e-64 7.795579908e-66 6.153004277e-68 4.706851408e-70 3.492891664e-72 
2.516785465e-74 1.762372611e-76 1.200364854e-78 7.958962859e-81 5.141403747e-83 
3.238430013e-85 1.990453897e-87 1.194713814e-89 7.007961496e-92 4.020225736e-94 
2.257086761e-96 1.241043460e-98 6.687479959e-101 3.533986775e-103 1.832647893e-105 
9.332209034e-108 4.669343552e-110 2.297006204e-112 1.111632710e-114 5.294933800e-117 
2.481672834e-119 1.138362930e-121 4.897683648e-124 1.283588742e-126 -2.293684090e-128 
-9.862123214e-130 -3.149121162e-131 -9.664369977e-133 -2.935665386e-134 -8.864443244e-136 
-2.663008491e-137 -7.962011087e-139 -2.369870240e-140 -7.024172717e-142 -2.073715996e-143 
-6.099161988e-145 -1.783499979e-146 -4.739529798e-148 3.735702843e-149 4.317339740e-149 
3.015162292e-149 1.323957895e-149 4.046080374e-151 1.248034724e-152 3.415123008e-154 
6.846649896e-156 1.711006862e-157 4.707254010e-159 1.350909308e-160 3.876873804e-162 
net_rxn-H2O2
-2.865146924e-35 -2.865146921e-35 -2.865146919e-35 -2.865146917e-35 -2.865146914e-35 
-2.865146912e-35 -2.865146909e-35 -2.865146907e-35 -2.865146904e-35 -2.865146901e-35 
-2.865146899e-35 -2.865146896e-35 -2.865146894e-35 -2.865146893e-35 -2.865146904e-35 
-2.865147003e-35 -2.865147744e-35 -2.865153069e-35 -2.865190454e-35 -2.865445241e-35 
-2.867098585e-35 -2.876772081e-35 -2.918298190e-35 -2.866442275e-35 3.841347679e-36 
-9.587917760e-34 -1.478253057e-31 -1.173677322e-29 -7.551407934e-28 -3.864141224e-26 
-1.145370750e-24 5.174462933e-23 1.265765940e-20 1.369805621e-18 1.125290383e-16 
7.721322121e-15 4.562938333e-13 2.346204365e-11 1.050988354e-09 4.085487391e-08 
1.366968925e-06 3.880775770e-05 9.085782789e-04 1.645376200e-02 2.008709387e-01 
1.327635380e+00 3.898407716e+00 4.582816126e+00 1.745611429e+00 -7.769812066e-01 
-1.572446663e+00 -1.671690455e+00 -1.752855236e+00 -1.821029722e+00 -1.549605830e+00 
-7.458103385e-01 2.916606945e-01 8.380728635e-01 9.861371824e-02 -2.720906968e+00 
-8.496693493e+00 -1.705845085e+01 -2.405978095e+01 -1.925343800e+01 7.160237164e+00 
4.528842906e+01 5.337947819e+01 2.994005578e+01 4.443767580e+00 2.257776110e-01 
7.175828522e-03 1.866521163e-04 4.479582515e-06 1.050787853e-07 2.431679387e-09 
5.433406915e-11 1.141547457e-12 2.215464435e-14 3.939658727e-16 6.406942860e-18 
9.541435100e-20 1.304787459e-21 1.643791352e-23 1.914222629e-25 2.067262450e-27 
2.076848415e-29 1.946660260e-31 1.707042841e-33 1.404065807e-35 1.085855670e-37 
7.913887259e-40 5.447237941e-42 3.548264909e-44 2.191519307e-46 1.285714397e-48 
7.175236891e-51 3.804774043e-53 1.870083343e-55 6.219936077e-58 -9.872811015e-60 
-6.009043146e-61 -2.636058750e-62 -1.104173311e-63 -4.523728335e-65 -1.818063088e-66 
-7.173518270e-68 -2.780511474e-69 -1.059320616e-70 -3.968921877e-72 -1.463135678e-73 
-5.309835050e-75 -1.897897085e-76 -6.684425250e-78 -2.320886949e-79 -7.947592700e-81 
-2.685325368e-82 -8.956142920e-84 -2.949757873e-85 -9.597697827e-87 -3.086264173e-88 
-9.811841323e-90 -3.085188585e-91 -9.598107220e-93 -2.955410160e-94 -9.010122403e-96 
-2.720657728e-97 -8.139432795e-99 -2.413434210e-100 -7.094788279e-102 -2.068451053e-103 
-5.982597845e-105 -1.717148671e-106 -4.892515829e-108 -1.384183308e-109 -3.889743433e-111 
-1.086033896e-112 -3.014040453e-114 -8.352952588e-116 -2.589301424e-117 -2.575509797e-118 
-1.087116646e-118 -1.963491501e-119 4.212325995e-119 6.847793283e-119 6.773699752e-119 
4.782138268e-119 3.821630289e-119 4.425781476e-119 5.066682521e-119 3.073863211e-119 
1.258840874e-120 3.848642378e-122 1.056758622e-123 2.962392655e-125 8.825352874e-127 
2.248412103e-128 5.559560734e-130 1.357193088e-131 3.519416624e-133 9.126399891e-135 
massfraction-H2
1.000000000e+00 1.000000000e+00 1.000000000e+00 1.000000000e+00 1.000000000e+00 
1.000000000e+00 1.000000000e+00 1.000000000e+00 1.000000000e+00 1.000000000e+00 
1.000000000e+00 1.000000000e+00 1.000000000e+00 1.000000000e+00 1.000000000e+00 
1.000000000e+00 1.000000000e+00 1.000000000e+00 1.000000000e+00 1.000000000e+00 
1.000000000e+00 1.000000000e+00 1.000000000e+00 1.000000000e+00 1.000000000e+00 
1.000000000e+00 1.000000000e+00 1.000000000e+00 1.000000000e+00 1.000000000e+00 
1.000000000e+00 9.999999999e-01 9.999999995e-01 9.999999977e-01 9.999999894e-01 
9.999999536e-01 9.999998040e-01 9.999991966e-01 9.999967647e-01 9.999869159e-01 
9.999455256e-01 9.997634796e-01 9.989453579e-01 9.953846416e-01 9.814683584e-01 
9.372411748e-01 8.349953737e-01 6.753252975e-01 5.036648871e-01 3.615258061e-01 
2.579592575e-01 1.849666779e-01 1.327182384e-01 9.462248474e-02 6.655530422e-02 
4.596460778e-02 3.116982199e-02 2.088339223e-02 1.397965825e-02 9.468250630e-03 
6.544679094e-03 4.617652836e-03 3.293227109e-03 2.332853426e-03 1.603337880e-03 
1.035496413e-03 6.028337849e-04 3.086382837e-04 1.430537934e-04 6.189432501e-05 
2.521715167e-05 9.706092498e-06 3.539012889e-06 1.225568019e-06 4.040841492e-07 
1.271379951e-07 3.825326278e-08 1.102825218e-08 3.052009853e-09 8.121719329e-10 
2.081542996e-10 0.000000000e+00 0.000000000e+00 0.000000000e+00 0.000000000e+00 
0.000000000e+00 0.000000000e+00 0.000000000e+00 0.000000000e+00 0.000000000e+00 
0.000000000e+00 0.000000000e+00 0.000000000e+00 0.000000000e+00 0.000000000e+00 
0.000000000e+00 0.000000000e+00 0.000000000e+00 0.000000000e+00 0.000000000e+00 
0.000000000e+00 0.000000000e+00 0.000000000e+00 0.000000000e+00 0.000000000e+00 
0.000000000e+00 0.000000000e+00 0.000000000e+00 0.000000000e+00 0.000000000e+00 
0.000000000e+00 0.000000000e+00 0.000000000e+00 0.000000000e+00 0.000000000e+00 
0.000000000e+00 0.000000000e+00 0.000000000e+00 0.000000000e+00 0.000000000e+00 
0.000000000e+00 0.000000000e+00 0.000000000e+00 0.000000000e+00 0.000000000e+00 
0.000000000e+00 0.000000000e+00 0.000000000e+00 0.000000000e+00 0.000000000e+00 
0.000000000e+00 0.000000000e+00 0.000000000e+00 0.000000000e+00 0.000000000e+00 
0.000000000e+00 0.000000000e+00 0.000000000e+00 0.000000000e+00 0.000000000e+00 
0.000000000e+00 0.000000000e+00 0.000000000e+00 0.000000000e+00 0.000000000e+00 
0.000000000e+00 0.000000000e+00 0.000000000e+00 0.000000000e+00 0.000000000e+00 
0.000000000e+00 0.000000000e+00 0.000000000e+00 0.000000000e+00 0.000000000e+00 
0.000000000e+00 0.000000000e+00 0.000000000e+00 0.000000000e+00 0.000000000e+00 
massfraction-H
0.000000000e+00 0.000000000e+00 0.000000000e+00 0.000000000e+00 0.000000000e+00 
0.000000000e+00 0.000000000e+00 0.000000000e+00 0.000000000e+00 0.000000000e+00 
0.000000000e+00 0.000000000e+00 0.000000000e+00 0.000000000e+00 0.000000000e+00 
0.000000000e+00 0.000000000e+00 0.000000000e+00 0.000000000e+00 0.000000000e+00 
0.000000000e+00 0.000000000e+00 0.000000000e+00 0.000000000e+00 0.000000000e+00 
0.000000000e+00 0.000000000e+00 0.000000000e+00 0.000000000e+00 0.000000000e+00 
0.000000000e+00 0.000000000e+00 4.874678090e-10 2.308452551e-09 1.048713005e-08 
4.558779557e-08 1.891050446e-07 7.463187985e-07 2.793169780e-06 9.877800395e-06 
3.287339531e-05 1.024494590e-04 2.969362633e-04 7.910070166e-04 1.892913669e-03 
3.908832187e-03 6.635463384e-03 9.069654255e-03 1.036736187e-02 1.065645481e-02 
1.044241584e-02 1.003689898e-02 9.528940065e-03 8.915642572e-03 8.164296291e-03 
7.257603757e-03 6.221524167e-03 5.125645941e-03 4.058117651e-03 3.094264957e-03 
2.277409031e-03 1.615944884e-03 1.091879642e-03 6.777350059e-04 3.582182969e-04 
1.403216441e-04 3.227582844e-05 3.801046033e-06 3.052453774e-07 2.194324758e-08 
1.535962071e-09 1.064287379e-10 0.000000000e+00 0.000000000e+00 0.000000000e+00 
0.000000000e+00 0.000000000e+00 0.000000000e+00 0.000000000e+00 0.000000000e+00 
0.000000000e+00 0.000000000e+00 0.000000000e+00 0.000000000e+00 0.000000000e+00 
0.000000000e+00 0.000000000e+00 0.000000000e+00 0.000000000e+00 0.000000000e+00 
0.000000000e+00 0.000000000e+00 0.000000000e+00 0.000000000e+00 0.000000000e+00 
0.000000000e+00 0.000000000e+00 0.000000000e+00 0.000000000e+00 0.000000000e+00 
0.000000000e+00 0.000000000e+00 0.000000000e+00 0.000000000e+00 0.000000000e+00 
0.000000000e+00 0.000000000e+00 0.000000000e+00 0.000000000e+00 0.000000000e+00 
0.000000000e+00 0.000000000e+00 0.000000000e+00 0.000000000e+00 0.000000000e+00 
0.000000000e+00 0.000000000e+00 0.000000000e+00 0.000000000e+00 0.000000000e+00 
0.000000000e+00 0.000000000e+00 0.000000000e+00 0.000000000e+00 0.000000000e+00 
0.000000000e+00 0.000000000e+00 0.000000000e+00 0.000000000e+00 0.000000000e+00 
0.000000000e+00 0.000000000e+00 0.000000000e+00 0.000000000e+00 0.000000000e+00 
0.000000000e+00 0.000000000e+00 0.000000000e+00 0.000000000e+00 0.000000000e+00 
0.000000000e+00 0.000000000e+00 0.000000000e+00 0.000000000e+00 0.000000000e+00 
0.000000000e+00 0.000000000e+00 0.000000000e+00 0.000000000e+00 0.000000000e+00 
0.000000000e+00 0.000000000e+00 0.000000000e+00 0.000000000e+00 0.000000000e+00 
0.000000000e+00 0.000000000e+00 0.000000000e+00 0.000000000e+00 0.000000000e+00 
massfraction-O
0.000000000e+00 0.000000000e+00 0.000000000e+00 0.000000000e+00 0.000000000e+00 
0.000000000e+00 0.000000000e+00 0.000000000e+00 0.000000000e+00 0.000000000e+00 
0.000000000e+00 0.000000000e+00 0.000000000e+00 0.000000000e+00 0.000000000e+00 
0.000000000e+00 0.000000000e+00 0.000000000e+00 0.000000000e+00 0.000000000e+00 
0.000000000e+00 0.000000000e+00 0.000000000e+00 0.000000000e+00 0.000000000e+00 
0.000000000e+00 0.000000000e+00 0.000000000e+00 0.000000000e+00 0.000000000e+00 
0.000000000e+00 0.000000000e+00 0.000000000e+00 0.000000000e+00 0.000000000e+00 
0.000000000e+00 3.351969587e-10 2.284375883e-09 1.462768375e-08 8.757396497e-08 
4.874146960e-07 2.504974068e-06 1.178370191e-05 5.008484050e-05 1.881977724e-04 
6.022198277e-04 1.554416624e-03 3.105004662e-03 4.922275246e-03 6.727058101e-03 
8.588512595e-03 1.074241996e-02 1.342562172e-02 1.686536471e-02 2.116439207e-02 
2.607669970e-02 3.079962739e-02 3.403919138e-02 3.448883585e-02 3.148311368e-02 
2.540891972e-02 1.767300461e-02 1.022721011e-02 4.726935068e-03 1.696337088e-03 
4.711942638e-04 1.008328137e-04 1.924893810e-05 4.247547239e-06 9.945306510e-07 
2.223065136e-07 4.626154180e-08 8.960373176e-09 1.621832935e-09 2.754833880e-10 
0.000000000e+00 0.000000000e+00 0.000000000e+00 0.000000000e+00 0.000000000e+00 
0.000000000e+00 0.000000000e+00 0.000000000e+00 0.000000000e+00 0.000000000e+00 
0.000000000e+00 0.000000000e+00 0.000000000e+00 0.000000000e+00 0.000000000e+00 
0.000000000e+00 0.000000000e+00 0.000000000e+00 0.000000000e+00 0.000000000e+00 
0.000000000e+00 0.000000000e+00 0.000000000e+00 0.000000000e+00 0.000000000e+00 
0.000000000e+00 0.000000000e+00 0.000000000e+00 0.000000000e+00 0.000000000e+00 
0.000000000e+00 0.000000000e+00 0.000000000e+00 0.000000000e+00 0.000000000e+00 
0.000000000e+00 0.000000000e+00 0.000000000e+00 0.000000000e+00 0.000000000e+00 
0.000000000e+00 0.000000000e+00 0.000000000e+00 0.000000000e+00 0.000000000e+00 
0.000000000e+00 0.000000000e+00 0.000000000e+00 0.000000000e+00 0.000000000e+00 
0.000000000e+00 0.000000000e+00 0.000000000e+00 0.000000000e+00 0.000000000e+00 
0.000000000e+00 0.000000000e+00 0.000000000e+00 0.000000000e+00 0.000000000e+00 
0.000000000e+00 0.000000000e+00 0.000000000e+00 0.000000000e+00 0.000000000e+00 
0.000000000e+00 0.000000000e+00 0.000000000e+00 0.000000000e+00 0.000000000e+00 
0.000000000e+00 0.000000000e+00 0.000000000e+00 0.000000000e+00 0.000000000e+00 
0.000000000e+00 0.000000000e+00 0.000000000e+00 0.000000000e+00 0.000000000e+00 
0.000000000e+00 0.000000000e+00 0.000000000e+00 0.000000000e+00 0.000000000e+00 
massfraction-O2
0.000000000e+00 0.000000000e+00 0.000000000e+00 0.000000000e+00 0.000000000e+00 
0.000000000e+00 0.000000000e+00 0.000000000e+00 0.000000000e+00 0.000000000e+00 
0.000000000e+00 0.000000000e+00 0.000000000e+00 0.000000000e+00 0.000000000e+00 
0.000000000e+00 0.000000000e+00 0.000000000e+00 0.000000000e+00 0.000000000e+00 
0.000000000e+00 0.000000000e+00 0.000000000e+00 0.000000000e+00 0.000000000e+00 
0.000000000e+00 0.000000000e+00 0.000000000e+00 0.000000000e+00 0.000000000e+00 
0.000000000e+00 0.000000000e+00 0.000000000e+00 0.000000000e+00 0.000000000e+00 
0.000000000e+00 9.186751737e-10 8.068363831e-09 6.638833293e-08 5.089988182e-07 
3.613296423e-06 2.356518505e-05 1.397086933e-04 7.404185202e-04 3.404287360e-03 
1.290279909e-02 3.777230583e-02 8.217603102e-02 1.371137433e-01 1.904311481e-01 
2.375906320e-01 2.795394982e-01 3.190989243e-01 3.598133461e-01 4.053564679e-01 
4.586260992e-01 5.208286269e-01 5.909032159e-01 6.655543937e-01 7.400036971e-01 
8.091391910e-01 8.685456326e-01 9.152816693e-01 9.485761310e-01 9.702445775e-01 
9.838548569e-01 9.924285071e-01 9.972693235e-01 9.992607590e-01 9.998207219e-01 
9.999545340e-01 9.999871101e-01 9.999959953e-01 9.999987102e-01 9.999995875e-01 
9.999998718e-01 9.999999616e-01 9.999999890e-01 9.999999969e-01 9.999999992e-01 
9.999999998e-01 9.999999999e-01 1.000000000e+00 1.000000000e+00 1.000000000e+00 
1.000000000e+00 1.000000000e+00 1.000000000e+00 1.000000000e+00 1.000000000e+00 
1.000000000e+00 1.000000000e+00 1.000000000e+00 1.000000000e+00 1.000000000e+00 
1.000000000e+00 1.000000000e+00 1.000000000e+00 1.000000000e+00 1.000000000e+00 
1.000000000e+00 1.000000000e+00 1.000000000e+00 1.000000000e+00 1.000000000e+00 
1.000000000e+00 1.000000000e+00 1.000000000e+00 1.000000000e+00 1.000000000e+00 
1.000000000e+00 1.000000000e+00 1.000000000e+00 1.000000000e+00 1.000000000e+00 
1.000000000e+00 1.000000000e+00 1.000000000e+00 1.000000000e+00 1.000000000e+00 
1.000000000e+00 1.000000000e+00 1.000000000e+00 1.000000000e+00 1.000000000e+00 
1.000000000e+00 1.000000000e+00 1.000000000e+00 1.000000000e+00 1.000000000e+00 
1.000000000e+00 1.000000000e+00 1.000000000e+00 1.000000000e+00 1.000000000e+00 
1.000000000e+00 1.000000000e+00 1.000000000e+00 1.000000000e+00 1.000000000e+00 
1.000000000e+00 1.000000000e+00 1.000000000e+00 1.000000000e+00 1.000000000e+00 
1.000000000e+00 1.000000000e+00 1.000000000e+00 1.000000000e+00 1.000000000e+00 
1.000000000e+00 1.000000000e+00 1.000000000e+00 1.000000000e+00 1.000000000e+00 
1.000000000e+00 1.000000000e+00 1.000000000e+00 1.000000000e+00 1.000000000e+00 
massfraction-OH
0.000000000e+00 0.000000000e+00 0.000000000e+00 0.000000000e+00 0.000000000e+00 
0.000000000e+00 0.000000000e+00 0.000000000e+00 0.000000000e+00 0.000000000e+00 
0.000000000e+00 0.000000000e+00 0.000000000e+00 0.000000000e+00 0.000000000e+00 
0.000000000e+00 0.000000000e+00 0.000000000e+00 0.000000000e+00 0.000000000e+00 
0.000000000e+00 0.000000000e+00 0.000000000e+00 0.000000000e+00 0.000000000e+00 
0.000000000e+00 0.000000000e+00 0.000000000e+00 0.000000000e+00 0.000000000e+00 
0.000000000e+00 0.000000000e+00 0.000000000e+00 0.000000000e+00 0.000000000e+00 
0.000000000e+00 4.480408631e-10 3.132644495e-09 2.061307060e-08 1.270546886e-07 
7.297273434e-07 3.880721052e-06 1.894205892e-05 8.349154087e-05 3.204172718e-04 
9.959893487e-04 2.285439928e-03 3.654321977e-03 4.234285218e-03 4.179112270e-03 
4.363866951e-03 5.545423862e-03 8.208396289e-03 1.253926017e-02 1.818392242e-02 
2.404067344e-02 2.845490745e-02 2.996556846e-02 2.813404080e-02 2.374041628e-02 
1.824484732e-02 1.304315770e-02 8.993818776e-03 6.268619124e-03 4.371476470e-03 
2.575911744e-03 9.376426677e-04 1.912599822e-04 3.829510393e-05 8.571873097e-06 
1.877379903e-06 3.843633152e-07 7.326166304e-08 1.304624445e-08 2.179691183e-09 
3.430019433e-10 0.000000000e+00 0.000000000e+00 0.000000000e+00 0.000000000e+00 
0.000000000e+00 0.000000000e+00 0.000000000e+00 0.000000000e+00 0.000000000e+00 
0.000000000e+00 0.000000000e+00 0.000000000e+00 0.000000000e+00 0.000000000e+00 
0.000000000e+00 0.000000000e+00 0.000000000e+00 0.000000000e+00 0.000000000e+00 
0.000000000e+00 0.000000000e+00 0.000000000e+00 0.000000000e+00 0.000000000e+00 
0.000000000e+00 0.000000000e+00 0.000000000e+00 0.000000000e+00 0.000000000e+00 
0.000000000e+00 0.000000000e+00 0.000000000e+00 0.000000000e+00 0.000000000e+00 
0.000000000e+00 0.000000000e+00 0.000000000e+00 0.000000000e+00 0.000000000e+00 
0.000000000e+00 0.000000000e+00 0.000000000e+00 0.000000000e+00 0.000000000e+00 
0.000000000e+00 0.000000000e+00 0.000000000e+00 0.000000000e+00 0.000000000e+00 
0.000000000e+00 0.000000000e+00 0.000000000e+00 0.000000000e+00 0.000000000e+00 
0.000000000e+00 0.000000000e+00 0.000000000e+00 0.000000000e+00 0.000000000e+00 
0.000000000e+00 0.000000000e+00 0.000000000e+00 0.000000000e+00 0.000000000e+00 
0.000000000e+00 0.000000000e+00 0.000000000e+00 0.000000000e+00 0.000000000e+00 
0.000000000e+00 0.000000000e+00 0.000000000e+00 0.000000000e+00 0.000000000e+00 
0.000000000e+00 0.000000000e+00 0.000000000e+00 0.000000000e+00 0.000000000e+00 
0.000000000e+00 0.000000000e+00 0.000000000e+00 0.000000000e+00 0.000000000e+00 
massfraction-HO2
0.000000000e+00 0.000000000e+00 0.000000000e+00 0.000000000e+00 0.000000000e+00 
0.000000000e+00 0.000000000e+00 0.000000000e+00 0.000000000e+00 0.000000000e+00 
0.000000000e+00 0.000000000e+00 0.000000000e+00 0.000000000e+00 0.000000000e+00 
0.000000000e+00 0.000000000e+00 0.000000000e+00 0.000000000e+00 0.000000000e+00 
0.000000000e+00 0.000000000e+00 0.000000000e+00 0.000000000e+00 0.000000000e+00 
0.000000000e+00 0.000000000e+00 0.000000000e+00 0.000000000e+00 0.000000000e+00 
0.000000000e+00 0.000000000e+00 0.000000000e+00 0.000000000e+00 0.000000000e+00 
0.000000000e+00 0.000000000e+00 1.414685341e-10 1.164889060e-09 8.936197898e-09 
6.343268296e-08 4.127806272e-07 2.424772662e-06 1.247170260e-05 5.280715353e-05 
1.667034419e-04 3.603271101e-04 5.394516276e-04 6.185076296e-04 6.077448452e-04 
5.539499519e-04 4.900685080e-04 4.329638135e-04 3.874640801e-04 3.535809964e-04 
3.295322128e-04 3.132441565e-04 3.033952556e-04 3.002071038e-04 3.060301036e-04 
3.259339007e-04 3.686169512e-04 4.473130139e-04 5.783512675e-04 7.728176997e-04 
1.009931287e-03 1.116531586e-03 7.149209880e-04 2.165405901e-04 4.429343205e-05 
7.428905592e-06 1.096850361e-06 1.469523770e-07 1.814333982e-08 2.083489995e-09 
2.239645042e-10 0.000000000e+00 0.000000000e+00 0.000000000e+00 0.000000000e+00 
0.000000000e+00 0.000000000e+00 0.000000000e+00 0.000000000e+00 0.000000000e+00 
0.000000000e+00 0.000000000e+00 0.000000000e+00 0.000000000e+00 0.000000000e+00 
0.000000000e+00 0.000000000e+00 0.000000000e+00 0.000000000e+00 0.000000000e+00 
0.000000000e+00 0.000000000e+00 0.000000000e+00 0.000000000e+00 0.000000000e+00 
0.000000000e+00 0.000000000e+00 0.000000000e+00 0.000000000e+00 0.000000000e+00 
0.000000000e+00 0.000000000e+00 0.000000000e+00 0.000000000e+00 0.000000000e+00 
0.000000000e+00 0.000000000e+00 0.000000000e+00 0.000000000e+00 0.000000000e+00 
0.000000000e+00 0.000000000e+00 0.000000000e+00 0.000000000e+00 0.000000000e+00 
0.000000000e+00 0.000000000e+00 0.000000000e+00 0.000000000e+00 0.000000000e+00 
0.000000000e+00 0.000000000e+00 0.000000000e+00 0.000000000e+00 0.000000000e+00 
0.000000000e+00 0.000000000e+00 0.000000000e+00 0.000000000e+00 0.000000000e+00 
0.000000000e+00 0.000000000e+00 0.000000000e+00 0.000000000e+00 0.000000000e+00 
0.000000000e+00 0.000000000e+00 0.000000000e+00 0.000000000e+00 0.000000000e+00 
0.000000000e+00 0.000000000e+00 0.000000000e+00 0.000000000e+00 0.000000000e+00 
0.000000000e+00 0.000000000e+00 0.000000000e+00 0.000000000e+00 0.000000000e+00 
0.000000000e+00 0.000000000e+00 0.000000000e+00 0.000000000e+00 0.000000000e+00 
massfraction-H2O
0.000000000e+00 0.000000000e+00 0.000000000e+00 0.000000000e+00 0.000000000e+00 
0.000000000e+00 0.000000000e+00 0.000000000e+00 0.000000000e+00 0.000000000e+00 
0.000000000e+00 0.000000000e+00 0.000000000e+00 0.000000000e+00 0.000000000e+00 
0.000000000e+00 0.000000000e+00 0.000000000e+00 0.000000000e+00 0.000000000e+00 
0.000000000e+00 0.000000000e+00 0.000000000e+00 0.000000000e+00 0.000000000e+00 
0.000000000e+00 0.000000000e+00 0.000000000e+00 0.000000000e+00 0.000000000e+00 
0.000000000e+00 0.000000000e+00 0.000000000e+00 0.000000000e+00 0.000000000e+00 
5.880626359e-10 5.204791134e-09 4.339556602e-08 3.392198564e-07 2.472597339e-06 
1.669887402e-05 1.036531600e-04 5.845262416e-04 2.936206289e-03 1.266563247e-02 
4.415781707e-02 1.163444345e-01 2.260648315e-01 3.390277935e-01 4.258425564e-01 
4.804843015e-01 5.086668626e-01 5.165748090e-01 5.068414895e-01 4.802025518e-01 
4.376802396e-01 3.821834395e-01 3.187483012e-01 2.534527506e-01 1.918719673e-01 
1.380242096e-01 9.409215033e-02 6.060075533e-02 3.674262403e-02 2.082213758e-02 
1.077095087e-02 4.675417468e-03 1.443160650e-03 3.240868394e-04 6.119064313e-05 
1.035684413e-05 1.604738126e-06 2.297404833e-07 3.057918756e-08 3.803513387e-09 
4.440601134e-10 0.000000000e+00 0.000000000e+00 0.000000000e+00 0.000000000e+00 
0.000000000e+00 0.000000000e+00 0.000000000e+00 0.000000000e+00 0.000000000e+00 
0.000000000e+00 0.000000000e+00 0.000000000e+00 0.000000000e+00 0.000000000e+00 
0.000000000e+00 0.000000000e+00 0.000000000e+00 0.000000000e+00 0.000000000e+00 
0.000000000e+00 0.000000000e+00 0.000000000e+00 0.000000000e+00 0.000000000e+00 
0.000000000e+00 0.000000000e+00 0.000000000e+00 0.000000000e+00 0.000000000e+00 
0.000000000e+00 0.000000000e+00 0.000000000e+00 0.000000000e+00 0.000000000e+00 
0.000000000e+00 0.000000000e+00 0.000000000e+00 0.000000000e+00 0.000000000e+00 
0.000000000e+00 0.000000000e+00 0.000000000e+00 0.000000000e+00 0.000000000e+00 
0.000000000e+00 0.000000000e+00 0.000000000e+00 0.000000000e+00 0.000000000e+00 
0.000000000e+00 0.000000000e+00 0.000000000e+00 0.000000000e+00 0.000000000e+00 
0.000000000e+00 0.000000000e+00 0.000000000e+00 0.000000000e+00 0.000000000e+00 
0.000000000e+00 0.000000000e+00 0.000000000e+00 0.000000000e+00 0.000000000e+00 
0.000000000e+00 0.000000000e+00 0.000000000e+00 0.000000000e+00 0.000000000e+00 
0.000000000e+00 0.000000000e+00 0.000000000e+00 0.000000000e+00 0.000000000e+00 
0.000000000e+00 0.000000000e+00 0.000000000e+00 0.000000000e+00 0.000000000e+00 
0.000000000e+00 0.000000000e+00 0.000000000e+00 0.000000000e+00 0.000000000e+00 
massfraction-H2O2
0.000000000e+00 0.000000000e+00 0.000000000e+00 0.000000000e+00 0.000000000e+00 
0.000000000e+00 0.000000000e+00 0.000000000e+00 0.000000000e+00 0.000000000e+00 
0.000000000e+00 0.000000000e+00 0.000000000e+00 0.000000000e+00 0.000000000e+00 
0.000000000e+00 0.000000000e+00 0.000000000e+00 0.000000000e+00 0.000000000e+00 
0.000000000e+00 0.000000000e+00 0.000000000e+00 0.000000000e+00 0.000000000e+00 
0.000000000e+00 0.000000000e+00 0.000000000e+00 0.000000000e+00 0.000000000e+00 
0.000000000e+00 0.000000000e+00 0.000000000e+00 0.000000000e+00 0.000000000e+00 
0.000000000e+00 0.000000000e+00 0.000000000e+00 1.519853985e-10 1.166983539e-09 
8.294998428e-09 5.413394301e-08 3.203422325e-07 1.678517512e-06 7.385936424e-06 
2.446425660e-05 5.223896259e-05 6.540750798e-05 5.114605439e-05 3.011940399e-05 
1.706368591e-05 1.215007100e-05 1.210635984e-05 1.494815578e-05 1.948423310e-05 
2.454433663e-05 2.880847744e-05 3.128964436e-05 3.199603946e-05 3.225991174e-05 
3.481030602e-05 4.384004655e-05 6.412674320e-05 9.675108613e-05 1.310974586e-04 
1.413369210e-04 1.059587872e-04 4.964665100e-05 1.271191376e-05 2.311325595e-06 
3.618846346e-07 5.144343484e-08 6.740462997e-09 8.200118342e-10 0.000000000e+00 
0.000000000e+00 0.000000000e+00 0.000000000e+00 0.000000000e+00 0.000000000e+00 
0.000000000e+00 0.000000000e+00 0.000000000e+00 0.000000000e+00 0.000000000e+00 
0.000000000e+00 0.000000000e+00 0.000000000e+00 0.000000000e+00 0.000000000e+00 
0.000000000e+00 0.000000000e+00 0.000000000e+00 0.000000000e+00 0.000000000e+00 
0.000000000e+00 0.000000000e+00 0.000000000e+00 0.000000000e+00 0.000000000e+00 
0.000000000e+00 0.000000000e+00 0.000000000e+00 0.000000000e+00 0.000000000e+00 
0.000000000e+00 0.000000000e+00 0.000000000e+00 0.000000000e+00 0.000000000e+00 
0.000000000e+00 0.000000000e+00 0.000000000e+00 0.000000000e+00 0.000000000e+00 
0.000000000e+00 0.000000000e+00 0.000000000e+00 0.000000000e+00 0.000000000e+00 
0.000000000e+00 0.000000000e+00 0.000000000e+00 0.000000000e+00 0.000000000e+00 
0.000000000e+00 0.000000000e+00 0.000000000e+00 0.000000000e+00 0.000000000e+00 
0.000000000e+00 0.000000000e+00 0.000000000e+00 0.000000000e+00 0.000000000e+00 
0.000000000e+00 0.000000000e+00 0.000000000e+00 0.000000000e+00 0.000000000e+00 
0.000000000e+00 0.000000000e+00 0.000000000e+00 0.000000000e+00 0.000000000e+00 
0.000000000e+00 0.000000000e+00 0.000000000e+00 0.000000000e+00 0.000000000e+00 
0.000000000e+00 0.000000000e+00 0.000000000e+00 0.000000000e+00 0.000000000e+00 
0.000000000e+00 0.000000000e+00 0.000000000e+00 0.000000000e+00 0.000000000e+00 
PREMIX_CDOT
0.000000000e+00 -7.709573855e-22 -7.635401670e-22 -7.561751819e-22 -7.488547186e-22 
-7.415712230e-22 -7.343172601e-22 -7.270854762e-22 -7.198685614e-22 -7.126592119e-22 
-7.054500917e-22 -6.982337939e-22 -6.910027987e-22 -6.837494303e-22 -6.764658023e-22 
-6.691436593e-22 -6.617728351e-22 -6.543211743e-22 -6.464696048e-22 -6.341732900e-22 
-5.659082751e-22 2.021232429e-22 9.534855810e-21 1.212170305e-19 1.425122051e-18 
1.624410361e-17 1.799043982e-16 1.933143269e-15 2.011680057e-14 2.023237796e-13 
1.962238901e-12 1.830342818e-11 1.636529549e-10 1.395658515e-09 1.125819264e-08 
8.454212750e-08 5.713833162e-07 3.195076594e-06 1.068328981e-05 -4.625317146e-05 
-1.179729982e-03 -9.484307805e-03 1.007888886e-02 1.371178069e+00 1.895559886e+01 
1.290323273e+02 4.650777585e+02 1.001927256e+03 1.535956817e+03 1.949328397e+03 
2.439028374e+03 3.631477371e+03 6.408075605e+03 1.136962861e+04 1.827329085e+04 
2.571730933e+04 3.149102681e+04 3.368880031e+04 3.173369326e+04 2.635591840e+04 
1.893394890e+04 1.115460610e+04 4.957531572e+03 1.926717226e+03 1.780822317e+03 
2.162854662e+03 1.598641850e+03 6.507562412e+02 1.085218185e+02 1.056553116e+01 
8.541319367e-01 6.346553878e-02 4.502005922e-03 3.113396626e-04 2.122779386e-05 
1.434368874e-06 9.624735416e-08 6.418068170e-09 4.254229398e-10 2.803428453e-11 
1.836721296e-12 1.196494080e-13 7.750295135e-15 4.992209959e-16 3.197870625e-17 
2.037272303e-18 1.290875463e-19 8.135680210e-21 5.100410082e-22 3.180868564e-23 
1.973529868e-24 1.218224203e-25 7.482120656e-27 4.572616747e-28 2.780842394e-29 
1.683017002e-30 1.013749061e-31 6.077594738e-33 3.626786459e-34 2.154423405e-35 
1.274057361e-36 7.501117171e-38 4.397160550e-39 2.566602545e-40 1.491816869e-41 
8.635228250e-43 4.978110186e-44 2.858371433e-45 1.634810902e-46 9.314133314e-48 
5.286581318e-49 2.989486009e-50 1.684375775e-51 9.456580489e-53 5.290708844e-54 
2.949919958e-55 1.639288376e-56 9.079908332e-58 5.013267251e-59 2.759344567e-60 
1.514150976e-61 8.284058441e-63 4.519188887e-64 2.458407728e-65 1.333693991e-66 
7.216061062e-68 3.894206689e-69 2.096275754e-70 1.125834048e-71 6.046671606e-73 
3.385112074e-74 3.337210713e-75 1.709648218e-75 1.623022096e-75 1.618420963e-75 
1.618177059e-75 1.618164154e-75 1.618163473e-75 1.618163437e-75 1.618163435e-75 
1.618163435e-75 1.618163435e-75 1.618163435e-75 1.618163435e-75 1.618163435e-75 
1.618163435e-75 1.618163435e-75 1.618163435e-75 1.618163435e-75 1.618163435e-75 
1.618163435e-75 1.618163435e-75 1.618163435e-75 1.618163435e-75 1.618163435e-75 
1.618163435e-75 1.618163435e-75 1.618163435e-75 1.618163435e-75 0.000000000e+00 

